1	1.0930s	7171	7171
2	1.9183s	7490	7490
3	1.8346s	7629	7629
4	1.9461s	7906	7906
5	1.8904s	8149	8149
6	0.0172s	8342	8342
7	0.0170s	8650	8650
8	0.0185s	8673	8673
9	0.0166s	9106	9106
10	0.0151s	9073	9073
11	0.0118s	9137	9137
12	0.0193s	9306	9306
13	0.0113s	9271	9271
14	0.0138s	9356	9356
15	0.0217s	9341	9341
16	0.0149s	9579	9579
17	0.0175s	9787	9787
18	0.0238s	9724	9724
19	0.0195s	10029	10029
20	0.0151s	10093	10093
21	0.0203s	10752	10752
22	0.0220s	11530	11530
23	0.0170s	11796	11796
24	0.0198s	12658	12658
25	0.0216s	12643	12643
26	0.0191s	12550	12550
27	0.0164s	12178	12178
28	0.0255s	11854	11854
29	0.0167s	11731	11731
30	0.0222s	11544	11544
31	0.0288s	11550	11550
32	0.0191s	11606	11606
33	0.0207s	11509	11509
34	0.0250s	11559	11559
35	0.0227s	11500	11500
36	0.0231s	11523	11523
37	0.0255s	11557	11557
38	0.0260s	11505	11505
39	0.0240s	11521	11521
40	0.0279s	11439	11439
41	0.0228s	11423	11423
42	0.0329s	11404	11404
43	0.0245s	11334	11334
44	0.0232s	11307	11307
45	0.0248s	11231	11231
46	0.0291s	11200	11200
47	0.0270s	11171	11171
48	0.0231s	11101	11101
49	0.0271s	11074	11074
50	0.0241s	11001	11001
51	0.0271s	10958	10958
52	0.0308s	10903	10903
53	0.0286s	10839	10839
54	0.0254s	10802	10802
55	0.0236s	10745	10745
56	0.0233s	10711	10711
57	0.0346s	10697	10697
58	0.0240s	10675	10675
59	0.0298s	10720	10720
60	0.0251s	10729	10729
61	0.0335s	10914	10914
62	0.0267s	11311	11311
63	0.0263s	11410	11410
64	0.0277s	11093	11093
65	0.0385s	10893	10893
66	0.0276s	10660	10660
67	0.0295s	10735	10735
68	0.0353s	10702	10702
69	0.0331s	10714	10714
70	0.0282s	10684	10684
71	0.0263s	10659	10659
72	0.0281s	10641	10641
73	0.0365s	10600	10600
74	0.0270s	10546	10546
75	0.0386s	10487	10487
76	0.0302s	10422	10422
77	0.0316s	10383	10383
78	0.0286s	10330	10330
79	0.0367s	10255	10255
80	0.0428s	10249	10249
81	0.0436s	10301	10301
82	0.0436s	10438	10438
83	0.0389s	10305	10305
84	0.0392s	10232	10232
85	0.0320s	10200	10200
86	0.0323s	10211	10211
87	0.0399s	10191	10191
88	0.0397s	10161	10161
89	0.0374s	10138	10138
90	0.0335s	10094	10094
91	0.0391s	10082	10082
92	0.0337s	10071	10071
93	0.0355s	10040	10040
94	0.0459s	10017	10017
95	0.0684s	10045	10045
96	0.0521s	10324	10324
97	0.0654s	10896	10896
98	0.0353s	11326	11326
99	0.0363s	12182	12182
100	0.0363s	12497	12497
101	0.0367s	12946	12946
102	0.0440s	13495	13495
103	0.0417s	13810	13810
104	0.0457s	14524	14524
105	0.0458s	14744	14744
106	0.0431s	15301	15301
107	0.0450s	15927	15927
108	0.0476s	16152	16152
109	0.0491s	16739	16739
110	0.0382s	16838	16838
111	0.0470s	16877	16877
112	0.0484s	16600	16600
113	0.0468s	16325	16325
114	0.0397s	16104	16104
115	0.0469s	15881	15881
116	0.0487s	15933	15933
117	0.0465s	16025	16025
118	0.0458s	15970	15970
119	0.0493s	15706	15706
120	0.0474s	15418	15418
121	0.0515s	15021	15021
122	0.0496s	14774	14774
123	0.0410s	14757	14757
124	0.0486s	14720	14720
125	0.0492s	14590	14590
126	0.0477s	14372	14372
127	2.2308s	11310	27963
128	2.2277s	8859	8859
129	2.2819s	8917	8917
130	2.2443s	8765	8765
131	2.5837s	9144	9144
132	0.0445s	8922	8922
133	0.0539s	8815	8815
134	0.0526s	8735	8735
135	0.0514s	8672	8672
136	0.0539s	8636	8636
137	0.0440s	8639	8639
138	0.0442s	8623	8623
139	0.0434s	8618	8618
140	0.0555s	8598	8598
141	0.0454s	8633	8633
142	0.0569s	8707	8707
143	0.0503s	8747	8747
144	0.0516s	8807	8807
145	0.0629s	8828	8828
146	0.0594s	8937	8937
147	0.0620s	8936	8936
148	0.0453s	8939	8939
149	0.0474s	9020	9020
150	0.0483s	9082	9082
151	0.0479s	9250	9250
152	0.0590s	9575	9575
153	0.0549s	9890	9890
154	0.0498s	10438	10438
155	0.0474s	10467	10467
156	0.0480s	10472	10472
157	0.0496s	10531	10531
158	0.0520s	10647	10647
159	0.0604s	10978	10978
160	0.0574s	11108	11108
161	0.0482s	11240	11240
162	0.0498s	11303	11303
163	0.0658s	11307	11307
164	0.0597s	11336	11336
165	0.0571s	11323	11323
166	0.0638s	11139	11139
167	0.0642s	10996	10996
168	0.0523s	10962	10962
169	0.0520s	10914	10914
170	0.0624s	10888	10888
171	0.0722s	10880	10880
172	0.0529s	10904	10904
173	0.0514s	10906	10906
174	0.0633s	10906	10906
175	0.0518s	10906	10906
176	0.0603s	10898	10898
177	0.0771s	10878	10878
178	0.0829s	10866	10866
179	0.0757s	10854	10854
180	0.0656s	10841	10841
181	0.0871s	10824	10824
182	0.0733s	10822	10822
183	0.0738s	10817	10817
184	0.0658s	10822	10822
185	0.0695s	10817	10817
186	0.0697s	10822	10822
187	0.0700s	10829	10829
188	0.0682s	10818	10818
189	0.0713s	10826	10826
190	0.0700s	10825	10825
191	0.0727s	10837	10837
192	0.0584s	10818	10818
193	0.0730s	10814	10814
194	0.0726s	10811	10811
195	0.0605s	10813	10813
196	2.5340s	18483	23979
197	2.4735s	17574	17574
198	2.5007s	17650	17650
199	2.5023s	17793	17793
200	2.9401s	17336	17336
201	0.0593s	17145	17145
202	0.0610s	16901	16901
203	0.0600s	16741	16741
204	0.0605s	16628	16628
205	0.0588s	16570	16570
