1	141.6398s	473	473
2	1101.4365s	577	577
3	1099.7973s	684	684
4	1111.1155s	852	852
5	1111.6338s	956	956
6	1121.6113s	1253	2063
7	1130.1536s	1505	1505
8	1118.5972s	1538	1538
9	1109.1994s	1817	1817
10	1100.3405s	1824	1824
11	1105.3362s	2036	2968
12	1118.8749s	2331	2331
13	1113.4669s	2273	2273
14	1128.5742s	2705	2705
15	1125.2618s	2677	2677
16	0.1166s	3972	3972
17	0.1087s	4672	4672
18	0.1240s	4553	4553
19	0.1090s	5337	5337
20	0.1109s	5145	5145
21	0.1224s	5703	5703
22	0.1173s	6197	6197
23	0.1185s	5984	5984
24	0.1217s	7144	7144
25	0.1159s	6595	6595
26	0.1213s	7198	7198
27	0.1176s	7036	7036
28	0.1178s	6446	6446
29	0.1150s	6811	6811
30	0.1268s	6390	6390
31	0.1264s	6478	6478
32	0.1234s	6387	6387
33	0.1229s	5972	5972
34	0.1230s	5987	5987
35	0.1229s	5753	5753
36	0.1264s	5938	5938
37	0.1270s	6091	6091
38	0.1260s	5864	5864
39	0.1287s	5945	5945
40	0.1291s	5691	5691
41	0.1428s	5765	5765
42	0.1302s	5771	5771
43	0.1263s	5546	5546
44	0.1322s	5607	5607
45	0.1322s	5382	5382
46	0.1347s	5434	5434
47	0.1289s	5401	5401
48	0.1256s	5184	5184
49	0.1211s	5185	5185
50	0.1169s	4973	4973
51	0.1250s	4924	4924
52	0.1366s	4814	4814
53	0.1279s	4641	4641
54	0.1291s	4560	4560
55	0.1361s	4406	4406
56	0.1362s	4332	4332
57	0.1411s	4342	4342
58	0.1423s	4294	4294
59	0.1442s	4492	4492
60	0.1465s	4510	4510
61	0.1488s	5041	5041
62	0.1490s	5475	5475
63	0.1416s	5272	5272
64	0.1435s	5174	5174
65	0.1485s	5242	5242
66	0.1439s	5182	5182
67	0.1439s	5224	5224
68	0.1464s	5178	5178
69	0.1578s	5189	5189
70	0.1536s	4970	4970
71	0.1425s	4799	4799
72	0.1510s	4650	4650
73	0.1412s	4512	4512
74	0.1480s	4466	4466
75	0.1523s	4306	4306
76	0.1549s	4186	4186
77	0.1587s	4175	4175
78	0.1595s	4208	4208
79	0.1685s	4558	4558
80	0.1666s	4632	4632
81	0.1645s	4756	4756
82	0.1709s	4868	4868
83	0.1642s	4762	4762
84	0.1683s	4751	4751
85	0.1673s	4588	4588
86	0.1704s	4575	4575
87	0.1710s	4543	4543
88	0.1759s	4445	4445
89	0.1710s	4348	4348
90	0.1820s	4224	4224
91	0.1933s	4199	4199
92	0.1979s	4223	4223
93	0.2102s	4187	4187
94	0.1715s	4385	4385
95	0.1713s	4543	4543
96	0.1791s	5033	5033
97	0.1744s	5818	5818
98	0.1664s	5945	5945
99	0.1786s	6632	6632
100	0.1807s	6607	6607
101	0.1836s	6858	6858
102	0.1824s	7291	7291
103	0.1737s	7201	7201
104	0.1828s	7536	7536
105	0.1735s	7329	7329
106	0.1874s	7470	7470
107	0.1919s	7934	7934
108	0.1871s	7943	7943
109	0.1808s	8509	8509
110	0.1886s	8463	8463
111	0.1841s	9256	9256
112	0.1745s	9759	9759
113	0.1800s	9520	9520
114	0.2057s	9789	9789
115	0.2050s	9601	9601
116	0.2005s	10320	10320
117	0.1898s	10781	10781
118	0.1924s	10513	10513
119	0.2012s	10308	10308
120	0.1836s	9765	9765
121	0.1968s	9962	9962
122	0.1892s	10194	10194
123	0.2009s	9785	9785
124	0.1880s	9517	9517
125	0.1912s	9078	9078
126	0.1978s	9233	9233
127	1771.5575s	5831	18925
128	1787.6222s	5219	5219
129	1800.7664s	4999	4999
130	1789.3596s	4512	4512
131	1819.7839s	4434	4434
132	0.1640s	4401	4401
133	0.1969s	4373	4373
134	0.1877s	4352	4352
135	0.1864s	4336	4336
136	0.1961s	4372	4372
137	0.1999s	4458	4458
138	0.2148s	4483	4483
139	0.2133s	4544	4544
140	0.2110s	4538	4538
141	0.2105s	4567	4567
142	0.2114s	4602	4602
143	0.1969s	4632	4632
144	0.2138s	4730	4730
145	0.2173s	4807	4807
146	0.1968s	5027	5027
147	0.2266s	5030	5030
148	0.2081s	5033	5033
149	0.2177s	5160	5160
150	0.2009s	5251	5251
151	0.2225s	5616	5616
152	0.2238s	6169	6169
153	0.2048s	6578	6578
154	0.2208s	7172	7172
155	0.1979s	7095	7095
156	0.2101s	7017	7017
157	0.2124s	6924	6924
158	0.2198s	6915	6915
159	0.2405s	7121	7121
160	0.2333s	7151	7151
161	0.2223s	7273	7273
162	0.2335s	7370	7370
163	0.2240s	7322	7322
164	0.2242s	7274	7274
165	0.2270s	7175	7175
166	0.2369s	6881	6881
167	0.2231s	6581	6581
168	0.2346s	6456	6456
169	0.2385s	6318	6318
170	0.2457s	6217	6217
171	0.2244s	6116	6116
172	0.2260s	6053	6053
173	0.2271s	5990	5990
174	0.2451s	5938	5938
175	0.2374s	5883	5883
176	0.2341s	5826	5826
177	0.2362s	5763	5763
178	0.2279s	5713	5713
179	0.2250s	5660	5660
180	0.2307s	5613	5613
181	0.2271s	5573	5573
182	0.2249s	5536	5536
183	0.2389s	5495	5495
184	0.2475s	5468	5468
185	0.2205s	5438	5438
186	0.2423s	5437	5437
187	0.2308s	5455	5455
188	0.2485s	5443	5443
189	0.2331s	5471	5471
190	0.2375s	5465	5465
191	0.2585s	5485	5485
192	0.2571s	5502	5502
193	0.2479s	5495	5495
194	0.2364s	5514	5514
195	0.2497s	5498	5498
196	2247.4151s	8519	14501
197	2245.8993s	7241	7241
198	2250.2557s	6513	6513
199	2265.7239s	6161	6161
200	2260.4748s	5879	5879
201	0.2192s	6122	6122
202	0.2395s	6186	6186
203	0.2645s	6124	6124
204	0.2432s	6299	6299
205	0.2403s	6104	6104
