1.678825992363597907e+05
1.000000000000000000e+00 4.308786392211914062e-01 7.020378113095037406e+03 0.000000000000000000e+00
2.000000000000000000e+00 4.005262851715087891e-01 7.753578215498732789e+03 -1.980812253516428811e-01
3.000000000000000000e+00 4.997947216033935547e-01 8.754338001569742119e+03 7.856052510757354224e-01
4.000000000000000000e+00 5.168142318725585938e-01 1.059871587440515395e+04 2.623225872465407615e+00
5.000000000000000000e+00 1.266504049301147461e+00 1.067034890460510542e+04 1.491736444345382218e+00
6.000000000000000000e+00 7.935276031494140625e-01 9.968476131046201772e+03 6.729907958627786568e-01
7.000000000000000000e+00 1.911853075027465820e+00 9.648819219840799633e+03 3.800326986928705963e-01
8.000000000000000000e+00 1.843817472457885742e+00 9.350231795726900600e+03 1.271138177738469766e-01
9.000000000000000000e+00 2.226003170013427734e+00 9.159394095357702099e+03 -3.518519077352411789e-02
1.000000000000000000e+01 2.278460979461669922e+00 8.891908985928026596e+03 -2.652694238991614717e-01
1.100000000000000000e+01 2.803567409515380859e+00 8.678486854319775375e+03 -4.474677401893307760e-01
1.200000000000000000e+01 2.709546327590942383e+00 9.611417045836560646e+03 4.558273731020763275e-01
1.300000000000000000e+01 2.890226602554321289e+00 9.722232202154891638e+03 5.441900993946487963e-01
1.400000000000000000e+01 3.100323915481567383e+00 9.469129295864035157e+03 2.650030037652514880e-01
1.500000000000000000e+01 3.691459178924560547e+00 9.113922775329847354e+03 -1.144540964157231139e-01
1.600000000000000000e+01 3.519329071044921875e+00 9.085633381577514228e+03 -1.415463237301836097e-01
1.700000000000000000e+01 3.882700920104980469e+00 8.695454721320089448e+03 -5.720957926656580206e-01
1.800000000000000000e+01 3.820683956146240234e+00 8.455551556311300374e+03 -8.244511189466614542e-01
1.900000000000000000e+01 4.321580410003662109e+00 1.003827427467184680e+04 1.029007410832404545e+00
2.000000000000000000e+01 4.110308647155761719e+00 1.236310827965729004e+04 3.647282943479805528e+00
2.000000000000000000e+01 8.488828182220458984e+00 1.033943320270336699e+04 0.000000000000000000e+00
2.100000000000000000e+01 4.163979053497314453e+00 1.329394634368758307e+04 0.000000000000000000e+00
2.200000000000000000e+01 4.369314432144165039e+00 1.358717204569711066e+04 8.474628211939058131e-01
2.300000000000000000e+01 4.616317033767700195e+00 1.385228198391988917e+04 8.046138651626422167e-01
2.400000000000000000e+01 4.794683456420898438e+00 1.314879224215292743e+04 2.327499048392524805e-01
2.500000000000000000e+01 1.912772560119628906e+01 3.044662767854381309e+04 1.234137474537609513e+01
2.500000000000000000e+01 2.751040458679199219e-01 6.675265917072892989e+03 0.000000000000000000e+00
2.600000000000000000e+01 1.404346203804016113e+01 2.110885236230318333e+04 5.408656682954186223e+00
2.600000000000000000e+01 2.673971652984619141e-01 4.677013816068909364e+03 0.000000000000000000e+00
2.700000000000000000e+01 4.473745822906494141e-01 3.839224895656449007e+03 -1.213760171682222833e+00
2.800000000000000000e+01 4.356293678283691406e-01 4.142338451519662158e+03 -6.286782774233281579e-01
2.900000000000000000e+01 5.711686611175537109e-01 4.841628800107411735e+03 -5.339001894723670316e-02
3.000000000000000000e+01 6.722569465637207031e-01 7.047066431502321393e+03 1.718190635372074837e+00
3.100000000000000000e+01 1.224547624588012695e+00 7.313940729376819036e+03 1.447823901884116138e+00
3.200000000000000000e+01 6.915836334228515625e-01 7.537719157944670769e+03 1.314230166533043365e+00
3.300000000000000000e+01 1.628597736358642578e+00 6.826354364709682159e+03 6.552021108121326431e-01
3.400000000000000000e+01 1.888187408447265625e+00 6.449385847462376660e+03 3.553393646006976492e-01
3.500000000000000000e+01 2.266928911209106445e+00 6.122724791288120286e+03 1.077744508652213606e-01
3.600000000000000000e+01 2.531072139739990234e+00 5.768378370010796971e+03 -1.585291116889394059e-01
3.700000000000000000e+01 2.765123605728149414e+00 5.582670140695925511e+03 -2.959430916042409265e-01
3.800000000000000000e+01 3.099249124526977539e+00 5.504298472867339115e+03 -3.473943991598062442e-01
3.900000000000000000e+01 1.792949485778808594e+01 2.046394035854596586e+04 1.214639935991795738e+01
3.900000000000000000e+01 3.112466335296630859e-01 3.818534110568680717e+03 0.000000000000000000e+00
4.000000000000000000e+01 1.587731814384460449e+01 1.577094727130264982e+04 8.146167436379265325e+00
4.000000000000000000e+01 2.810349464416503906e-01 4.935442412242711725e+03 0.000000000000000000e+00
