1.678636159679802659e+05
1.000000000000000000e+00 3.112227916717529297e-01 6.922116283845257385e+03 0.000000000000000000e+00
2.000000000000000000e+00 3.613774776458740234e-01 7.595872523235271728e+03 -2.570252132384154287e-01
3.000000000000000000e+00 3.408176898956298828e-01 8.403868604116269125e+03 5.098976166063765580e-01
4.000000000000000000e+00 3.234019279479980469e-01 1.074805289453660043e+04 2.980927683693755714e+00
5.000000000000000000e+00 3.109073638916015625e-01 1.086882716080962746e+04 1.582228115091373954e+00
6.000000000000000000e+00 3.472704887390136719e-01 1.030812774552944029e+04 8.495366547895113474e-01
7.000000000000000000e+00 3.152017593383789062e-01 1.020025248042507701e+04 6.837814239553314799e-01
8.000000000000000000e+00 3.074362277984619141e-01 9.907442939578762889e+03 4.303965339656795619e-01
9.000000000000000000e+00 3.138990402221679688e-01 9.608147326627773509e+03 1.937682821258907562e-01
1.000000000000000000e+01 3.103365898132324219e-01 9.281650258481180572e+03 -5.846067284574837236e-02
1.100000000000000000e+01 3.061301708221435547e-01 9.051593845454841357e+03 -2.364953171516519514e-01
1.200000000000000000e+01 2.989265918731689453e-01 9.717935808859563622e+03 3.200866190651053822e-01
1.300000000000000000e+01 3.023519515991210938e-01 9.670292314048250773e+03 2.666187324946727721e-01
1.400000000000000000e+01 3.015325069427490234e-01 9.447887462564098314e+03 5.993542258124125166e-02
1.500000000000000000e+01 3.040904998779296875e-01 9.145621817143484805e+03 -2.198255545138687594e-01
1.600000000000000000e+01 2.970511913299560547e-01 9.041149369986982492e+03 -3.122262101055528483e-01
1.700000000000000000e+01 3.139376640319824219e-01 8.737289197114901981e+03 -5.998056458210631048e-01
1.800000000000000000e+01 3.263437747955322266e-01 8.559419656489471890e+03 -7.552844726301214395e-01
1.900000000000000000e+01 3.261356353759765625e-01 1.025440508652963945e+04 9.883451299599314011e-01
2.000000000000000000e+01 3.001856803894042969e-01 1.243143730373517792e+04 3.145309524093353737e+00
2.000000000000000000e+01 6.221792697906494141e-01 9.837661505881822450e+03 0.000000000000000000e+00
2.100000000000000000e+01 3.311190605163574219e-01 1.277809951308226118e+04 0.000000000000000000e+00
2.200000000000000000e+01 3.026156425476074219e-01 1.315018241012454564e+04 8.860613036201847592e-01
2.300000000000000000e+01 3.170275688171386719e-01 1.411067900511547487e+04 1.206136237507180908e+00
2.400000000000000000e+01 3.012216091156005859e-01 1.294670370383690897e+04 2.592588754507242355e-01
2.500000000000000000e+01 1.530751729011535645e+01 2.713185358805566284e+04 9.051153569032734936e+00
2.500000000000000000e+01 2.921586036682128906e-01 6.692575807754871676e+03 0.000000000000000000e+00
2.600000000000000000e+01 3.232519626617431641e-01 1.902493873306057867e+04 4.504816223067082070e+00
2.600000000000000000e+01 6.597924232482910156e-01 2.222788722020823116e+04 0.000000000000000000e+00
2.700000000000000000e+01 3.298692703247070312e-01 9.561138004835745960e+03 0.000000000000000000e+00
2.800000000000000000e+01 3.268117904663085938e-01 6.579390744658435324e+03 -1.040012039134970978e+00
2.900000000000000000e+01 3.336818218231201172e-01 6.825949181390498779e+03 -7.177393468101547214e-01
3.000000000000000000e+01 3.119513988494873047e-01 8.233761812362845376e+03 -4.135829450264462137e-01
3.100000000000000000e+01 3.182294368743896484e-01 8.925405562501067834e+03 -2.682297715991293630e-01
3.200000000000000000e+01 3.085193634033203125e-01 9.117344323229781367e+03 -2.155977927266278515e-01
3.300000000000000000e+01 3.350982666015625000e-01 8.356031531079237539e+03 -3.421080207611180146e-01
3.400000000000000000e+01 3.050165176391601562e-01 7.884439184681924417e+03 -4.138004458903704608e-01
3.500000000000000000e+01 3.166980743408203125e-01 7.530610931352219268e+03 -4.629639832704099955e-01
3.600000000000000000e+01 3.148622512817382812e-01 7.177566378432914462e+03 -5.140458638082779919e-01
3.700000000000000000e+01 3.104937076568603516e-01 6.971244709531962144e+03 -5.331651003639358288e-01
3.800000000000000000e+01 3.093273639678955078e-01 6.848288554165995265e+03 -5.350505183377942675e-01
3.900000000000000000e+01 3.047144412994384766e-01 1.825181775484514583e+04 2.267420450585824199e+00
4.000000000000000000e+01 3.079547882080078125e-01 1.384309897237940277e+04 9.083182005446577278e-01
