1	0.0000	7188	7180	
2	0.0000	7188	7179	
3	0.0001	7188	7180	
4	0.0000	7187	7179	
5	1.7193	7187	7178	
6	0.0026	7188	7041	
7	0.0014	7189	7032	
8	0.0016	7188	7026	
9	0.0038	7187	7021	
10	0.0012	7189	7020	
11	0.0012	7188	7016	
12	0.0010	7189	7016	
13	0.0010	7188	7012	
14	0.0009	7187	7012	
15	0.0009	7188	7012	
16	0.0010	7189	7010	
17	0.0009	7187	7009	
18	0.0009	7189	7009	
19	0.0011	7187	7006	
20	0.0011	7188	7007	
21	0.0013	7191	7009	
22	0.0012	7188	7006	
23	0.0010	7188	7005	
24	0.0009	7188	7004	
25	0.0010	7188	7004	
26	0.0010	7188	7005	
27	0.0010	7188	7003	
28	0.0010	7191	7006	
29	0.0010	7188	7002	
30	0.0011	7188	7003	
31	0.0011	7188	7002	
32	0.0012	7188	7003	
33	0.0013	7188	7002	
34	0.0011	7189	7001	
35	0.0011	7187	7001	
36	0.0011	7189	7002	
37	0.0011	7188	7001	
38	0.0011	7189	7002	
39	0.0011	7189	7001	
40	0.0011	7188	7000	
41	0.0014	7188	7000	
42	0.0014	7190	7001	
43	0.0019	7187	6999	
44	0.0014	7187	6998	
45	0.0014	7186	6997	
46	0.0015	7188	6998	
47	0.0026	7188	6998	
48	0.0017	7189	6999	
49	0.0016	7187	6997	
50	0.0015	7190	7000	
51	0.0012	7189	6998	
52	0.0015	7188	6998	
53	0.0016	7187	6997	
54	0.0018	7187	6996	
55	0.0015	7189	6999	
56	0.0014	7190	6999	
57	0.0013	7189	6997	
58	0.0012	7188	6997	
59	0.0013	7189	6997	
60	0.0012	7188	6997	
61	0.0018	7190	6997	
62	0.0018	7190	6998	
63	0.0015	7189	6997	
64	0.0014	7189	6997	
65	0.0014	7187	6995	
66	0.0014	7189	6997	
67	0.0013	7189	6997	
68	0.0014	7187	6995	
69	0.0035	7190	6998	
70	0.0015	7187	6995	
71	0.0016	7188	6996	
72	0.0017	7189	6996	
73	0.0016	7187	6994	
74	0.0016	7187	6993	
75	0.0023	7187	6995	
76	0.0016	7190	6996	
77	0.0022	7188	6996	
78	0.0017	7188	6996	
79	0.0017	7188	6995	
80	0.0018	7190	6997	
81	0.0018	7190	6996	
82	0.0017	7189	6996	
83	0.0017	7187	6993	
84	0.0017	7189	6995	
85	0.0017	7189	6996	
86	0.0019	7187	6994	
87	0.0017	7189	6994	
88	0.0017	7188	6994	
89	0.0017	7189	6995	
90	0.0017	7188	6993	
91	0.0026	7190	6996	
92	0.0017	7188	6993	
93	0.0017	7188	6994	
94	0.0017	7189	6994	
95	0.0017	7189	6994	
96	0.0027	7188	6993	
97	0.0017	7190	6995	
98	0.0017	7189	6995	
99	0.0017	7189	6994	
100	0.0016	7189	6994	
101	1.7576	7220	7021	
102	0.0016	7106	
103	0.0022	7103	
104	0.0019	7104	
105	0.0017	7104	
106	0.0034	7102	
107	0.0018	7104	
108	0.0019	7099	
109	0.0023	7102	
110	0.0019	7100	
111	0.0019	7100	
112	0.0018	7095	
113	0.0035	7097	
114	0.0018	7096	
115	0.0017	7097	
116	0.0018	7095	
117	0.0020	7095	
118	0.0020	7095	
119	0.0017	7094	
120	0.0017	7091	
121	0.0017	7094	
122	0.0020	7092	
123	0.0018	7092	
124	0.0018	7091	
125	0.0018	7091	
126	0.0020	7091	
127	0.0021	7089	
128	0.0019	7088	
129	0.0018	7090	
130	0.0019	7089	
131	0.0020	7089	
132	0.0021	7089	
133	0.0021	7088	
134	0.0020	7087	
135	0.0022	7087	
136	0.0019	7087	
137	0.0027	7088	
138	0.0017	7085	
139	0.0019	7087	
140	0.0027	7084	
141	0.0017	7084	
142	0.0017	7085	
143	0.0019	7086	
144	0.0020	7083	
145	0.0018	7083	
146	0.0018	7083	
147	0.0018	7082	
148	0.0022	7083	
149	0.0018	7082	
150	0.0018	7085	
151	0.0019	7083	
152	0.0023	7084	
153	0.0019	7081	
154	0.0017	7082	
155	0.0019	7083	
156	0.0018	7081	
157	0.0017	7081	
158	0.0017	7079	
159	0.0016	7081	
160	0.0015	7080	
161	0.0018	7079	
162	0.0014	7079	
163	0.0014	7079	
164	0.0014	7080	
165	0.0014	7081	
166	0.0020	7077	
167	0.0016	7078	
168	0.0015	7080	
169	0.0015	7077	
170	0.0018	7079	
171	0.0018	7079	
172	0.0014	7079	
173	0.0014	7079	
174	0.0014	7079	
175	0.0018	7077	
176	0.0017	7077	
177	0.0016	7077	
178	0.0016	7076	
179	0.0018	7075	
180	0.0021	7076	
181	0.0017	7076	
182	0.0017	7077	
183	0.0016	7077	
184	0.0021	7077	
185	0.0017	7077	
186	0.0016	7072	
187	0.0016	7075	
188	0.0018	7076	
189	0.0018	7077	
190	0.0017	7074	
191	0.0017	7074	
192	0.0019	7076	
193	0.0018	7073	
194	0.0017	7073	
195	0.0016	7075	
196	0.0017	7075	
197	0.0020	7073	
198	0.0017	7075	
199	0.0017	7074	
200	0.0017	7075	
201	0.0024	7076	7061	7063	7654	
202	0.0001	7073	7058	7061	
203	0.0000	7071	7057	7060	
204	0.0000	7075	7061	7064	
205	1.6018	7074	7059	7061	
206	0.0012	7074	7059	6926	
207	0.0011	7073	7057	6916	
208	0.0011	7073	7058	6911	
209	0.0011	7072	7057	6907	
210	0.0011	7074	7059	6907	
211	0.0011	7074	7060	6905	
212	0.0011	7072	7058	6902	
213	0.0012	7074	7059	6902	
214	0.0014	7074	7059	6900	
215	0.0012	7073	7059	6899	
216	0.0010	7073	7058	6898	
217	0.0011	7074	7058	6899	
218	0.0012	7074	7059	6897	
219	0.0011	7074	7059	6896	
220	0.0011	7072	7058	6894	
221	0.0012	7073	7058	6895	
222	0.0011	7075	7060	6896	
223	0.0013	7073	7059	6894	
224	0.0015	7073	7058	6893	
225	0.0014	7072	7057	6892	
226	0.0013	7073	7059	6893	
227	0.0013	7074	7058	6892	
228	0.0014	7075	7060	6894	
229	0.0013	7075	7060	6893	
230	0.0012	7073	7058	6892	
231	0.0012	7074	7059	6893	
232	0.0014	7073	7058	6891	
233	0.0018	7073	7058	6891	
234	0.0014	7074	7059	6892	
235	0.0014	7074	7058	6891	
236	0.0014	7073	7058	6890	
237	0.0022	7072	7057	6889	
238	0.0013	7076	7060	6893	
239	0.0013	7072	7057	6889	
240	0.0016	7073	7059	6890	
241	0.0014	7073	7059	6890	
242	0.0021	7074	7060	6890	
243	0.0015	7074	7059	6889	
244	0.0014	7074	7058	6889	
245	0.0014	7073	7058	6888	
246	0.0015	7074	7059	6889	
247	0.0020	7074	7059	6889	
248	0.0016	7071	7057	6887	
249	0.0014	7073	7058	6888	
250	0.0014	7074	7058	6889	
251	1.7241	7121	7120	6952	
252	0.0015	7120	6998	
253	0.0026	7121	6997	
254	0.0013	7119	6993	
255	0.0014	7120	6993	
256	0.0018	7122	6994	
257	0.0013	7120	6990	
258	0.0020	7118	6987	
259	0.0013	7120	6987	
260	0.0013	7119	6985	
261	0.0012	7118	6984	
262	0.0015	7120	6984	
263	0.0020	7119	6983	
264	0.0016	7120	6983	
265	0.0016	7120	6983	
266	0.0016	7119	6981	
267	0.0016	7120	6980	
268	0.0016	7121	6982	
269	0.0019	7120	6980	
270	0.0016	7120	6979	
271	0.0017	7120	6978	
272	0.0016	7119	6977	
273	0.0015	7120	6977	
274	0.0014	7119	6976	
275	0.0022	7119	6975	
276	0.0017	7120	6975	
277	0.0016	7121	6975	
278	0.0015	7120	6974	
279	0.0017	7119	6973	
280	0.0028	7118	6972	
281	0.0025	7120	6973	
282	0.0017	7120	6973	
283	0.0017	7120	6972	
284	0.0016	7121	6973	
285	0.0021	7120	6971	
286	0.0017	7121	6972	
287	0.0017	7121	6972	
288	0.0015	7120	6971	
289	0.0017	7120	6971	
290	0.0018	7120	6970	
291	0.0016	7121	6970	
292	0.0013	7121	6970	
293	0.0013	7120	6968	
294	0.0013	7120	6968	
295	0.0013	7121	6969	
296	0.0013	7119	6967	
297	0.0015	7122	6970	
298	0.0015	7119	6967	
299	0.0014	7121	6968	
300	0.0013	7120	6967	
301	0.0013	7122	6969	
302	0.0013	7121	6966	
303	0.0013	7121	6968	
304	0.0016	7119	6967	
305	0.0014	7121	6966	
306	0.0013	7120	6965	
307	0.0013	7121	6966	
308	0.0013	7119	6965	
309	0.0013	7121	6967	
310	0.0015	7121	6965	
311	0.0014	7119	6964	
312	0.0014	7120	6966	
313	0.0013	7119	6964	
314	0.0013	7122	6966	
315	0.0014	7121	6964	
316	0.0015	7119	6963	
317	0.0018	7121	6965	
318	0.0017	7119	6964	
319	0.0016	7119	6963	
320	0.0014	7120	6964	
321	0.0020	7121	6964	
322	0.0018	7119	6962	
323	0.0015	7120	6963	
324	0.0017	7121	6963	
325	0.0017	7121	6963	
326	0.0019	7119	6961	
327	0.0017	7121	6962	
328	0.0018	7119	6962	
329	0.0017	7119	6961	
330	0.0026	7121	6963	
331	0.0018	7119	6961	
332	0.0015	7120	6961	
333	0.0017	7120	6961	
334	0.0017	7120	6960	
335	0.0020	7122	6963	
336	0.0018	7119	6960	
337	0.0017	7121	6961	
338	0.0016	7119	6961	
339	0.0018	7121	6961	
340	0.0019	7120	6961	
341	0.0016	7120	6961	
342	0.0018	7120	6960	
343	0.0020	7121	6960	
344	0.0034	7121	6960	
345	0.0019	7120	6959	
346	0.0021	7120	6960	
347	0.0019	7120	6959	
348	0.0020	7121	6960	
349	0.0017	7121	6961	
350	0.0019	7119	6959	
351	0.0017	7119	6959	
352	0.0018	7121	6961	
353	0.0021	7119	6958	
354	0.0016	7122	6960	
355	0.0026	7122	6961	
356	0.0020	7119	6958	
357	0.0020	7120	6958	
358	0.0018	7120	6958	
359	0.0019	7121	6959	
360	0.0019	7119	6958	
361	0.0022	7119	6958	
362	0.0019	7121	6959	
363	0.0017	7120	6957	
364	0.0019	7120	6957	
365	0.0022	7121	6960	
366	0.0019	7122	6960	
367	0.0019	7119	6956	
368	0.0018	7120	6958	
369	0.0025	7120	6957	
370	0.0020	7120	6958	
371	0.0020	7119	6956	
372	0.0018	7121	6958	
373	0.0019	7120	6958	
374	0.0019	7119	6957	
375	0.0019	7122	6959	
376	0.0018	7120	6956	
377	0.0020	7120	6956	
378	0.0018	7121	6958	
379	0.0018	7121	6958	
380	0.0019	7120	6956	
381	0.0020	7121	6957	
382	0.0018	7121	6957	
383	0.0018	7123	6959	
384	0.0020	7121	6957	
385	0.0021	7121	6956	
386	0.0018	7120	6956	
387	0.0019	7122	6958	
388	0.0021	7118	6955	
389	0.0020	7120	6955	
390	0.0020	7120	6955	
391	0.0017	7120	6956	
392	0.0021	7120	6956	
393	0.0017	7118	6954	
394	0.0016	7120	6956	
395	0.0017	7120	6956	
396	0.0016	7119	6954	
397	0.0019	7120	6955	
398	0.0017	7121	6955	
399	0.0017	7120	6955	
400	0.0017	7120	6956	
401	0.0020	7121	6956	
402	0.0017	7119	6953	
403	0.0018	7121	6956	
404	0.0017	7119	6954	
405	0.0019	7119	6954	
406	0.0017	7121	6956	
407	0.0017	7119	6954	
408	0.0016	7120	6954	
409	0.0026	7119	6953	
410	0.0018	7121	6956	
411	0.0017	7120	6955	
412	0.0017	7121	6955	
413	0.0019	7121	6954	
414	0.0017	7122	6956	
415	0.0017	7120	6954	
416	0.0017	7122	6956	
417	0.0020	7121	6955	
418	0.0018	7120	6955	
419	0.0018	7121	6955	
420	0.0020	7120	6954	
421	0.0022	7122	6956	
422	0.0021	7120	6954	
423	0.0020	7120	6953	
424	0.0025	7121	6955	
425	0.0021	7120	6954	
426	0.0021	7121	6955	
427	0.0022	7120	6953	
428	0.0023	7121	6954	
429	0.0021	7120	6953	
430	0.0021	7120	6953	
431	0.0022	7120	6954	
432	0.0021	7121	6954	
433	0.0021	7121	6953	
434	0.0022	7120	6953	
435	0.0019	7120	6953	
436	0.0018	7123	6955	
437	0.0020	7120	6953	
438	0.0020	7121	6954	
439	0.0019	7122	6955	
440	0.0019	7121	6954	
441	0.0022	7120	6953	
442	0.0020	7120	6953	
443	0.0019	7121	6952	
444	0.0019	7120	6953	
445	0.0021	7119	6952	
446	0.0019	7120	6952	
447	0.0019	7122	6954	
448	0.0025	7118	6951	
449	0.0020	7120	6953	
450	0.0019	7121	6953	
451	0.0021	7120	6952	
452	0.0020	7123	6954	
453	0.0019	7121	6954	
454	0.0019	7119	6951	
455	0.0022	7119	6951	
456	0.0020	7119	6952	
457	0.0020	7120	6952	
458	0.0022	7122	6954	
459	0.0021	7120	6953	
460	0.0020	7119	6952	
461	0.0019	7119	6952	
462	0.0022	7118	6950	
463	0.0020	7121	6952	
464	0.0019	7121	6952	
465	0.0023	7120	6952	
466	0.0020	7120	6952	
467	0.0019	7120	6952	
468	0.0026	7120	6952	
469	0.0024	7122	6953	
470	0.0022	7119	6951	
471	0.0024	7120	6951	
472	0.0024	7121	6951	
473	0.0022	7121	6953	
474	0.0025	7120	6951	
475	0.0023	7121	6953	
476	0.0023	7120	6951	
477	0.0023	7121	6953	
478	0.0023	7120	6952	
479	0.0020	7121	6952	
480	0.0026	7121	6952	
481	0.0022	7121	6952	
482	0.0023	7118	6949	
483	0.0025	7119	6951	
484	0.0024	7120	6951	
485	0.0023	7120	6951	
486	0.0026	7121	6952	
487	0.0024	7119	6950	
488	0.0023	7119	6950	
489	0.0025	7121	6951	
490	0.0022	7120	6950	
491	0.0023	7120	6951	
492	0.0024	7122	6952	
493	0.0023	7120	6951	
494	0.0025	7121	6950	
495	0.0025	7120	6950	
496	0.0021	7119	6950	
497	0.0023	7121	6951	
498	0.0021	7122	6951	
499	0.0020	7119	6950	
500	0.0022	7119	6950	
501	1.9078	7160	7000	
502	0.0022	7027	
503	0.0024	7026	
504	0.0022	7025	
505	0.0021	7026	
506	0.0024	7027	
507	0.0023	7025	
508	0.0021	7025	
509	0.0026	7025	
510	0.0022	7024	
511	0.0022	7023	
512	0.0025	7024	
513	0.0022	7023	
514	0.0021	7024	
515	0.0025	7024	
516	0.0022	7023	
517	0.0022	7025	
518	0.0023	7023	
519	0.0022	7022	
520	0.0023	7023	
521	0.0024	7023	
522	0.0021	7020	
523	0.0026	7022	
524	0.0023	7020	
525	0.0024	7021	
526	0.0025	7022	
527	0.0023	7020	
528	0.0022	7020	
529	0.0024	7020	
530	0.0022	7019	
531	0.0025	7020	
532	0.0024	7020	
533	0.0023	7018	
534	0.0028	7019	
535	0.0024	7019	
536	0.0022	7019	
537	0.0024	7017	
538	0.0022	7019	
539	0.0025	7019	
540	0.0024	7018	
541	0.0023	7017	
542	0.0028	7017	
543	0.0024	7018	
544	0.0022	7017	
545	0.0025	7020	
546	0.0024	7016	
547	0.0027	7017	
548	0.0024	7017	
549	0.0023	7015	
550	0.0026	7016	
551	0.0024	7015	
552	0.0024	7015	
553	0.0025	7017	
554	0.0023	7016	
555	0.0027	7016	
556	0.0024	7016	
557	0.0023	7015	
558	0.0024	7017	
559	0.0023	7012	
560	0.0027	7016	
561	0.0024	7014	
562	0.0024	7014	
563	0.0026	7014	
564	0.0023	7015	
565	0.0032	7013	
566	0.0027	7014	
567	0.0030	7012	
568	0.0026	7012	
569	0.0027	7014	
570	0.0029	7011	
571	0.0025	7013	
572	0.0029	7013	
573	0.0028	7013	
574	0.0033	7013	
575	0.0024	7013	
576	0.0023	7011	
577	0.0028	7014	
578	0.0027	7011	
579	0.0030	7014	
580	0.0024	7012	
581	0.0025	7010	
582	0.0024	7012	
583	0.0023	7012	
584	0.0028	7011	
585	0.0023	7012	
586	0.0027	7012	
587	0.0025	7010	
588	0.0023	7011	
589	0.0024	7012	
590	0.0023	7011	
591	0.0030	7008	
592	0.0025	7010	
593	0.0028	7009	
594	0.0026	7009	
595	0.0025	7010	
596	0.0027	7010	
597	0.0026	7010	
598	0.0030	7009	
599	0.0026	7009	
600	0.0029	7008	
601	0.0030	7114	7695	
602	0.0000	7116	
603	0.0000	7116	
604	0.0000	7115	
605	1.6272	7117	
606	0.0009	7000	
607	0.0008	6991	
608	0.0008	6985	
609	0.0008	6983	
610	0.0008	6981	
611	0.0008	6978	
612	0.0008	6975	
613	0.0008	6975	
614	0.0008	6974	
615	0.0008	6972	
616	0.0008	6973	
617	0.0008	6972	
618	0.0011	6969	
619	0.0013	6968	
620	0.0009	6970	
621	0.0009	6968	
622	0.0009	6969	
623	0.0009	6969	
624	0.0009	6966	
625	0.0008	6968	
626	0.0009	6966	
627	0.0009	6965	
628	0.0009	6965	
629	0.0009	6965	
630	0.0009	6964	
631	0.0010	6964	
632	0.0011	6964	
633	0.0011	6965	
634	0.0010	6963	
635	0.0010	6965	
636	0.0010	6963	
637	0.0010	6964	
638	0.0010	6964	
639	0.0010	6962	
640	0.0010	6961	
641	0.0010	6965	
642	0.0010	6963	
643	0.0012	6960	
644	0.0013	6964	
645	0.0011	6961	
646	0.0010	6962	
647	0.0010	6962	
648	0.0010	6962	
649	0.0010	6963	
650	0.0011	6961	
651	0.0011	6964	
652	0.0012	6962	
653	0.0014	6962	
654	0.0011	6959	
655	0.0012	6962	
656	0.0011	6961	
657	0.0011	6960	
658	0.0011	6958	
659	0.0011	6961	
660	0.0011	6960	
661	0.0011	6959	
662	0.0013	6958	
663	0.0013	6959	
664	0.0011	6960	
665	0.0011	6959	
666	0.0011	6958	
667	0.0012	6959	
668	0.0012	6959	
669	0.0012	6959	
670	0.0016	6956	
671	0.0026	6959	
672	0.0012	6959	
673	0.0012	6959	
674	0.0012	6959	
675	0.0012	6960	
676	0.0012	6959	
677	0.0012	6958	
678	0.0016	6960	
679	0.0013	6959	
680	0.0012	6959	
681	0.0012	6959	
682	0.0012	6958	
683	0.0012	6957	
684	0.0012	6957	
685	0.0014	6958	
686	0.0014	6959	
687	0.0013	6957	
688	0.0013	6958	
689	0.0013	6956	
690	0.0013	6958	
691	0.0013	6957	
692	0.0014	6959	
693	0.0014	6958	
694	0.0013	6956	
695	0.0013	6956	
696	0.0013	6957	
697	0.0013	6958	
698	0.0014	6958	
699	0.0020	6959	
700	0.0014	6958	
701	0.0017	7141	7785	
702	0.0000	7141	
703	0.0000	7141	
704	0.0000	7142	
705	1.5581	7140	
706	0.0013	7029	
707	0.0008	7021	
708	0.0008	7015	
709	0.0008	7013	
710	0.0008	7012	
711	0.0008	7010	
712	0.0008	7007	
713	0.0008	7006	
714	0.0008	7005	
715	0.0008	7005	
716	0.0008	7004	
717	0.0009	7004	
718	0.0008	7002	
719	0.0008	7001	
720	0.0009	7001	
721	0.0009	7001	
722	0.0012	6999	
723	0.0009	6999	
724	0.0009	6998	
725	0.0009	7001	
726	0.0009	6998	
727	0.0009	6998	
728	0.0009	6998	
729	0.0009	6999	
730	0.0009	6998	
731	0.0009	6997	
732	0.0009	6997	
733	0.0009	6995	
734	0.0011	6997	
735	0.0011	6994	
736	0.0011	6996	
737	0.0010	6997	
738	0.0010	6995	
739	0.0010	6995	
740	0.0010	6994	
741	0.0010	6997	
742	0.0010	6994	
743	0.0010	6995	
744	0.0011	6996	
745	0.0012	6994	
746	0.0012	6996	
747	0.0011	6994	
748	0.0011	6995	
749	0.0010	6993	
750	0.0010	6994	
751	0.0014	7172	7176	7166	7793	
752	0.0000	7171	7175	7165	
753	0.0000	7172	7177	7166	
754	0.0000	7173	7176	7167	
755	1.7127	7172	7176	7166	
756	0.0009	7173	7177	7046	
757	0.0008	7172	7176	7038	
758	0.0008	7171	7175	7033	
759	0.0008	7170	7174	7029	
760	0.0008	7171	7175	7027	
761	0.0008	7171	7176	7027	
762	0.0008	7173	7177	7026	
763	0.0010	7172	7176	7025	
764	0.0009	7170	7174	7022	
765	0.0009	7171	7175	7023	
766	0.0008	7172	7175	7022	
767	0.0008	7171	7176	7021	
768	0.0009	7171	7175	7020	
769	0.0008	7170	7174	7020	
770	0.0008	7172	7176	7021	
771	0.0009	7172	7177	7021	
772	0.0008	7172	7176	7020	
773	0.0009	7173	7177	7020	
774	0.0009	7170	7173	7016	
775	0.0009	7172	7175	7019	
776	0.0009	7171	7176	7018	
777	0.0009	7172	7176	7019	
778	0.0013	7172	7176	7018	
779	0.0010	7171	7175	7017	
780	0.0009	7170	7175	7017	
781	0.0009	7170	7175	7016	
782	0.0009	7171	7174	7016	
783	0.0009	7171	7174	7015	
784	0.0010	7173	7177	7018	
785	0.0010	7172	7178	7017	
786	0.0013	7170	7174	7015	
787	0.0010	7173	7176	7016	
788	0.0010	7170	7174	7014	
789	0.0014	7169	7174	7014	
790	0.0011	7170	7174	7015	
791	0.0013	7170	7174	7014	
792	0.0013	7172	7176	7016	
793	0.0013	7172	7175	7015	
794	0.0013	7171	7175	7014	
795	0.0012	7173	7176	7015	
796	0.0014	7171	7175	7014	
797	0.0014	7171	7175	7015	
798	0.0012	7171	7176	7014	
799	0.0011	7171	7175	7014	
800	0.0011	7172	7176	7014	
801	1.5997	7196	7209	7046	
802	0.0012	7197	7094	
803	0.0011	7198	7093	
804	0.0012	7196	7090	
805	0.0017	7198	7091	
806	0.0014	7192	7085	
807	0.0012	7196	7087	
808	0.0011	7195	7086	
809	0.0012	7197	7087	
810	0.0012	7195	7085	
811	0.0012	7197	7085	
812	0.0012	7196	7084	
813	0.0016	7197	7083	
814	0.0013	7195	7081	
815	0.0012	7195	7080	
816	0.0011	7197	7083	
817	0.0013	7195	7079	
818	0.0011	7196	7080	
819	0.0012	7195	7078	
820	0.0011	7195	7079	
821	0.0013	7198	7080	
822	0.0013	7196	7078	
823	0.0012	7196	7079	
824	0.0012	7196	7078	
825	0.0012	7196	7077	
826	0.0012	7199	7079	
827	0.0012	7196	7078	
828	0.0013	7196	7077	
829	0.0013	7197	7075	
830	0.0014	7198	7078	
831	0.0013	7197	7076	
832	0.0013	7197	7077	
833	0.0013	7196	7075	
834	0.0013	7197	7076	
835	0.0012	7198	7076	
836	0.0014	7198	7075	
837	0.0014	7196	7074	
838	0.0013	7196	7073	
839	0.0013	7198	7074	
840	0.0012	7195	7071	
841	0.0012	7198	7074	
842	0.0013	7196	7072	
843	0.0015	7196	7071	
844	0.0014	7195	7072	
845	0.0013	7196	7072	
846	0.0013	7195	7071	
847	0.0013	7197	7072	
848	0.0013	7196	7072	
849	0.0013	7196	7071	
850	0.0015	7198	7073	
851	0.0014	7195	7069	
852	0.0014	7195	7070	
853	0.0014	7194	7070	
854	0.0013	7195	7070	
855	0.0013	7195	7069	
856	0.0014	7197	7071	
857	0.0014	7198	7071	
858	0.0014	7195	7070	
859	0.0014	7196	7070	
860	0.0013	7198	7072	
861	0.0013	7196	7069	
862	0.0015	7196	7069	
863	0.0016	7196	7070	
864	0.0014	7197	7072	
865	0.0014	7198	7071	
866	0.0013	7196	7070	
867	0.0014	7196	7069	
868	0.0015	7196	7069	
869	0.0015	7196	7069	
870	0.0014	7196	7070	
871	0.0014	7195	7068	
872	0.0015	7195	7068	
873	0.0014	7196	7068	
874	0.0019	7195	7068	
875	0.0014	7197	7070	
876	0.0013	7196	7068	
877	0.0017	7194	7066	
878	0.0016	7195	7067	
879	0.0021	7195	7067	
880	0.0018	7195	7066	
881	0.0017	7193	7065	
882	0.0018	7194	7066	
883	0.0018	7196	7067	
884	0.0018	7197	7069	
885	0.0018	7197	7067	
886	0.0017	7197	7068	
887	0.0018	7197	7069	
888	0.0017	7196	7068	
889	0.0020	7196	7067	
890	0.0018	7198	7068	
891	0.0021	7195	7066	
892	0.0019	7196	7067	
893	0.0020	7197	7068	
894	0.0019	7197	7067	
895	0.0018	7196	7067	
896	0.0019	7197	7068	
897	0.0030	7196	7067	
898	0.0020	7196	7066	
899	0.0015	7194	7064	
900	0.0021	7198	7068	
901	0.0020	7196	7066	
902	0.0020	7197	7067	
903	0.0019	7197	7067	
904	0.0021	7197	7067	
905	0.0019	7194	7065	
906	0.0018	7195	7065	
907	0.0016	7196	7066	
908	0.0017	7197	7067	
909	0.0017	7196	7067	
910	0.0017	7196	7066	
911	0.0017	7196	7066	
912	0.0015	7195	7065	
913	0.0019	7195	7065	
914	0.0020	7197	7066	
915	0.0022	7197	7066	
916	0.0016	7195	7065	
917	0.0021	7196	7066	
918	0.0022	7195	7064	
919	0.0019	7195	7065	
920	0.0016	7196	7066	
921	0.0019	7197	7066	
922	0.0017	7197	7066	
923	0.0027	7197	7066	
924	0.0017	7198	7067	
925	0.0016	7197	7066	
926	0.0019	7196	7065	
927	0.0019	7197	7066	
928	0.0018	7196	7065	
929	0.0017	7196	7065	
930	0.0019	7196	7065	
931	0.0018	7195	7063	
932	0.0017	7198	7066	
933	0.0016	7197	7066	
934	0.0018	7196	7064	
935	0.0018	7197	7065	
936	0.0019	7197	7066	
937	0.0017	7196	7064	
938	0.0018	7198	7066	
939	0.0019	7197	7066	
940	0.0018	7199	7067	
941	0.0018	7197	7064	
942	0.0018	7195	7064	
943	0.0019	7196	7064	
944	0.0020	7196	7064	
945	0.0019	7196	7064	
946	0.0021	7197	7065	
947	0.0022	7194	7062	
948	0.0020	7196	7064	
949	0.0020	7197	7065	
950	0.0022	7196	7064	
951	1.8512	7238	7105	
952	0.0018	7124	
953	0.0018	7123	
954	0.0017	7123	
955	0.0020	7120	
956	0.0018	7121	
957	0.0018	7119	
958	0.0017	7120	
959	0.0019	7119	
960	0.0019	7120	
961	0.0018	7119	
962	0.0017	7119	
963	0.0020	7119	
964	0.0020	7119	
965	0.0018	7118	
966	0.0018	7115	
967	0.0019	7116	
968	0.0018	7117	
969	0.0018	7117	
970	0.0017	7117	
971	0.0018	7117	
972	0.0018	7113	
973	0.0018	7116	
974	0.0018	7114	
975	0.0019	7115	
976	0.0018	7113	
977	0.0018	7113	
978	0.0021	7114	
979	0.0020	7111	
980	0.0017	7113	
981	0.0017	7112	
982	0.0024	7111	
983	0.0022	7112	
984	0.0021	7113	
985	0.0022	7110	
986	0.0023	7111	
987	0.0021	7111	
988	0.0024	7109	
989	0.0023	7112	
990	0.0022	7108	
991	0.0022	7110	
992	0.0020	7111	
993	0.0020	7110	
994	0.0019	7109	
995	0.0024	7109	
996	0.0019	7110	
997	0.0020	7109	
998	0.0019	7108	
999	0.0020	7107	
1000	0.0020	7108	
