1	0.0000	7186	
2	0.0000	7186	
3	0.0000	7186	
4	0.0000	7185	
5	1.6366	7184	
6	0.0031	7071	
7	0.0014	7061	
8	0.0012	7054	
9	0.0013	7049	
10	0.0013	7047	
11	0.0010	7043	
12	0.0015	7043	
13	0.0015	7039	
14	0.0016	7038	
15	0.0016	7037	
16	0.0013	7036	
17	0.0010	7035	
18	0.0013	7034	
19	0.0013	7032	
20	0.0013	7032	
21	0.0013	7033	
22	0.0013	7031	
23	0.0012	7030	
24	0.0016	7029	
25	0.0014	7028	
26	0.0014	7028	
27	0.0013	7027	
28	0.0014	7030	
29	0.0011	7026	
30	0.0013	7026	
31	0.0015	7025	
32	0.0016	7025	
33	0.0014	7025	
34	0.0011	7024	
35	0.0014	7023	
36	0.0014	7024	
37	0.0014	7023	
38	0.0014	7024	
39	0.0012	7023	
40	0.0018	7022	
41	0.0011	7021	
42	0.0011	7023	
43	0.0011	7020	
44	0.0010	7020	
45	0.0011	7019	
46	0.0011	7020	
47	0.0011	7019	
48	0.0012	7021	
49	0.0023	7019	
50	0.0012	7021	
51	0.0011	7020	
52	0.0011	7020	
53	0.0011	7019	
54	0.0010	7017	
55	0.0011	7020	
56	0.0011	7020	
57	0.0011	7019	
58	0.0016	7018	
59	0.0011	7018	
60	0.0010	7018	
61	0.0010	7018	
62	0.0010	7018	
63	0.0010	7018	
64	0.0010	7018	
65	0.0010	7016	
66	0.0013	7017	
67	0.0017	7017	
68	0.0014	7016	
69	0.0014	7018	
70	0.0014	7016	
71	0.0014	7017	
72	0.0014	7016	
73	0.0017	7014	
74	0.0016	7014	
75	0.0014	7015	
76	0.0014	7016	
77	0.0016	7015	
78	0.0015	7015	
79	0.0017	7015	
80	0.0015	7017	
81	0.0015	7015	
82	0.0015	7016	
83	0.0016	7013	
84	0.0012	7015	
85	0.0022	7015	
86	0.0016	7013	
87	0.0016	7014	
88	0.0017	7014	
89	0.0016	7014	
90	0.0016	7013	
91	0.0017	7016	
92	0.0016	7013	
93	0.0016	7013	
94	0.0017	7014	
95	0.0014	7013	
96	0.0018	7013	
97	0.0017	7014	
98	0.0016	7014	
99	0.0016	7014	
100	0.0017	7014	
101	0.0017	7042	
102	0.0023	7042	
103	0.0014	7040	
104	0.0014	7042	
105	0.0014	7042	
106	0.0014	7042	
107	0.0016	7043	
108	0.0014	7040	
109	0.0013	7043	
110	0.0012	7041	
111	0.0014	7042	
112	0.0014	7038	
113	0.0014	7040	
114	0.0020	7039	
115	0.0015	7041	
116	0.0014	7040	
117	0.0015	7040	
118	0.0015	7040	
119	0.0018	7039	
120	0.0018	7037	
121	0.0016	7040	
122	0.0019	7039	
123	0.0018	7038	
124	0.0018	7039	
125	0.0015	7039	
126	0.0014	7038	
127	0.0014	7037	
128	0.0018	7036	
129	0.0019	7039	
130	0.0019	7039	
131	0.0015	7039	
132	0.0017	7038	
133	0.0017	7038	
134	0.0025	7037	
135	0.0015	7038	
136	0.0014	7037	
137	0.0017	7039	
138	0.0020	7036	
139	0.0020	7038	
140	0.0019	7036	
141	0.0018	7036	
142	0.0019	7037	
143	0.0020	7038	
144	0.0016	7034	
145	0.0014	7035	
146	0.0015	7036	
147	0.0015	7035	
148	0.0016	7036	
149	0.0018	7035	
150	0.0016	7038	
151	0.0017	7036	
152	0.0017	7038	
153	0.0018	7035	
154	0.0016	7036	
155	0.0015	7036	
156	0.0016	7035	
157	0.0019	7036	
158	0.0020	7035	
159	0.0016	7034	
160	0.0016	7035	
161	0.0016	7035	
162	0.0017	7034	
163	0.0018	7035	
164	0.0016	7034	
165	0.0016	7036	
166	0.0016	7033	
167	0.0018	7034	
168	0.0017	7035	
169	0.0016	7034	
170	0.0016	7035	
171	0.0016	7035	
172	0.0017	7035	
173	0.0016	7035	
174	0.0016	7035	
175	0.0016	7033	
176	0.0017	7034	
177	0.0017	7034	
178	0.0016	7033	
179	0.0016	7032	
180	0.0016	7033	
181	0.0019	7033	
182	0.0017	7035	
183	0.0017	7034	
184	0.0017	7034	
185	0.0022	7035	
186	0.0018	7030	
187	0.0018	7032	
188	0.0018	7033	
189	0.0020	7035	
190	0.0022	7031	
191	0.0017	7033	
192	0.0020	7034	
193	0.0023	7031	
194	0.0021	7032	
195	0.0020	7034	
196	0.0018	7033	
197	0.0024	7032	
198	0.0021	7033	
199	0.0021	7032	
200	0.0022	7034	
201	0.0027	7077	7659	
202	0.0000	7075	
203	0.0000	7073	
204	0.0000	7077	
205	1.5918	7076	
206	0.0016	6942	
207	0.0014	6929	
208	0.0014	6925	
209	0.0012	6919	
210	0.0023	6919	
211	0.0011	6918	
212	0.0011	6914	
213	0.0011	6915	
214	0.0011	6913	
215	0.0011	6913	
216	0.0011	6912	
217	0.0014	6911	
218	0.0019	6911	
219	0.0010	6911	
220	0.0009	6907	
221	0.0008	6909	
222	0.0008	6911	
223	0.0008	6908	
224	0.0009	6907	
225	0.0009	6906	
226	0.0009	6907	
227	0.0009	6906	
228	0.0009	6908	
229	0.0009	6907	
230	0.0011	6905	
231	0.0012	6906	
232	0.0009	6905	
233	0.0010	6905	
234	0.0011	6905	
235	0.0010	6905	
236	0.0010	6904	
237	0.0010	6903	
238	0.0010	6906	
239	0.0010	6903	
240	0.0010	6904	
241	0.0014	6904	
242	0.0014	6905	
243	0.0011	6904	
244	0.0010	6904	
245	0.0010	6903	
246	0.0010	6904	
247	0.0011	6903	
248	0.0011	6901	
249	0.0011	6902	
250	0.0011	6903	
251	0.0011	6963	
252	0.0013	6963	
253	0.0011	6963	
254	0.0009	6961	
255	0.0010	6962	
256	0.0010	6965	
257	0.0011	6961	
258	0.0011	6959	
259	0.0011	6960	
260	0.0013	6960	
261	0.0014	6959	
262	0.0011	6960	
263	0.0010	6959	
264	0.0010	6960	
265	0.0010	6960	
266	0.0010	6959	
267	0.0010	6959	
268	0.0010	6961	
269	0.0010	6960	
270	0.0018	6959	
271	0.0013	6960	
272	0.0012	6958	
273	0.0012	6959	
274	0.0012	6958	
275	0.0012	6957	
276	0.0012	6958	
277	0.0016	6960	
278	0.0014	6958	
279	0.0013	6958	
280	0.0013	6956	
281	0.0012	6958	
282	0.0013	6959	
283	0.0013	6957	
284	0.0013	6959	
285	0.0014	6957	
286	0.0013	6957	
287	0.0013	6958	
288	0.0013	6957	
289	0.0013	6957	
290	0.0013	6957	
291	0.0013	6958	
292	0.0014	6957	
293	0.0014	6956	
294	0.0013	6956	
295	0.0013	6958	
296	0.0013	6955	
297	0.0013	6959	
298	0.0015	6955	
299	0.0016	6957	
300	0.0014	6956	
301	0.0013	6958	
302	0.0014	6957	
303	0.0013	6957	
304	0.0012	6955	
305	0.0018	6956	
306	0.0013	6956	
307	0.0012	6957	
308	0.0013	6954	
309	0.0013	6957	
310	0.0012	6955	
311	0.0019	6955	
312	0.0014	6956	
313	0.0014	6955	
314	0.0014	6957	
315	0.0013	6956	
316	0.0013	6954	
317	0.0016	6956	
318	0.0015	6955	
319	0.0014	6954	
320	0.0015	6955	
321	0.0014	6955	
322	0.0014	6954	
323	0.0017	6955	
324	0.0015	6955	
325	0.0015	6954	
326	0.0014	6954	
327	0.0015	6956	
328	0.0017	6954	
329	0.0017	6954	
330	0.0015	6955	
331	0.0021	6954	
332	0.0015	6954	
333	0.0017	6954	
334	0.0017	6954	
335	0.0016	6956	
336	0.0015	6954	
337	0.0015	6955	
338	0.0015	6954	
339	0.0019	6955	
340	0.0016	6955	
341	0.0015	6955	
342	0.0015	6953	
343	0.0018	6955	
344	0.0022	6955	
345	0.0017	6953	
346	0.0016	6954	
347	0.0016	6953	
348	0.0017	6955	
349	0.0025	6955	
350	0.0017	6953	
351	0.0015	6953	
352	0.0016	6955	
353	0.0020	6953	
354	0.0017	6954	
355	0.0016	6955	
356	0.0015	6953	
357	0.0015	6953	
358	0.0019	6953	
359	0.0018	6954	
360	0.0019	6953	
361	0.0019	6953	
362	0.0019	6955	
363	0.0017	6953	
364	0.0016	6953	
365	0.0016	6954	
366	0.0017	6955	
367	0.0021	6951	
368	0.0020	6954	
369	0.0020	6953	
370	0.0018	6953	
371	0.0021	6951	
372	0.0019	6955	
373	0.0016	6954	
374	0.0018	6952	
375	0.0021	6955	
376	0.0019	6953	
377	0.0018	6953	
378	0.0018	6954	
379	0.0021	6954	
380	0.0019	6953	
381	0.0017	6954	
382	0.0019	6954	
383	0.0022	6956	
384	0.0020	6953	
385	0.0024	6953	
386	0.0018	6953	
387	0.0022	6954	
388	0.0019	6950	
389	0.0019	6952	
390	0.0021	6952	
391	0.0021	6952	
392	0.0021	6952	
393	0.0020	6950	
394	0.0023	6952	
395	0.0021	6953	
396	0.0021	6951	
397	0.0021	6952	
398	0.0021	6953	
399	0.0021	6952	
400	0.0020	6952	
401	0.0023	6953	
402	0.0022	6951	
403	0.0020	6954	
404	0.0019	6951	
405	0.0022	6952	
406	0.0021	6952	
407	0.0021	6952	
408	0.0022	6952	
409	0.0022	6951	
410	0.0020	6953	
411	0.0020	6952	
412	0.0024	6952	
413	0.0022	6952	
414	0.0021	6953	
415	0.0021	6951	
416	0.0023	6953	
417	0.0021	6953	
418	0.0021	6951	
419	0.0021	6953	
420	0.0023	6951	
421	0.0020	6954	
422	0.0023	6952	
423	0.0023	6951	
424	0.0021	6953	
425	0.0021	6952	
426	0.0024	6952	
427	0.0024	6951	
428	0.0020	6951	
429	0.0024	6951	
430	0.0023	6951	
431	0.0022	6952	
432	0.0023	6953	
433	0.0023	6952	
434	0.0019	6952	
435	0.0024	6952	
436	0.0022	6953	
437	0.0021	6951	
438	0.0021	6953	
439	0.0024	6953	
440	0.0022	6953	
441	0.0021	6950	
442	0.0021	6951	
443	0.0019	6952	
444	0.0018	6951	
445	0.0018	6950	
446	0.0024	6951	
447	0.0022	6952	
448	0.0022	6949	
449	0.0025	6951	
450	0.0025	6951	
451	0.0023	6951	
452	0.0025	6954	
453	0.0022	6953	
454	0.0022	6951	
455	0.0027	6950	
456	0.0023	6950	
457	0.0022	6951	
458	0.0026	6953	
459	0.0023	6951	
460	0.0023	6950	
461	0.0024	6951	
462	0.0022	6949	
463	0.0022	6952	
464	0.0026	6952	
465	0.0021	6951	
466	0.0022	6951	
467	0.0026	6951	
468	0.0023	6951	
469	0.0021	6952	
470	0.0026	6950	
471	0.0021	6951	
472	0.0022	6951	
473	0.0030	6952	
474	0.0023	6951	
475	0.0021	6952	
476	0.0022	6950	
477	0.0020	6952	
478	0.0020	6952	
479	0.0023	6950	
480	0.0021	6951	
481	0.0020	6952	
482	0.0023	6949	
483	0.0022	6951	
484	0.0021	6950	
485	0.0023	6950	
486	0.0022	6951	
487	0.0020	6950	
488	0.0020	6950	
489	0.0022	6950	
490	0.0020	6950	
491	0.0022	6951	
492	0.0022	6952	
493	0.0021	6950	
494	0.0020	6950	
495	0.0023	6950	
496	0.0021	6950	
497	0.0022	6951	
498	0.0022	6952	
499	0.0021	6950	
500	0.0021	6950	
501	0.0023	6999	
502	0.0021	6999	
503	0.0024	6999	
504	0.0022	6998	
505	0.0024	7000	
506	0.0023	7000	
507	0.0021	6999	
508	0.0022	6999	
509	0.0023	6999	
510	0.0022	6999	
511	0.0023	6997	
512	0.0024	6999	
513	0.0022	6997	
514	0.0025	6999	
515	0.0023	6999	
516	0.0022	6999	
517	0.0024	7000	
518	0.0024	6998	
519	0.0022	6998	
520	0.0026	6999	
521	0.0021	7000	
522	0.0021	6997	
523	0.0022	7000	
524	0.0021	6998	
525	0.0021	6998	
526	0.0023	6999	
527	0.0021	6998	
528	0.0023	6998	
529	0.0022	6997	
530	0.0021	6997	
531	0.0028	6999	
532	0.0022	6999	
533	0.0021	6997	
534	0.0029	6999	
535	0.0026	6998	
536	0.0029	6998	
537	0.0025	6996	
538	0.0026	6999	
539	0.0025	6999	
540	0.0023	6998	
541	0.0022	6997	
542	0.0023	6997	
543	0.0021	6997	
544	0.0025	6998	
545	0.0024	7000	
546	0.0024	6997	
547	0.0030	6998	
548	0.0023	6997	
549	0.0025	6996	
550	0.0024	6998	
551	0.0023	6997	
552	0.0026	6997	
553	0.0023	6998	
554	0.0033	6999	
555	0.0028	6998	
556	0.0027	6999	
557	0.0027	6998	
558	0.0025	6999	
559	0.0027	6995	
560	0.0026	6998	
561	0.0024	6998	
562	0.0029	6997	
563	0.0026	6996	
564	0.0029	6999	
565	0.0026	6996	
566	0.0025	6997	
567	0.0027	6996	
568	0.0026	6997	
569	0.0028	6997	
570	0.0024	6995	
571	0.0029	6997	
572	0.0029	6997	
573	0.0028	6998	
574	0.0031	6998	
575	0.0031	6998	
576	0.0031	6997	
577	0.0030	6999	
578	0.0033	6996	
579	0.0028	6998	
580	0.0029	6997	
581	0.0030	6994	
582	0.0029	6997	
583	0.0030	6997	
584	0.0031	6996	
585	0.0032	6996	
586	0.0029	6997	
587	0.0032	6995	
588	0.0030	6996	
589	0.0032	6998	
590	0.0031	6996	
591	0.0029	6994	
592	0.0030	6997	
593	0.0029	6996	
594	0.0032	6995	
595	0.0030	6995	
596	0.0032	6996	
597	0.0029	6998	
598	0.0031	6996	
599	0.0027	6995	
600	0.0032	6996	
601	0.0033	7137	7695	
602	0.0000	7139	
603	0.0000	7140	
604	0.0000	7139	
605	1.6004	7140	
606	0.0009	7015	
607	0.0008	7006	
608	0.0008	6999	
609	0.0008	6997	
610	0.0008	6994	
611	0.0009	6991	
612	0.0010	6988	
613	0.0010	6988	
614	0.0009	6986	
615	0.0009	6985	
616	0.0008	6986	
617	0.0009	6984	
618	0.0008	6981	
619	0.0009	6979	
620	0.0008	6981	
621	0.0008	6979	
622	0.0008	6980	
623	0.0009	6981	
624	0.0009	6977	
625	0.0009	6979	
626	0.0011	6977	
627	0.0010	6976	
628	0.0011	6975	
629	0.0010	6976	
630	0.0009	6975	
631	0.0009	6975	
632	0.0009	6974	
633	0.0009	6976	
634	0.0010	6973	
635	0.0010	6975	
636	0.0010	6972	
637	0.0010	6974	
638	0.0012	6973	
639	0.0012	6972	
640	0.0011	6972	
641	0.0011	6974	
642	0.0010	6972	
643	0.0011	6970	
644	0.0010	6972	
645	0.0010	6971	
646	0.0010	6971	
647	0.0010	6971	
648	0.0011	6971	
649	0.0021	6972	
650	0.0012	6971	
651	0.0011	6973	
652	0.0011	6971	
653	0.0011	6971	
654	0.0011	6968	
655	0.0011	6970	
656	0.0011	6969	
657	0.0015	6969	
658	0.0013	6968	
659	0.0012	6970	
660	0.0011	6969	
661	0.0012	6968	
662	0.0012	6967	
663	0.0011	6966	
664	0.0011	6968	
665	0.0012	6968	
666	0.0018	6966	
667	0.0012	6967	
668	0.0011	6967	
669	0.0010	6967	
670	0.0010	6966	
671	0.0011	6966	
672	0.0010	6968	
673	0.0010	6967	
674	0.0018	6966	
675	0.0016	6968	
676	0.0015	6967	
677	0.0015	6966	
678	0.0013	6967	
679	0.0015	6967	
680	0.0016	6966	
681	0.0015	6966	
682	0.0013	6966	
683	0.0015	6964	
684	0.0015	6965	
685	0.0015	6965	
686	0.0014	6966	
687	0.0017	6964	
688	0.0016	6966	
689	0.0015	6964	
690	0.0012	6965	
691	0.0015	6964	
692	0.0016	6966	
693	0.0016	6965	
694	0.0014	6964	
695	0.0013	6964	
696	0.0013	6965	
697	0.0013	6965	
698	0.0014	6966	
699	0.0017	6966	
700	0.0019	6964	
701	0.0019	7144	7787	
702	0.0000	7144	
703	0.0000	7143	
704	0.0000	7144	
705	1.5962	7143	
706	0.0009	7017	
707	0.0008	7007	
708	0.0008	7000	
709	0.0008	6998	
710	0.0008	6998	
711	0.0008	6995	
712	0.0008	6992	
713	0.0008	6993	
714	0.0008	6991	
715	0.0008	6991	
716	0.0008	6990	
717	0.0009	6990	
718	0.0011	6989	
719	0.0010	6988	
720	0.0010	6989	
721	0.0009	6987	
722	0.0009	6986	
723	0.0009	6986	
724	0.0008	6985	
725	0.0009	6988	
726	0.0009	6985	
727	0.0009	6985	
728	0.0009	6986	
729	0.0009	6986	
730	0.0009	6986	
731	0.0012	6985	
732	0.0010	6985	
733	0.0010	6983	
734	0.0010	6985	
735	0.0010	6983	
736	0.0010	6984	
737	0.0010	6985	
738	0.0010	6982	
739	0.0010	6983	
740	0.0010	6982	
741	0.0010	6985	
742	0.0011	6983	
743	0.0012	6982	
744	0.0012	6984	
745	0.0010	6982	
746	0.0009	6986	
747	0.0010	6983	
748	0.0009	6984	
749	0.0010	6982	
750	0.0011	6982	
751	0.0012	7173	7790	
752	0.0000	7172	
753	0.0000	7173	
754	0.0000	7174	
755	1.5839	7172	
756	0.0011	7052	
757	0.0010	7043	
758	0.0010	7036	
759	0.0008	7032	
760	0.0008	7030	
761	0.0008	7030	
762	0.0008	7029	
763	0.0008	7027	
764	0.0008	7024	
765	0.0008	7024	
766	0.0010	7023	
767	0.0008	7023	
768	0.0009	7022	
769	0.0009	7020	
770	0.0009	7022	
771	0.0009	7022	
772	0.0011	7020	
773	0.0011	7021	
774	0.0010	7017	
775	0.0009	7020	
776	0.0009	7018	
777	0.0009	7018	
778	0.0010	7018	
779	0.0009	7017	
780	0.0009	7017	
781	0.0009	7017	
782	0.0009	7016	
783	0.0009	7016	
784	0.0012	7017	
785	0.0012	7017	
786	0.0012	7014	
787	0.0011	7016	
788	0.0010	7014	
789	0.0010	7014	
790	0.0010	7013	
791	0.0011	7014	
792	0.0010	7015	
793	0.0010	7014	
794	0.0010	7014	
795	0.0025	7015	
796	0.0012	7013	
797	0.0010	7014	
798	0.0011	7012	
799	0.0010	7013	
800	0.0011	7013	
801	0.0011	7044	
802	0.0011	7044	
803	0.0011	7044	
804	0.0013	7041	
805	0.0012	7044	
806	0.0011	7040	
807	0.0011	7041	
808	0.0011	7040	
809	0.0011	7043	
810	0.0011	7041	
811	0.0012	7042	
812	0.0012	7041	
813	0.0016	7041	
814	0.0015	7039	
815	0.0012	7038	
816	0.0012	7041	
817	0.0011	7039	
818	0.0012	7039	
819	0.0011	7039	
820	0.0012	7039	
821	0.0014	7041	
822	0.0013	7039	
823	0.0012	7039	
824	0.0012	7039	
825	0.0012	7039	
826	0.0012	7040	
827	0.0012	7039	
828	0.0013	7039	
829	0.0016	7038	
830	0.0013	7040	
831	0.0013	7038	
832	0.0013	7039	
833	0.0013	7038	
834	0.0013	7038	
835	0.0013	7039	
836	0.0015	7039	
837	0.0014	7037	
838	0.0013	7037	
839	0.0013	7038	
840	0.0015	7035	
841	0.0013	7039	
842	0.0021	7037	
843	0.0022	7037	
844	0.0017	7036	
845	0.0016	7037	
846	0.0016	7036	
847	0.0018	7037	
848	0.0018	7036	
849	0.0017	7036	
850	0.0014	7037	
851	0.0016	7034	
852	0.0016	7035	
853	0.0018	7034	
854	0.0017	7034	
855	0.0017	7034	
856	0.0017	7037	
857	0.0014	7036	
858	0.0018	7035	
859	0.0019	7035	
860	0.0018	7037	
861	0.0017	7034	
862	0.0017	7034	
863	0.0018	7035	
864	0.0016	7037	
865	0.0017	7037	
866	0.0017	7035	
867	0.0016	7035	
868	0.0017	7035	
869	0.0017	7036	
870	0.0015	7035	
871	0.0014	7033	
872	0.0014	7034	
873	0.0014	7035	
874	0.0016	7034	
875	0.0014	7034	
876	0.0015	7035	
877	0.0013	7032	
878	0.0016	7034	
879	0.0017	7034	
880	0.0019	7032	
881	0.0018	7031	
882	0.0017	7032	
883	0.0017	7033	
884	0.0019	7035	
885	0.0019	7033	
886	0.0014	7034	
887	0.0014	7035	
888	0.0013	7034	
889	0.0013	7033	
890	0.0023	7035	
891	0.0018	7032	
892	0.0018	7033	
893	0.0018	7034	
894	0.0026	7034	
895	0.0016	7034	
896	0.0014	7034	
897	0.0014	7034	
898	0.0014	7033	
899	0.0016	7031	
900	0.0015	7035	
901	0.0015	7034	
902	0.0014	7033	
903	0.0014	7034	
904	0.0014	7032	
905	0.0019	7031	
906	0.0016	7032	
907	0.0016	7033	
908	0.0016	7034	
909	0.0018	7033	
910	0.0017	7033	
911	0.0016	7032	
912	0.0016	7031	
913	0.0016	7032	
914	0.0017	7033	
915	0.0018	7033	
916	0.0016	7031	
917	0.0016	7032	
918	0.0016	7031	
919	0.0018	7032	
920	0.0016	7032	
921	0.0016	7033	
922	0.0016	7033	
923	0.0017	7034	
924	0.0019	7034	
925	0.0016	7033	
926	0.0016	7033	
927	0.0016	7032	
928	0.0017	7032	
929	0.0017	7032	
930	0.0016	7032	
931	0.0016	7030	
932	0.0023	7034	
933	0.0016	7033	
934	0.0015	7032	
935	0.0015	7033	
936	0.0016	7032	
937	0.0020	7032	
938	0.0019	7034	
939	0.0019	7032	
940	0.0021	7034	
941	0.0021	7032	
942	0.0018	7030	
943	0.0020	7032	
944	0.0023	7032	
945	0.0021	7032	
946	0.0020	7031	
947	0.0017	7029	
948	0.0022	7032	
949	0.0020	7032	
950	0.0020	7031	
951	0.0022	7076	
952	0.0023	7076	
953	0.0021	7075	
954	0.0019	7076	
955	0.0031	7074	
956	0.0018	7075	
957	0.0018	7072	
958	0.0017	7075	
959	0.0019	7074	
960	0.0018	7075	
961	0.0017	7075	
962	0.0018	7074	
963	0.0019	7074	
964	0.0018	7074	
965	0.0018	7075	
966	0.0018	7072	
967	0.0021	7074	
968	0.0018	7075	
969	0.0018	7075	
970	0.0020	7075	
971	0.0020	7074	
972	0.0017	7073	
973	0.0017	7076	
974	0.0019	7073	
975	0.0019	7074	
976	0.0017	7073	
977	0.0017	7073	
978	0.0024	7073	
979	0.0021	7072	
980	0.0024	7074	
981	0.0025	7073	
982	0.0022	7073	
983	0.0021	7073	
984	0.0025	7075	
985	0.0022	7071	
986	0.0021	7073	
987	0.0021	7073	
988	0.0023	7071	
989	0.0019	7075	
990	0.0022	7071	
991	0.0023	7073	
992	0.0021	7073	
993	0.0020	7073	
994	0.0022	7072	
995	0.0019	7073	
996	0.0019	7075	
997	0.0021	7072	
998	0.0021	7073	
999	0.0019	7071	
1000	0.0019	7073	
