2.402407152468659356e+07
1.000000000000000000e+00 4.612064361572265625e-02 1.435316912506225635e+05 0.000000000000000000e+00
2.000000000000000000e+00 4.659414291381835938e-02 1.463242562646906881e+05 7.741233232423481159e-01
3.000000000000000000e+00 4.657912254333496094e-02 8.803207443017174955e+04 -1.055362393207760707e+00
4.000000000000000000e+00 3.636002540588378906e-02 1.323256709881074785e+05 4.929059263674164248e-01
5.000000000000000000e+00 2.492141723632812500e-02 1.072840744045834290e+05 -3.856621668525926916e-01
6.000000000000000000e+00 2.366900444030761719e-02 1.259337583087780076e+05 3.242328962474142484e-01
7.000000000000000000e+00 2.390742301940917969e-02 1.405510627550434438e+05 8.787768148408282576e-01
8.000000000000000000e+00 2.422285079956054688e-02 1.372943883123866690e+05 6.557356203536606198e-01
9.000000000000000000e+00 2.421140670776367188e-02 1.373701123755077133e+05 6.099620081266633465e-01
1.000000000000000000e+01 2.385830879211425781e-02 1.455463207370136224e+05 9.279845575867053942e-01
1.100000000000000000e+01 2.457118034362792969e-02 1.545368300664490962e+05 1.250414721025685738e+00
1.200000000000000000e+01 2.436089515686035156e-02 1.657187034422733122e+05 1.609194519790423161e+00
1.300000000000000000e+01 3.583002090454101562e-02 1.519051811169144057e+05 8.391027726008010168e-01
1.400000000000000000e+01 2.335286140441894531e-02 1.604502259356400464e+05 1.145315530880215649e+00
1.500000000000000000e+01 2.333927154541015625e-02 1.422552665109498485e+05 3.093948575956583791e-01
1.600000000000000000e+01 2.331686019897460938e-02 1.575429822994793649e+05 9.504381748644430417e-01
1.700000000000000000e+01 2.364134788513183594e-02 1.932393779610878264e+05 2.426350624420991586e+00
1.800000000000000000e+01 2.329182624816894531e-02 2.173813659355096461e+05 2.952232620301562527e+00
1.900000000000000000e+01 2.372956275939941406e-02 2.749668468860400026e+05 4.208432082810515062e+00
1.900000000000000000e+01 4.722023010253906250e-02 2.256690959431703668e+05 0.000000000000000000e+00
2.000000000000000000e+01 2.423262596130371094e-02 3.340620469670490129e+05 0.000000000000000000e+00
2.100000000000000000e+01 4.039835929870605469e-02 2.378193453152497532e+05 -5.485812748146019491e-01
2.200000000000000000e+01 4.934835433959960938e-02 3.152127550053365412e+05 8.312329509245337533e-01
2.300000000000000000e+01 4.753327369689941406e-02 3.289245121986173908e+05 9.324722055951059074e-01
2.400000000000000000e+01 4.797649383544921875e-02 2.622476398184597492e+05 -4.988836352957348730e-01
2.500000000000000000e+01 8.333539962768554688e-02 3.093277835712688975e+05 5.281853161476158798e-01
2.600000000000000000e+01 6.330132484436035156e-02 3.267278954460616224e+05 8.726439299251783632e-01
2.700000000000000000e+01 5.214810371398925781e-02 2.726784314752302598e+05 -4.530752284150505460e-01
2.800000000000000000e+01 4.799818992614746094e-02 3.411623844280510675e+05 1.227129843017540800e+00
2.900000000000000000e+01 2.637982368469238281e-02 3.536575922767219017e+05 1.378910135087122457e+00
3.000000000000000000e+01 2.505612373352050781e-02 3.426963397287576227e+05 9.598362268234792438e-01
3.100000000000000000e+01 2.451157569885253906e-02 3.341277476729392074e+05 6.889887497319224785e-01
3.200000000000000000e+01 2.445268630981445312e-02 3.114135676682801568e+05 1.161325008766452560e-01
3.300000000000000000e+01 2.430629730224609375e-02 3.076362784292701399e+05 1.957893249020327062e-02
3.400000000000000000e+01 2.473306655883789062e-02 3.329897911966382526e+05 6.639788040886688281e-01
3.500000000000000000e+01 2.436113357543945312e-02 3.180936493274716777e+05 2.484157531806484298e-01
3.600000000000000000e+01 2.548933029174804688e-02 2.534363897391991632e+05 -1.488764959080018269e+00
3.700000000000000000e+01 2.449250221252441406e-02 2.099600681569988374e+05 -2.490343206248148533e+00
3.800000000000000000e+01 2.595877647399902344e-02 2.100864035401641740e+05 -2.089904970033457765e+00
3.900000000000000000e+01 4.833006858825683594e-02 2.687596834299825132e+05 -5.888070919157727401e-01
4.000000000000000000e+01 4.906916618347167969e-02 2.937181594936263864e+05 -2.952237052665318551e-02
4.100000000000000000e+01 3.821730613708496094e-02 2.713530416858636308e+05 -5.255127285664180636e-01
4.200000000000000000e+01 2.493524551391601562e-02 2.620864191615936870e+05 -7.205912450246331202e-01
4.300000000000000000e+01 2.458763122558593750e-02 2.798767125264460919e+05 -2.919465001510208046e-01
4.400000000000000000e+01 2.655696868896484375e-02 2.625977063140796963e+05 -6.881721541799933339e-01
4.500000000000000000e+01 2.387738227844238281e-02 3.056168691148913349e+05 3.438675008033006963e-01
4.600000000000000000e+01 2.427291870117187500e-02 2.921809735219182912e+05 1.503793541377368426e-02
4.700000000000000000e+01 2.412629127502441406e-02 3.314247872371049016e+05 9.728503539274040435e-01
4.800000000000000000e+01 2.673959732055664062e-02 3.048945147516300785e+05 2.920606207350104344e-01
4.900000000000000000e+01 2.456402778625488281e-02 3.017777500388079789e+05 2.094573669953951334e-01
5.000000000000000000e+01 2.401924133300781250e-02 2.950716095844148658e+05 3.666128276181283147e-02
5.100000000000000000e+01 2.396225929260253906e-02 2.948140337965845247e+05 2.948982605791537759e-02
5.200000000000000000e+01 2.503013610839843750e-02 2.782406571073767846e+05 -4.031941356032787138e-01
5.300000000000000000e+01 5.163526535034179688e-02 2.697522056079181493e+05 -6.206931494646789060e-01
5.400000000000000000e+01 4.101300239562988281e-02 3.081102702377537498e+05 4.142971910851938055e-01
5.500000000000000000e+01 2.468419075012207031e-02 3.448464983587404713e+05 1.399175485749118542e+00
5.600000000000000000e+01 2.491354942321777344e-02 3.179847836264749058e+05 6.285170654827019199e-01
5.700000000000000000e+01 2.488827705383300781e-02 3.007696487073285971e+05 1.543632147637629126e-01
5.800000000000000000e+01 2.492260932922363281e-02 3.307201372964340844e+05 9.680395626251503405e-01
5.900000000000000000e+01 2.455306053161621094e-02 3.985241115241125808e+05 2.793486456582915167e+00
6.000000000000000000e+01 2.409291267395019531e-02 3.514734341609785915e+05 1.336322884348154716e+00
6.100000000000000000e+01 2.424931526184082031e-02 3.044830558917882154e+05 1.166668036413868043e-01
6.200000000000000000e+01 2.403306961059570312e-02 2.879509249159853207e+05 -3.034325249149413262e-01
6.300000000000000000e+01 2.412033081054687500e-02 2.855664737871015095e+05 -3.607709828650415007e-01
6.400000000000000000e+01 2.600479125976562500e-02 2.907325342225835775e+05 -2.227135025200585039e-01
6.500000000000000000e+01 2.413153648376464844e-02 3.175912397939623916e+05 4.818013278669737165e-01
6.600000000000000000e+01 2.711248397827148438e-02 3.651947993657165207e+05 1.730375067478894913e+00
6.700000000000000000e+01 3.261828422546386719e-02 4.064025053732527886e+05 2.725105865250381232e+00
6.800000000000000000e+01 3.010320663452148438e-02 4.338688265867829323e+05 3.177736005701910837e+00
6.800000000000000000e+01 5.425620079040527344e-02 1.923238249010165164e+05 0.000000000000000000e+00
6.900000000000000000e+01 2.436232566833496094e-02 1.653728509184900322e+05 0.000000000000000000e+00
7.000000000000000000e+01 2.956295013427734375e-02 2.310160443212811078e+05 2.737425295757883958e+00
7.100000000000000000e+01 5.606937408447265625e-02 2.342704648059234896e+05 1.152646672619684010e+00
7.200000000000000000e+01 5.085372924804687500e-02 3.100030669160692487e+05 3.161554155953991252e+00
7.200000000000000000e+01 1.616220474243164062e-01 1.808377837227198470e+05 0.000000000000000000e+00
7.300000000000000000e+01 2.629160881042480469e-02 1.993172678569014533e+05 0.000000000000000000e+00
7.400000000000000000e+01 2.539713382720947266e-01 2.878364506877982640e+05 7.481377533587170170e+00
7.400000000000000000e+01 3.027915954589843750e-04 4.278679821646431810e+04 0.000000000000000000e+00
7.500000000000000000e+01 2.325558662414550781e-02 1.605462200946945522e+05 3.185144531353237163e+00
7.500000000000000000e+01 4.622340202331542969e-02 1.566733461779846402e+05 0.000000000000000000e+00
7.600000000000000000e+01 2.340674400329589844e-02 1.165892946438725048e+05 0.000000000000000000e+00
7.700000000000000000e+01 2.332353591918945312e-02 1.158653935375886795e+05 -7.326468831258997616e-01
7.800000000000000000e+01 2.329397201538085938e-02 1.035812485607097187e+05 -1.118769531428306818e+00
7.900000000000000000e+01 2.337908744812011719e-02 1.228034392891664756e+05 -1.617511077212257717e-02
8.000000000000000000e+01 2.329158782958984375e-02 1.299795837738019763e+05 3.435334909733203101e-01
8.100000000000000000e+01 2.323555946350097656e-02 1.239168900621404318e+05 -1.830883757536872630e-02
8.200000000000000000e+01 2.405929565429687500e-02 1.616135105091647711e+05 2.261203342503952829e+00
8.300000000000000000e+01 2.508778572082519531e-01 3.477177155344776111e+05 1.081303135044183961e+01
8.300000000000000000e+01 2.977848052978515625e-04 6.046262226492242189e+04 0.000000000000000000e+00
8.400000000000000000e+01 2.559001445770263672e-01 3.264322917305045412e+05 5.513892236851957840e+00
8.400000000000000000e+01 2.958774566650390625e-04 6.751081830989400623e+04 0.000000000000000000e+00
8.500000000000000000e+01 2.917749881744384766e-01 3.460635441031312803e+05 5.128003094752512148e+00
8.500000000000000000e+01 3.044605255126953125e-04 7.342398497444813256e+04 0.000000000000000000e+00
8.600000000000000000e+01 2.317905426025390625e-02 3.269340292662707507e+05 4.175730114142208294e+00
8.600000000000000000e+01 4.597616195678710938e-02 3.123677926846334012e+05 0.000000000000000000e+00
8.700000000000000000e+01 2.299737930297851562e-02 1.378536593640871870e+05 0.000000000000000000e+00
8.800000000000000000e+01 2.312278747558593750e-02 1.588471073693672661e+05 -5.369817699617628337e-01
8.900000000000000000e+01 2.312946319580078125e-02 1.742936084013596992e+05 -3.015386874911543114e-01
9.000000000000000000e+01 1.131560802459716797e-01 2.671199158702217392e+05 9.010474844870858258e-01
9.100000000000000000e+01 2.366209030151367188e-02 1.874033174287964357e+05 -3.003242331421167588e-01
9.200000000000000000e+01 2.318954467773437500e-02 1.919997167566980643e+05 -2.098388062340107996e-01
9.300000000000000000e+01 2.334284782409667969e-02 2.378796037571096385e+05 5.376989450672584603e-01
9.400000000000000000e+01 2.350401878356933594e-02 1.793768507482923160e+05 -4.924609751016326697e-01
9.500000000000000000e+01 3.688263893127441406e-02 2.379590268001166696e+05 5.831891818117830306e-01
9.600000000000000000e+01 2.314257621765136719e-02 2.194155305183402670e+05 2.023247574139593885e-01
9.700000000000000000e+01 2.327156066894531250e-02 2.440005994026254048e+05 6.732796958696749545e-01
9.800000000000000000e+01 2.435588836669921875e-02 1.932764416415888118e+05 -3.830674719915807547e-01
9.900000000000000000e+01 4.744958877563476562e-02 1.717428701555332518e+05 -8.153986770657746241e-01
1.000000000000000000e+02 4.732751846313476562e-02 1.675664369255563361e+05 -8.568120582029070675e-01
1.010000000000000000e+02 4.923248291015625000e-02 2.935799508974009659e+05 1.884697132022433053e+00
1.020000000000000000e+02 4.742431640625000000e-02 2.860906150536612840e+05 1.494900908652559313e+00
1.030000000000000000e+02 5.691313743591308594e-02 2.315454134684120945e+05 3.117038606096489972e-01
1.040000000000000000e+02 2.687168121337890625e-02 2.451548893574711110e+05 5.716320724293015854e-01
1.050000000000000000e+02 2.423453330993652344e-02 2.525199468894274323e+05 7.007193565381957256e-01
1.060000000000000000e+02 2.407097816467285156e-02 2.593405109746467206e+05 8.147052264548088063e-01
1.070000000000000000e+02 2.398252487182617188e-02 2.694655991908853175e+05 9.921240787889088475e-01
1.080000000000000000e+02 2.417755126953125000e-02 3.169715098697769572e+05 1.930314161780240845e+00
1.090000000000000000e+02 2.498579025268554688e-02 3.321514217483674875e+05 2.044298588578992604e+00
1.100000000000000000e+02 5.780649185180664062e-02 2.457171397787330498e+05 2.524009920135585894e-01
1.110000000000000000e+02 2.341985702514648438e-02 2.198468871350040135e+05 -2.383137500560854882e-01
1.120000000000000000e+02 2.340292930603027344e-02 1.578441243902496935e+05 -1.419845894275939546e+00
1.130000000000000000e+02 2.357172966003417969e-02 1.996195437556220277e+05 -5.579995590465788302e-01
1.140000000000000000e+02 2.336978912353515625e-02 2.130039980160146370e+05 -2.902989882727087245e-01
1.150000000000000000e+02 2.375483512878417969e-02 2.017484535441933840e+05 -5.029497588264286723e-01
1.160000000000000000e+02 2.348995208740234375e-02 1.990083190333764942e+05 -5.464075373341146236e-01
1.170000000000000000e+02 2.338242530822753906e-02 2.470362287018313946e+05 4.185529785496454047e-01
1.180000000000000000e+02 2.366018295288085938e-02 2.794475940889609046e+05 1.063419974109727661e+00
1.190000000000000000e+02 4.059672355651855469e-02 3.012548279347245698e+05 1.467936962525840716e+00
1.200000000000000000e+02 4.902434349060058594e-02 4.252088890831602621e+05 3.852866665473933860e+00
1.200000000000000000e+02 9.664273262023925781e-02 1.911520223121093295e+05 0.000000000000000000e+00
1.210000000000000000e+02 4.827117919921875000e-02 1.509776424318318896e+05 0.000000000000000000e+00
1.220000000000000000e+02 2.415704727172851562e-02 1.874175207639322907e+05 5.756453185859001787e-01
1.230000000000000000e+02 2.391934394836425781e-02 2.228747438982546737e+05 2.088684729522843231e+00
1.240000000000000000e+02 2.591991424560546875e-02 2.674028882385726320e+05 2.695085414967639981e+00
1.250000000000000000e+02 2.371215820312500000e-02 2.719703903019906720e+05 1.557326723525223056e+00
1.260000000000000000e+02 2.385187149047851562e-02 2.249148465573476278e+05 2.006611452982708932e-01
1.270000000000000000e+02 2.390718460083007812e-02 2.379579297262722685e+05 4.849050795056773500e-01
1.280000000000000000e+02 2.361536026000976562e-02 2.606600687596121279e+05 9.999155258139591496e-01
1.290000000000000000e+02 2.385425567626953125e-02 2.911969205619948334e+05 1.639105044107769915e+00
1.300000000000000000e+02 2.384901046752929688e-02 2.997938091556754662e+05 1.565820115860405037e+00
1.310000000000000000e+02 2.395653724670410156e-02 4.178808794988298905e+05 3.867024522734169523e+00
1.310000000000000000e+02 4.941320419311523438e-02 2.625805890193644445e+05 0.000000000000000000e+00
1.320000000000000000e+02 4.569101333618164062e-02 3.047396967208177666e+05 0.000000000000000000e+00
1.330000000000000000e+02 4.601383209228515625e-02 2.578528223067848303e+05 -8.656981786139588131e-01
1.340000000000000000e+02 2.467012405395507812e-02 2.506274059757850482e+05 -9.464036198453922299e-01
1.350000000000000000e+02 8.442163467407226562e-02 2.512473596084483434e+05 -7.266926508263373830e-01
1.360000000000000000e+02 2.456903457641601562e-02 2.665088563756763469e+05 4.878417734000960182e-02
1.370000000000000000e+02 2.560782432556152344e-02 2.676512507416649023e+05 1.021081285920104054e-01
1.380000000000000000e+02 2.549290657043457031e-02 2.756972891648857621e+05 5.326089837875342958e-01
1.390000000000000000e+02 2.942411899566650391e-01 6.868334489056558814e+05 2.411855554335202712e+01
1.390000000000000000e+02 3.156661987304687500e-04 3.975726063365003210e+04 0.000000000000000000e+00
1.400000000000000000e+02 2.950246334075927734e-01 2.845412620442164480e+05 8.000154461902676317e+00
1.400000000000000000e+02 3.054141998291015625e-04 5.733388221327798237e+04 0.000000000000000000e+00
1.410000000000000000e+02 2.540879249572753906e-01 3.316834092078490648e+05 6.060075326996446243e+00
1.410000000000000000e+02 2.989768981933593750e-04 5.619384580455088144e+04 0.000000000000000000e+00
1.420000000000000000e+02 2.639422416687011719e-01 3.339717560006752028e+05 6.283646072664231141e+00
1.420000000000000000e+02 2.963542938232421875e-04 6.260076038689207053e+04 0.000000000000000000e+00
1.430000000000000000e+02 2.304506301879882812e-02 1.750914855412304751e+05 1.834170803482544576e+00
1.440000000000000000e+02 2.578401565551757812e-02 1.353115491473369766e+05 2.545370342488158522e-01
1.450000000000000000e+02 4.335927963256835938e-02 1.387583338369622943e+05 3.050187406827665204e-01
1.460000000000000000e+02 2.330207824707031250e-02 1.331949021898536885e+05 1.420896234694101201e-01
1.470000000000000000e+02 2.334499359130859375e-02 1.417936834801798686e+05 3.670440855366838839e-01
1.480000000000000000e+02 2.332353591918945312e-02 1.290255082144346234e+05 -3.708784364171217179e-02
1.490000000000000000e+02 2.310895919799804688e-02 1.711817828409485228e+05 1.312176097722409951e+00
1.500000000000000000e+02 2.564787864685058594e-02 1.523270024527387577e+05 5.460073933356414111e-01
1.510000000000000000e+02 2.317333221435546875e-02 1.733771895864013059e+05 1.192368813322904897e+00
1.520000000000000000e+02 2.327227592468261719e-02 1.770252875703085447e+05 1.184564394467598314e+00
1.530000000000000000e+02 2.947735786437988281e-02 1.582459646234142419e+05 4.819408602845969281e-01
1.540000000000000000e+02 7.883000373840332031e-02 1.708639437921030330e+05 8.702983561634421994e-01
1.550000000000000000e+02 2.334284782409667969e-02 1.565961095069327275e+05 3.483973314092050355e-01
1.560000000000000000e+02 2.656364440917968750e-02 2.062869827127424069e+05 2.024131072574655299e+00
1.570000000000000000e+02 2.452707290649414062e-02 2.415362458591593313e+05 2.838027124401380163e+00
1.580000000000000000e+02 2.341699600219726562e-02 2.555816328645847098e+05 2.616726198291166483e+00
1.590000000000000000e+02 2.352595329284667969e-02 2.258147594012404152e+05 1.470784901024224656e+00
1.600000000000000000e+02 2.362132072448730469e-02 2.229844037804331165e+05 1.291698277493185554e+00
1.610000000000000000e+02 2.333760261535644531e-02 1.803302889478424331e+05 2.771392790625331615e-01
1.620000000000000000e+02 2.348423004150390625e-02 1.801873847284024523e+05 2.670834171521426215e-01
1.630000000000000000e+02 2.348446846008300781e-02 1.757321973520144529e+05 1.588774324378078584e-01
1.640000000000000000e+02 2.491641044616699219e-02 3.000468946227855631e+05 3.064565727731171307e+00
1.640000000000000000e+02 5.072951316833496094e-02 1.949717971728086704e+05 0.000000000000000000e+00
1.650000000000000000e+02 2.347683906555175781e-02 2.096196389563870907e+05 0.000000000000000000e+00
1.660000000000000000e+02 2.355527877807617188e-02 2.261483597164965468e+05 2.302914642371271192e+00
1.670000000000000000e+02 2.369642257690429688e-02 2.205656193110490567e+05 6.615717615728572421e-01
1.680000000000000000e+02 2.542560100555419922e-01 4.308476203355498728e+05 1.586654688567413629e+01
1.680000000000000000e+02 2.987384796142578125e-04 6.011906425082188798e+04 0.000000000000000000e+00
1.690000000000000000e+02 2.336215972900390625e-02 2.909919867700251052e+05 4.723842989574502660e+00
1.690000000000000000e+02 4.630541801452636719e-02 2.871349209259019699e+05 0.000000000000000000e+00
1.700000000000000000e+02 2.297115325927734375e-02 2.600188677171125019e+05 0.000000000000000000e+00
1.710000000000000000e+02 2.320194244384765625e-02 1.477431519073997042e+05 -6.562746567723591440e+00
1.720000000000000000e+02 2.337694168090820312e-02 1.189136345248818834e+05 -1.525195315922328376e+00
1.730000000000000000e+02 2.350997924804687500e-02 1.325183987493782770e+05 -8.590919153688569843e-01
1.740000000000000000e+02 2.387785911560058594e-02 1.785474817774262920e+05 -1.370145886283977987e-01
1.750000000000000000e+02 2.329063415527343750e-02 1.805304088226005842e+05 -9.912201155932091889e-02
1.760000000000000000e+02 2.418088912963867188e-02 2.050837646015287319e+05 2.903470862782344675e-01
1.770000000000000000e+02 2.347826957702636719e-02 2.314433949475784320e+05 7.145447108700176964e-01
1.780000000000000000e+02 2.334618568420410156e-02 2.745001786483714823e+05 1.405643581951316445e+00
1.790000000000000000e+02 2.333879470825195312e-02 2.177572954006684013e+05 2.684346340173826562e-01
1.800000000000000000e+02 2.353262901306152344e-02 1.917974155269631010e+05 -1.978972574397117878e-01
1.810000000000000000e+02 2.342891693115234375e-02 4.644583548311420018e+05 4.804484116180980813e+00
1.810000000000000000e+02 5.337333679199218750e-02 3.551468928188385908e+05 0.000000000000000000e+00
1.820000000000000000e+02 2.336931228637695312e-02 3.597786818929574802e+05 0.000000000000000000e+00
1.830000000000000000e+02 2.337455749511718750e-02 3.487618962085303501e+05 -2.656623189966887288e+00
1.840000000000000000e+02 2.565860748291015625e-02 3.622760930434875190e+05 1.394462826013662449e+00
1.850000000000000000e+02 2.374649047851562500e-02 3.845984921154612093e+05 4.732567198077376247e+00
1.850000000000000000e+02 4.705905914306640625e-02 2.074744342566886917e+05 0.000000000000000000e+00
1.860000000000000000e+02 2.333736419677734375e-02 3.063290453026907635e+05 0.000000000000000000e+00
1.870000000000000000e+02 2.356815338134765625e-02 3.406828544843551354e+05 1.198572200450386482e+00
1.880000000000000000e+02 2.340722084045410156e-02 4.693562875559924869e+05 2.668205294861110577e+00
1.890000000000000000e+02 2.363443374633789062e-02 4.866168662995380000e+05 1.438971765571709138e+00
1.900000000000000000e+02 2.409958839416503906e-02 4.001597146719471784e+05 3.261695649041672085e-01
1.910000000000000000e+02 2.508187294006347656e-02 3.641369494956969866e+05 -4.073865329764982113e-02
1.920000000000000000e+02 2.575016021728515625e-02 3.293087869071682217e+05 -3.996890719491029142e-01
1.930000000000000000e+02 2.350544929504394531e-02 3.474868174022823223e+05 -1.719925660770703912e-01
1.940000000000000000e+02 2.351808547973632812e-02 4.492009136290568858e+05 1.039532716185268324e+00
1.950000000000000000e+02 2.376079559326171875e-02 5.359072183344400255e+05 1.963787755483204611e+00
1.960000000000000000e+02 2.364778518676757812e-02 3.223761234795904020e+05 -6.647440601154903650e-01
1.970000000000000000e+02 2.353882789611816406e-02 2.533961599553455890e+05 -1.377572769484602722e+00
1.980000000000000000e+02 2.365064620971679688e-02 2.392976686816097936e+05 -1.382464394030020527e+00
1.990000000000000000e+02 2.376055717468261719e-02 3.414098801771096187e+05 -1.993459626624657921e-01
2.000000000000000000e+02 2.364087104797363281e-02 3.876708652228023857e+05 2.990859550451572257e-01
2.010000000000000000e+02 1.217434406280517578e-01 3.924985288545008516e+05 3.423445929072041483e-01
2.020000000000000000e+02 2.513265609741210938e-02 4.167823762881262810e+05 6.057643326694340802e-01
2.030000000000000000e+02 2.405476570129394531e-02 4.522376250172277214e+05 9.917093049308012276e-01
2.040000000000000000e+02 2.418231964111328125e-02 4.921602929367465549e+05 1.401894610126499741e+00
2.050000000000000000e+02 2.430558204650878906e-02 4.784392304238760844e+05 1.147605264954040249e+00
2.060000000000000000e+02 2.386045455932617188e-02 4.305266850866051973e+05 5.489017082615695875e-01
2.070000000000000000e+02 2.389788627624511719e-02 4.477988102693281253e+05 7.300892667922950219e-01
2.080000000000000000e+02 3.241372108459472656e-02 4.309333491374242003e+05 5.116995210734128774e-01
2.090000000000000000e+02 2.624082565307617188e-02 3.994785142759501468e+05 1.296470895728417949e-01
2.100000000000000000e+02 4.602169990539550781e-02 3.743011500035948120e+05 -1.744441523713097519e-01
2.110000000000000000e+02 2.414393424987792969e-02 3.684558049735776731e+05 -2.424963916009723053e-01
2.120000000000000000e+02 2.731060981750488281e-02 3.878446797470598249e+05 3.402899565491479192e-03
2.130000000000000000e+02 2.395987510681152344e-02 3.732100101598434849e+05 -1.822375618877239978e-01
2.140000000000000000e+02 2.422308921813964844e-02 3.708196824369781534e+05 -2.099255013436637785e-01
2.150000000000000000e+02 2.400231361389160156e-02 3.450598073898708099e+05 -5.444469927338279058e-01
2.160000000000000000e+02 2.664661407470703125e-02 3.151325959542199271e+05 -9.307917727511038075e-01
2.170000000000000000e+02 4.589200019836425781e-02 4.319979555062552099e+05 6.523429588970739434e-01
2.180000000000000000e+02 4.900026321411132812e-02 4.128744289166719536e+05 3.814074672946395350e-01
2.190000000000000000e+02 2.557921409606933594e-02 4.693111673581473879e+05 1.143780306304276184e+00
2.200000000000000000e+02 4.499030113220214844e-02 5.568459627744667232e+05 2.294218972572843018e+00
2.210000000000000000e+02 2.596044540405273438e-02 5.961011083581894636e+05 2.613583414476632782e+00
2.220000000000000000e+02 2.610516548156738281e-02 5.608099305272382917e+05 1.943234586839499567e+00
2.230000000000000000e+02 4.514193534851074219e-02 5.138514568509227247e+05 1.286129858169842599e+00
2.240000000000000000e+02 2.403521537780761719e-02 4.939085152565662866e+05 1.015242511146291715e+00
2.250000000000000000e+02 2.438569068908691406e-02 5.667864403663452249e+05 1.822724053897011309e+00
2.260000000000000000e+02 2.430844306945800781e-02 5.765998907673984068e+05 1.839589986265936172e+00
2.270000000000000000e+02 2.430057525634765625e-02 5.723088810271507828e+05 1.700937595038769290e+00
2.280000000000000000e+02 2.522468566894531250e-02 6.237832147522891173e+05 2.171724376340626872e+00
2.290000000000000000e+02 2.464056015014648438e-02 5.856006370123852976e+05 1.650008300275422224e+00
2.300000000000000000e+02 2.421665191650390625e-02 5.471912881236076355e+05 1.200048931248056228e+00
2.310000000000000000e+02 2.447724342346191406e-02 7.326275876762997359e+05 3.012572102479138092e+00
2.310000000000000000e+02 6.205320358276367188e-02 4.176538853505816660e+05 0.000000000000000000e+00
2.320000000000000000e+02 2.406835556030273438e-02 6.531746690054745413e+05 0.000000000000000000e+00
2.330000000000000000e+02 3.051614761352539062e-02 6.330436587091612164e+05 5.862276496571832141e-01
2.340000000000000000e+02 2.429771423339843750e-02 5.855949191455791006e+05 1.350961663841943328e-01
2.350000000000000000e+02 4.365944862365722656e-02 4.916908621854900266e+05 -7.542478434117777519e-01
2.360000000000000000e+02 2.638292312622070312e-02 4.889944850660537486e+05 -6.763603635921112689e-01
2.370000000000000000e+02 2.515649795532226562e-02 5.680676460729046958e+05 2.476173920921685145e-01
2.380000000000000000e+02 2.479958534240722656e-02 6.498944411834747298e+05 1.189524135544587358e+00
2.390000000000000000e+02 2.531266212463378906e-02 5.959776570969029563e+05 4.026487670969425836e-01
2.400000000000000000e+02 2.440667152404785156e-02 5.263727037887878250e+05 -4.695081812716244696e-01
2.410000000000000000e+02 4.143912792205810547e-01 1.096933354039563332e+06 6.842492647778461112e+00
2.410000000000000000e+02 3.142356872558593750e-04 5.266974932423560676e+04 0.000000000000000000e+00
2.420000000000000000e+02 2.656791210174560547e-01 9.115812403489162680e+05 2.235516890969607573e+01
2.420000000000000000e+02 2.977848052978515625e-04 7.777601917919018888e+04 0.000000000000000000e+00
2.430000000000000000e+02 3.363091945648193359e-01 8.440898997356421314e+05 1.322689876904421524e+01
2.430000000000000000e+02 3.094673156738281250e-04 7.977591313268986414e+04 0.000000000000000000e+00
2.440000000000000000e+02 4.540762901306152344e-01 8.041854486168319127e+05 1.213473669718373493e+01
2.440000000000000000e+02 1.039981842041015625e-03 9.037438994908983295e+04 0.000000000000000000e+00
2.450000000000000000e+02 4.238438606262207031e-02 2.127283735971729911e+05 1.207535886752565624e+00
2.460000000000000000e+02 2.697467803955078125e-02 2.015525797175799380e+05 6.345832780652986838e-01
2.470000000000000000e+02 2.711486816406250000e-02 1.997818195555615821e+05 5.114644770470512247e-01
2.480000000000000000e+02 4.445672035217285156e-02 2.673612368543720804e+05 1.814079742913572435e+00
2.490000000000000000e+02 2.445507049560546875e-02 2.567389151097323338e+05 1.118108077059070560e+00
2.500000000000000000e+02 2.401351928710937500e-02 3.466381458289030124e+05 2.498364792943466473e+00
2.510000000000000000e+02 4.133987426757812500e-02 2.292390219388441765e+05 1.309843910922217358e-01
2.520000000000000000e+02 4.729247093200683594e-02 2.637288581403351855e+05 6.192104327901443162e-01
2.530000000000000000e+02 3.786182403564453125e-02 3.164354087389185443e+05 1.364117670402186899e+00
2.540000000000000000e+02 5.856823921203613281e-02 3.727483360012092162e+05 2.010840874339665518e+00
2.550000000000000000e+02 5.291104316711425781e-02 3.306194470141128404e+05 1.107405775501832279e+00
2.560000000000000000e+02 5.272436141967773438e-02 3.868706389248828054e+05 1.738877555790148577e+00
2.570000000000000000e+02 7.281613349914550781e-02 2.897099182330264593e+05 3.440410397945039556e-01
2.580000000000000000e+02 4.740977287292480469e-02 4.454455729439401766e+05 2.267869136215180603e+00
2.590000000000000000e+02 5.121302604675292969e-02 4.956988648638723535e+05 2.455746310060667792e+00
2.600000000000000000e+02 2.900242805480957031e-02 5.189214845124245039e+05 2.259924404730062175e+00
2.610000000000000000e+02 2.641940116882324219e-02 4.894902109412585851e+05 1.668877734368073185e+00
2.620000000000000000e+02 2.408933639526367188e-02 4.878906590904268669e+05 1.500139433600437888e+00
2.630000000000000000e+02 2.478957176208496094e-02 4.324065443228092045e+05 9.291504015535706484e-01
2.640000000000000000e+02 2.424383163452148438e-02 3.874256852689686348e+05 5.182384332809849559e-01
2.650000000000000000e+02 2.410435676574707031e-02 3.919022172919958248e+05 5.412364839896682822e-01
2.660000000000000000e+02 2.383685111999511719e-02 4.313677745167501271e+05 8.630376849175717124e-01
2.670000000000000000e+02 2.585148811340332031e-02 4.942557686374491896e+05 1.372090558669825988e+00
2.680000000000000000e+02 2.392196655273437500e-02 5.166273352567338152e+05 1.484478730605742314e+00
2.690000000000000000e+02 2.395224571228027344e-02 5.689938495888158213e+05 1.829029856937226972e+00
2.700000000000000000e+02 2.401065826416015625e-02 5.174287226787743275e+05 1.281719193691106984e+00
2.710000000000000000e+02 2.574753761291503906e-02 4.614481651374889188e+05 7.836759757579699892e-01
2.720000000000000000e+02 2.387595176696777344e-02 4.280170748555469909e+05 4.980527234842088147e-01
2.730000000000000000e+02 2.395009994506835938e-02 4.365255816482207738e+05 5.560182697033059229e-01
2.740000000000000000e+02 2.414846420288085938e-02 4.409856834446210996e+05 5.806173464439347010e-01
2.750000000000000000e+02 2.460432052612304688e-02 4.447827230563787743e+05 5.997889322137518464e-01
2.760000000000000000e+02 2.394390106201171875e-02 5.153371629805111443e+05 1.171573080148662571e+00
2.770000000000000000e+02 2.558827400207519531e-02 6.701624748274786398e+05 2.406458068501694303e+00
2.780000000000000000e+02 2.375292778015136719e-02 5.965640326396421297e+05 1.624612563749032290e+00
2.790000000000000000e+02 2.376055717468261719e-02 5.992213567052627914e+05 1.565378382763277232e+00
2.800000000000000000e+02 2.401590347290039062e-02 5.530054973776867846e+05 1.151784068502899494e+00
2.810000000000000000e+02 2.388215065002441406e-02 5.139758091068652575e+05 8.286957189233178367e-01
2.820000000000000000e+02 2.376341819763183594e-02 5.832687427828550572e+05 1.325222560703738894e+00
2.830000000000000000e+02 2.419495582580566406e-02 5.747051825761203654e+05 1.217472205728937107e+00
2.840000000000000000e+02 2.405285835266113281e-02 5.614063142105535371e+05 1.083945853293226236e+00
2.850000000000000000e+02 2.420306205749511719e-02 6.262960049680711236e+05 1.529980329920670012e+00
2.860000000000000000e+02 2.475261688232421875e-02 3.489892203132740688e+05 -5.221718039337177597e-01
2.870000000000000000e+02 2.398562431335449219e-02 2.276542068647248088e+05 -1.394809713383925676e+00
2.880000000000000000e+02 2.388668060302734375e-02 2.150924709716222715e+05 -1.440237974991503300e+00
2.890000000000000000e+02 2.661228179931640625e-02 2.157540956067480729e+05 -1.388390715758352156e+00
2.900000000000000000e+02 2.399063110351562500e-02 2.047872026939986099e+05 -1.423060847072646684e+00
2.910000000000000000e+02 2.523946762084960938e-02 2.358189672226334515e+05 -1.163098595457204176e+00
2.920000000000000000e+02 4.821133613586425781e-02 3.005944236830862355e+05 -6.862282472046906667e-01
2.930000000000000000e+02 2.694725990295410156e-02 2.829166312236464582e+05 -7.995254025355250649e-01
2.940000000000000000e+02 2.451968193054199219e-02 2.528625324452887289e+05 -9.971932608387498176e-01
2.950000000000000000e+02 2.489495277404785156e-02 2.706054969753455371e+05 -8.540088541216358520e-01
2.960000000000000000e+02 2.348756790161132812e-02 2.551180612015865336e+05 -9.489448146888652680e-01
2.970000000000000000e+02 2.397060394287109375e-02 3.281885642407744308e+05 -4.187508788227116696e-01
2.980000000000000000e+02 2.652978897094726562e-02 3.675190293199457228e+05 -1.357110645411910566e-01
2.990000000000000000e+02 2.405047416687011719e-02 3.615708962231883197e+05 -1.770110148624665369e-01
