1.745712097911130637e+07
1.000000000000000000e+00 3.593552112579345703e-01 1.433331701556311746e+05 0.000000000000000000e+00
2.000000000000000000e+00 5.602133274078369141e-01 1.451135820532035723e+05 7.350701107463281092e-01
3.000000000000000000e+00 5.189406871795654297e-01 8.471277779262543481e+04 -5.561069461777971012e-01
4.000000000000000000e+00 5.190081596374511719e-01 1.277190431894151698e+05 4.660294369673295689e-01
5.000000000000000000e+00 6.705968379974365234e-01 1.036555768090305937e+05 -1.779362333285721132e-01
6.000000000000000000e+00 5.524935722351074219e-01 1.045544097108128772e+05 -1.404098432406417352e-01
7.000000000000000000e+00 6.030535697937011719e-01 1.153213114062700333e+05 1.936346803352569368e-01
8.000000000000000000e+00 6.247973442077636719e-01 1.014393742650178610e+05 -2.692100211024585077e-01
9.000000000000000000e+00 5.896339416503906250e-01 1.124707732823076658e+05 1.273408085886128249e-01
1.000000000000000000e+01 7.808427810668945312e-01 1.039767119471310871e+05 -1.902394044712672205e-01
1.100000000000000000e+01 6.806294918060302734e-01 9.089927413835370680e+04 -6.868765012518313062e-01
1.200000000000000000e+01 8.893992900848388672e-01 1.219627754979773308e+05 5.849891794125785527e-01
1.300000000000000000e+01 7.998557090759277344e-01 1.014396552269247768e+05 -2.818080669378535963e-01
1.400000000000000000e+01 9.531431198120117188e-01 1.119971177564664540e+05 1.757179918567732813e-01
1.500000000000000000e+01 9.072544574737548828e-01 9.690910716978678829e+04 -4.925662671206282872e-01
1.600000000000000000e+01 7.801656723022460938e-01 1.174151496823501075e+05 4.504716578979326980e-01
1.700000000000000000e+01 1.007976770401000977e+00 1.619521145720543573e+05 2.496082893500791933e+00
1.800000000000000000e+01 9.559390544891357422e-01 1.413490339095737436e+05 1.237439334602128405e+00
1.900000000000000000e+01 1.039242029190063477e+00 2.127457997872368724e+05 4.034093453475136926e+00
1.900000000000000000e+01 2.134643793106079102e+00 2.023524609961580718e+05 0.000000000000000000e+00
2.000000000000000000e+01 1.004575967788696289e+00 2.867276497714463039e+05 0.000000000000000000e+00
2.100000000000000000e+01 1.108518838882446289e+00 1.850580499616841262e+05 -9.969786142836629672e-01
2.200000000000000000e+01 1.151438474655151367e+00 2.316316713163044769e+05 1.271908389309771570e-01
2.300000000000000000e+01 1.124623537063598633e+00 1.845958171385858732e+05 -9.393089175879255626e-01
2.400000000000000000e+01 1.154330015182495117e+00 1.419057854391922301e+05 -1.776246612313062245e+00
2.500000000000000000e+01 1.167898893356323242e+00 1.331736715558181459e+05 -1.462363160136869400e+00
2.600000000000000000e+01 1.342958450317382812e+00 1.417154310859446414e+05 -1.012459643168693857e+00
2.700000000000000000e+01 1.293115615844726562e+00 1.322436726121017127e+05 -1.073592944480220135e+00
2.800000000000000000e+01 1.193141937255859375e+00 1.297653246878340869e+05 -1.000157392061852057e+00
2.900000000000000000e+01 1.367249488830566406e+00 1.032806264647017815e+05 -1.413597002581756801e+00
3.000000000000000000e+01 1.396734237670898438e+00 1.545634770437595726e+05 -2.890410640455011171e-01
3.100000000000000000e+01 1.383179187774658203e+00 1.782652470989401627e+05 1.802688765561273332e-01
3.200000000000000000e+01 1.458542585372924805e+00 1.967981876793823321e+05 5.463641120478595070e-01
3.300000000000000000e+01 1.487969875335693359e+00 1.545266475175734668e+05 -3.529268063639852682e-01
3.400000000000000000e+01 1.563968658447265625e+00 1.375675727160618990e+05 -7.029867482843210613e-01
3.500000000000000000e+01 1.539745330810546875e+00 1.317731891030038241e+05 -7.973583588981422166e-01
3.600000000000000000e+01 1.618686437606811523e+00 1.156345014071770856e+05 -1.116023863690792428e+00
3.700000000000000000e+01 1.561405897140502930e+00 1.233070234027298866e+05 -8.802377107773138309e-01
3.800000000000000000e+01 1.648998260498046875e+00 1.381621981965652667e+05 -5.117312079530940139e-01
3.900000000000000000e+01 1.696631908416748047e+00 1.408742715528750850e+05 -4.348716831598269938e-01
4.000000000000000000e+01 1.705277681350708008e+00 1.293215249563287653e+05 -6.890388547384618256e-01
4.100000000000000000e+01 1.760941505432128906e+00 1.441918989345508744e+05 -3.193673121256825342e-01
4.200000000000000000e+01 1.765538692474365234e+00 1.274056039351983927e+05 -7.120431971578832231e-01
4.300000000000000000e+01 1.908170461654663086e+00 1.431870322317787504e+05 -3.097100701896145503e-01
4.400000000000000000e+01 1.876846313476562500e+00 1.366064949736042472e+05 -4.648266924653738918e-01
4.500000000000000000e+01 1.808191299438476562e+00 1.526686177719257539e+05 -5.307037363711301220e-02
4.600000000000000000e+01 1.929108619689941406e+00 1.361137122837781208e+05 -4.737187171165117006e-01
4.700000000000000000e+01 2.040142059326171875e+00 1.403630694478851219e+05 -3.537527608704088000e-01
4.800000000000000000e+01 1.978815078735351562e+00 1.328083367326892912e+05 -5.454367619843165649e-01
4.900000000000000000e+01 1.902991771697998047e+00 1.517195605599346454e+05 -3.102228101975437052e-02
5.000000000000000000e+01 1.986876487731933594e+00 1.539125776245382440e+05 2.877180550937580641e-02
5.100000000000000000e+01 2.060778141021728516e+00 1.598513890278217732e+05 1.915898638707084489e-01
5.200000000000000000e+01 2.086213111877441406e+00 1.657352719188776100e+05 3.528892669477296518e-01
5.300000000000000000e+01 2.144168376922607422e+00 1.460198138322979503e+05 -2.106451543024645545e-01
5.400000000000000000e+01 2.758964061737060547e+00 1.518442651702375733e+05 -4.040778436149975589e-02
5.500000000000000000e+01 2.091797590255737305e+00 1.169463681349175604e+05 -1.056019626315785942e+00
5.600000000000000000e+01 2.294342756271362305e+00 1.223246511329070345e+05 -8.698462366242545318e-01
5.700000000000000000e+01 2.289577722549438477e+00 1.185078160403700749e+05 -9.613901960120674328e-01
5.800000000000000000e+01 2.377958059310913086e+00 1.874059344528718502e+05 1.075655942746163829e+00
5.900000000000000000e+01 2.284289836883544922e+00 2.256435236047491780e+05 2.162750732743628390e+00
6.000000000000000000e+01 2.382281303405761719e+00 1.649312243431706738e+05 3.243837054141484599e-01
6.100000000000000000e+01 2.341070652008056641e+00 1.393236562743353716e+05 -4.037543095628876033e-01
6.200000000000000000e+01 2.446668386459350586e+00 1.603008573315585672e+05 2.006892081688783636e-01
6.300000000000000000e+01 2.527396678924560547e+00 1.440062940601411101e+05 -2.722662470137547364e-01
6.400000000000000000e+01 2.440335273742675781e+00 1.670078556387514400e+05 4.023830930187669019e-01
6.500000000000000000e+01 2.582591056823730469e+00 1.984564263589346374e+05 1.324106957228100123e+00
6.600000000000000000e+01 2.507989406585693359e+00 1.862157394425804669e+05 9.280273159587900667e-01
6.700000000000000000e+01 2.595122575759887695e+00 2.227873016382855130e+05 1.981413290762478407e+00
6.800000000000000000e+01 2.581612586975097656e+00 2.628375970600903383e+05 3.025668397623471062e+00
6.800000000000000000e+01 5.082794189453125000e+00 1.464767407598012942e+05 0.000000000000000000e+00
6.900000000000000000e+01 2.683156013488769531e+00 2.045496087416525115e+05 0.000000000000000000e+00
7.000000000000000000e+01 2.811687946319580078e+00 2.056105416518434067e+05 7.329430410872780355e-01
7.100000000000000000e+01 2.712196111679077148e+00 2.228650291467086645e+05 1.102857926281454848e+00
7.200000000000000000e+01 3.012582302093505859e+00 2.500000554922652373e+05 1.653402531067460046e+00
7.300000000000000000e+01 2.848978996276855469e+00 1.975607343571562087e+05 -2.196614957613993724e-01
7.400000000000000000e+01 2.931243419647216797e+00 2.009406810189021926e+05 -1.045993381365882269e-01
7.500000000000000000e+01 2.962550163269042969e+00 2.177877978640959773e+05 4.421320415093643597e-01
7.600000000000000000e+01 3.086683034896850586e+00 2.056292432854592334e+05 -3.232861641717701181e-03
7.700000000000000000e+01 3.088531017303466797e+00 2.366882056323036959e+05 1.130958107840849935e+00
7.800000000000000000e+01 3.114162683486938477e+00 2.621248966885972477e+05 1.930467045825110084e+00
7.900000000000000000e+01 2.965640544891357422e+00 2.964241083633025410e+05 2.692628692402443846e+00
8.000000000000000000e+01 3.087465763092041016e+00 3.124879998323103064e+05 2.431278749906909731e+00
8.100000000000000000e+01 3.413351058959960938e+00 1.799032847779568983e+05 -1.077744701309883535e+00
8.200000000000000000e+01 3.242446660995483398e+00 2.365554055481829855e+05 2.777848543644802493e-01
8.300000000000000000e+01 3.642845630645751953e+00 4.799236450202007545e+05 5.938970088295746130e+00
8.300000000000000000e+01 1.006126403808593750e-03 4.098267753894920315e+04 0.000000000000000000e+00
8.400000000000000000e+01 8.524100780487060547e-01 3.267071801656009629e+05 9.152558106079343503e+00
8.400000000000000000e+01 7.824897766113281250e-04 4.505363389391006785e+04 0.000000000000000000e+00
8.500000000000000000e+01 7.599647045135498047e-01 3.474807683619997115e+05 8.785946680417049848e+00
8.500000000000000000e+01 7.772445678710937500e-04 4.276075413527918136e+04 0.000000000000000000e+00
8.600000000000000000e+01 8.661789894104003906e-01 3.219669082360551693e+05 8.526994389671386898e+00
8.600000000000000000e+01 7.851123809814453125e-04 4.545842973257515405e+04 0.000000000000000000e+00
8.700000000000000000e+01 3.549263477325439453e-01 1.806327558958664595e+05 3.498171898023597404e+00
8.700000000000000000e+01 7.115206718444824219e-01 1.787837523875168990e+05 0.000000000000000000e+00
8.800000000000000000e+01 4.882886409759521484e-01 1.424087102248566807e+05 0.000000000000000000e+00
8.900000000000000000e+01 3.932101726531982422e-01 1.664870016403751215e+05 2.290253647591915520e-01
9.000000000000000000e+01 4.492688179016113281e-01 2.442754342660207185e+05 4.416395767294260644e+00
9.000000000000000000e+01 8.967764377593994141e-01 2.399848605158251885e+05 0.000000000000000000e+00
9.100000000000000000e+01 5.588481426239013672e-01 1.623597452771095268e+05 0.000000000000000000e+00
9.200000000000000000e+01 5.087389945983886719e-01 1.661178471671212174e+05 -6.386397825187793975e-01
9.300000000000000000e+01 5.376420021057128906e-01 1.985579151657863404e+05 2.072182227735451798e-01
9.400000000000000000e+01 6.197073459625244141e-01 1.440394705013271887e+05 -1.324455989270820755e+00
9.500000000000000000e+01 5.994265079498291016e-01 1.773992571558725031e+05 -1.273225225564145469e-01
9.600000000000000000e+01 7.526295185089111328e-01 1.506928913536737091e+05 -9.070193754804338759e-01
9.700000000000000000e+01 6.493604183197021484e-01 1.616304674099734693e+05 -4.660729594891196981e-01
9.800000000000000000e+01 8.135156631469726562e-01 1.472998136921201949e+05 -8.951479105865064456e-01
9.900000000000000000e+01 7.496356964111328125e-01 1.192337941280720115e+05 -1.730878905754735797e+00
1.000000000000000000e+02 8.280875682830810547e-01 1.424881995328135381e+05 -7.293445420860067419e-01
1.010000000000000000e+02 7.677357196807861328e-01 1.398422008167866443e+05 -7.625951406107833730e-01
1.020000000000000000e+02 1.007352590560913086e+00 1.252206183120502828e+05 -1.175971072622103986e+00
1.030000000000000000e+02 8.968462944030761719e-01 1.283564230554591340e+05 -9.753411810431757978e-01
1.040000000000000000e+02 1.126940965652465820e+00 1.439942486904505640e+05 -4.194696890390364752e-01
1.050000000000000000e+02 1.112850189208984375e+00 9.924596672523904999e+04 -1.850594323447675382e+00
1.060000000000000000e+02 1.033155918121337891e+00 1.475633757355335110e+05 -1.612075636355585762e-01
1.070000000000000000e+02 1.115723371505737305e+00 1.537661565233022557e+05 3.664237312975342914e-02
1.080000000000000000e+02 1.102925539016723633e+00 1.536807426936579577e+05 3.292794143492639575e-02
1.090000000000000000e+02 1.149690151214599609e+00 1.494606603369762888e+05 -1.073207799290750164e-01
1.100000000000000000e+02 1.192387580871582031e+00 1.339444157116441056e+05 -6.312144675099399249e-01
1.110000000000000000e+02 1.199285030364990234e+00 1.602405711360089772e+05 2.957496975929499450e-01
1.120000000000000000e+02 1.392464160919189453e+00 1.209530727320662409e+05 -1.096160272224499854e+00
1.130000000000000000e+02 1.301840543746948242e+00 1.557309006812106236e+05 1.767760166463154814e-01
1.140000000000000000e+02 1.386604785919189453e+00 1.580501825508287584e+05 2.563503434814617399e-01
1.150000000000000000e+02 1.668830633163452148e+00 1.604776297279268911e+05 3.399303912805906047e-01
1.160000000000000000e+02 1.442242622375488281e+00 1.618091634350293607e+05 3.824736174690949730e-01
1.170000000000000000e+02 1.411281585693359375e+00 1.739634462805151416e+05 8.354055283072934213e-01
1.180000000000000000e+02 1.508474826812744141e+00 1.583468500367222587e+05 2.147350595928404493e-01
1.190000000000000000e+02 1.576106548309326172e+00 1.506757938614165760e+05 -8.680683421444383707e-02
1.200000000000000000e+02 1.681046485900878906e+00 1.669043502590244752e+05 5.556244937846439580e-01
1.210000000000000000e+02 1.610235929489135742e+00 1.385007226355085731e+05 -5.911641319468725619e-01
1.220000000000000000e+02 1.668763399124145508e+00 1.561578100937107229e+05 1.344867130961801827e-01
1.230000000000000000e+02 1.637192964553833008e+00 1.646629662473417993e+05 4.814878123393468989e-01
1.240000000000000000e+02 1.731962442398071289e+00 1.883930943793139304e+05 1.458369038966968123e+00
1.250000000000000000e+02 1.593340873718261719e+00 1.736651611601140175e+05 7.927523248344479079e-01
1.260000000000000000e+02 1.794344663619995117e+00 1.593974691863499174e+05 1.883533817773258845e-01
1.270000000000000000e+02 1.744809627532958984e+00 1.306745886069126282e+05 -1.011497374990917741e+00
1.280000000000000000e+02 1.813003301620483398e+00 1.768278264177004748e+05 9.389943581498730873e-01
1.290000000000000000e+02 1.915096759796142578e+00 2.626296192222106038e+05 4.499964334722383441e+00
1.290000000000000000e+02 3.707803010940551758e+00 1.296266459351691301e+05 0.000000000000000000e+00
1.300000000000000000e+02 1.839422941207885742e+00 1.558419247551844746e+05 0.000000000000000000e+00
1.310000000000000000e+02 2.488090991973876953e+00 2.755646655915839365e+05 7.165688624918252536e+00
1.310000000000000000e+02 1.022577285766601562e-03 3.176990643214793454e+04 0.000000000000000000e+00
1.320000000000000000e+02 9.951848983764648438e-01 2.447708240336361341e+05 8.774469348516044320e+00
1.320000000000000000e+02 8.771419525146484375e-04 4.375497380110990343e+04 0.000000000000000000e+00
1.330000000000000000e+02 1.092187881469726562e+00 2.720844974599050474e+05 6.672779000856033704e+00
1.330000000000000000e+02 8.044242858886718750e-04 3.645370927406896226e+04 0.000000000000000000e+00
1.340000000000000000e+02 3.783111572265625000e-01 1.682774376541886886e+05 4.406965510226760863e+00
1.340000000000000000e+02 7.423577308654785156e-01 1.689005374408388452e+05 0.000000000000000000e+00
1.350000000000000000e+02 5.786600112915039062e-01 1.257852391536461655e+05 0.000000000000000000e+00
1.360000000000000000e+02 4.902815818786621094e-01 1.300558431224418018e+05 -5.670278233195396034e-01
1.370000000000000000e+02 4.613747596740722656e-01 1.200626461406964227e+05 -9.057888102615376802e-01
1.380000000000000000e+02 6.146597862243652344e-01 8.042965827727920259e+04 -2.514405682917782769e+00
1.390000000000000000e+02 5.929925441741943359e-01 2.726523154276292189e+05 4.688656607148270261e+00
1.390000000000000000e+02 1.249117136001586914e+00 2.721616897102088551e+05 0.000000000000000000e+00
1.400000000000000000e+02 8.926167488098144531e-01 1.199635064946628991e+05 0.000000000000000000e+00
1.410000000000000000e+02 8.529512882232666016e-01 2.766276990337368916e+05 7.486045889893736538e-01
1.420000000000000000e+02 8.827116489410400391e-01 1.240267998118303221e+05 -1.108780261652485333e+00
1.430000000000000000e+02 7.541592121124267578e-01 1.123150711584184028e+05 -9.756586622764998884e-01
1.440000000000000000e+02 7.203712463378906250e-01 1.059804163269043202e+05 -8.791011056731893314e-01
1.450000000000000000e+02 8.824563026428222656e-01 1.189925704268342815e+05 -6.019673269621528267e-01
1.460000000000000000e+02 9.010045528411865234e-01 1.146100749261749734e+05 -6.050674238363180635e-01
1.470000000000000000e+02 8.611397743225097656e-01 1.201203132568010624e+05 -4.822453232402358902e-01
1.480000000000000000e+02 9.928238391876220703e-01 1.040512321072826307e+05 -6.818588941036169970e-01
1.490000000000000000e+02 9.282088279724121094e-01 1.338561788422174868e+05 -1.930011491441173677e-01
1.500000000000000000e+02 1.082182407379150391e+00 1.182404444264264457e+05 -4.279781477467183293e-01
1.510000000000000000e+02 8.925166130065917969e-01 1.633116933059267758e+05 3.225845305600266721e-01
1.520000000000000000e+02 1.089999437332153320e+00 1.215118675702577602e+05 -3.950012743016090289e-01
1.530000000000000000e+02 1.175951480865478516e+00 1.227966052957181091e+05 -3.570723004896580455e-01
1.540000000000000000e+02 8.657162189483642578e-01 1.374513560670718434e+05 -8.023314291822611355e-02
1.550000000000000000e+02 1.076467037200927734e+00 1.293436117305574007e+05 -2.290181864553684499e-01
1.560000000000000000e+02 1.179625272750854492e+00 1.452210264139976643e+05 8.300611069717880874e-02
1.570000000000000000e+02 1.212647438049316406e+00 1.219278027065974602e+05 -3.807290128308492561e-01
1.580000000000000000e+02 1.181263446807861328e+00 1.434949257130668557e+05 6.828566893003008842e-02
1.590000000000000000e+02 1.208929777145385742e+00 1.513618918268020789e+05 2.307451310212787210e-01
1.600000000000000000e+02 1.527392148971557617e+00 1.280848665799219598e+05 -2.723415805543398793e-01
1.610000000000000000e+02 1.359043359756469727e+00 1.348211688490395609e+05 -1.186396756812036629e-01
1.620000000000000000e+02 1.368943452835083008e+00 1.429184946796862350e+05 6.502079105936381387e-02
1.630000000000000000e+02 1.514174938201904297e+00 1.607299743951632699e+05 4.710626149011629127e-01
1.640000000000000000e+02 1.421037197113037109e+00 1.972213406644012721e+05 1.308424728881511845e+00
1.650000000000000000e+02 1.504928350448608398e+00 1.648604614103650965e+05 4.991428118933416425e-01
1.660000000000000000e+02 1.550170183181762695e+00 1.731310097859214293e+05 6.805701959072929519e-01
1.670000000000000000e+02 1.497890949249267578e+00 1.846555724496524490e+05 9.344490406187050402e-01
1.680000000000000000e+02 1.504496574401855469e+00 2.040212466786868754e+05 1.362028161404660542e+00
1.690000000000000000e+02 1.583089828491210938e+00 2.012269130600643693e+05 1.233884998544028333e+00
1.700000000000000000e+02 1.596522331237792969e+00 3.404049302098667831e+05 4.401720242380347869e+00
1.700000000000000000e+02 3.242294788360595703e+00 2.630712685208666953e+05 0.000000000000000000e+00
1.710000000000000000e+02 1.572078227996826172e+00 1.447264916936878290e+05 0.000000000000000000e+00
1.720000000000000000e+02 1.685353279113769531e+00 1.304476994557341823e+05 -8.777375616789584445e-01
1.730000000000000000e+02 1.650886774063110352e+00 2.371195370922494330e+05 7.926508467464733476e-01
1.740000000000000000e+02 1.690969228744506836e+00 2.568075101132925192e+05 9.529844466897051669e-01
1.750000000000000000e+02 1.776711702346801758e+00 2.163458063860148541e+05 1.554123932637814787e-01
1.760000000000000000e+02 1.704535245895385742e+00 2.048041723712361709e+05 -5.739666770931006745e-02
1.770000000000000000e+02 1.756050586700439453e+00 2.157051771021380555e+05 1.548858818704116902e-01
1.780000000000000000e+02 1.952257156372070312e+00 2.106730759759485663e+05 4.221970169974777198e-02
1.790000000000000000e+02 2.099777221679687500e+00 2.369876456041568599e+05 6.209412503376594561e-01
1.800000000000000000e+02 1.759386301040649414e+00 2.113433726476815355e+05 -7.459519847706900728e-03
1.810000000000000000e+02 2.692738533020019531e+00 4.913436222180293989e+05 6.757441812492080757e+00
1.810000000000000000e+02 1.040458679199218750e-03 3.687115988034237671e+04 0.000000000000000000e+00
1.820000000000000000e+02 1.071532249450683594e+00 5.023054175606783829e+05 1.714487947963928960e+01
1.820000000000000000e+02 7.979869842529296875e-04 5.962958169489633292e+04 0.000000000000000000e+00
1.830000000000000000e+02 8.752946853637695312e-01 3.643535709241926670e+05 6.519923597015621297e+00
1.830000000000000000e+02 7.863044738769531250e-04 5.535470905235758255e+04 0.000000000000000000e+00
1.840000000000000000e+02 3.589429855346679688e-01 2.172919444041175593e+05 3.430099220041797903e+00
1.840000000000000000e+02 7.335076332092285156e-01 2.171182394376467855e+05 0.000000000000000000e+00
1.850000000000000000e+02 5.461251735687255859e-01 1.576606703368859016e+05 0.000000000000000000e+00
1.860000000000000000e+02 4.843022823333740234e-01 2.027920723008064670e+05 3.663552138392707769e-01
1.870000000000000000e+02 4.522204399108886719e-01 1.768412627354431024e+05 -5.053894807015989477e-01
1.880000000000000000e+02 5.952675342559814453e-01 2.477803564417017624e+05 2.231271396321717226e+00
1.890000000000000000e+02 6.099152565002441406e-01 2.631099914685066324e+05 1.788465547042070281e+00
1.900000000000000000e+02 9.657642841339111328e-01 2.306365343638763006e+05 4.882104402155652001e-01
1.910000000000000000e+02 7.952759265899658203e-01 1.724877547450242855e+05 -1.093852435070019613e+00
1.920000000000000000e+02 7.285721302032470703e-01 1.905852860571516794e+05 -4.752515593902866819e-01
1.930000000000000000e+02 6.054425239562988281e-01 1.835809675009575149e+05 -6.405468370637714681e-01
1.940000000000000000e+02 6.327645778656005859e-01 1.710926401668968028e+05 -9.588639150231187402e-01
1.950000000000000000e+02 8.742344379425048828e-01 1.997418196776673431e+05 -4.379435618281304204e-02
1.960000000000000000e+02 1.069409847259521484e+00 1.377043851835659589e+05 -1.938637951836293061e+00
1.970000000000000000e+02 8.965818881988525391e-01 1.620848956190243771e+05 -9.509179460518920601e-01
1.980000000000000000e+02 1.045425891876220703e+00 1.628602404107482871e+05 -8.667713450069249870e-01
1.990000000000000000e+02 8.651990890502929688e-01 1.819946971582973783e+05 -2.759196637795249263e-01
2.000000000000000000e+02 1.024449825286865234e+00 2.158979074518863927e+05 7.241540717412431327e-01
2.010000000000000000e+02 1.244663715362548828e+00 2.256337857355531596e+05 9.818690703533310415e-01
2.020000000000000000e+02 1.119258403778076172e+00 1.818346989218113013e+05 -3.749819212234040688e-01
2.030000000000000000e+02 9.356784820556640625e-01 1.606325915312173311e+05 -1.011501237081678051e+00
2.040000000000000000e+02 1.019072055816650391e+00 1.477652253522487299e+05 -1.354814597801260456e+00
2.050000000000000000e+02 1.114532709121704102e+00 1.552612394423977239e+05 -1.041940773046235336e+00
2.060000000000000000e+02 1.050058841705322266e+00 1.881063691997727146e+05 -9.206437226044583699e-03
2.070000000000000000e+02 1.320746898651123047e+00 2.029649400996212789e+05 4.468443107063481134e-01
2.080000000000000000e+02 1.460032463073730469e+00 1.855654997680528904e+05 -1.074917414258693832e-01
2.090000000000000000e+02 1.204689264297485352e+00 2.002544329125532822e+05 3.631591600426035127e-01
2.100000000000000000e+02 1.221218109130859375e+00 1.687385173268184299e+05 -6.678652785746981291e-01
2.110000000000000000e+02 1.209839582443237305e+00 1.766312886549901450e+05 -3.911669840378326768e-01
2.120000000000000000e+02 1.382052898406982422e+00 1.966858695319198887e+05 2.857852500595096101e-01
2.130000000000000000e+02 1.480222463607788086e+00 1.698565688807746337e+05 -6.296189831207834597e-01
2.140000000000000000e+02 1.420721530914306641e+00 1.957571967655912740e+05 2.729845376825620340e-01
2.150000000000000000e+02 1.784796953201293945e+00 2.151372227547123330e+05 9.434705929538695912e-01
2.160000000000000000e+02 1.446980953216552734e+00 1.948490507995530206e+05 2.077040594071441759e-01
2.170000000000000000e+02 1.568326950073242188e+00 2.306446382262811530e+05 1.473364692184292668e+00
2.180000000000000000e+02 1.437896013259887695e+00 1.784332701992630609e+05 -4.138564855432214085e-01
2.190000000000000000e+02 1.533067703247070312e+00 2.356781168853339041e+05 1.613870418014704322e+00
2.200000000000000000e+02 1.546919822692871094e+00 2.931462552800556878e+05 3.521588770729372708e+00
2.200000000000000000e+02 3.268060207366943359e+00 1.280618264769188972e+05 0.000000000000000000e+00
2.210000000000000000e+02 1.792386293411254883e+00 1.929673841710573470e+05 0.000000000000000000e+00
2.220000000000000000e+02 1.781415939331054688e+00 1.515834353922377049e+05 -1.945993855389196725e-01
2.230000000000000000e+02 1.621788263320922852e+00 1.564351877186274796e+05 -3.354732561804835145e-02
2.240000000000000000e+02 1.620989561080932617e+00 1.744702759288290108e+05 6.412486955363425611e-01
2.250000000000000000e+02 1.861813306808471680e+00 2.094468028734675026e+05 1.991029363664817753e+00
2.260000000000000000e+02 1.813294649124145508e+00 2.048935947052438569e+05 1.218940841313243206e+00
2.270000000000000000e+02 1.664989233016967773e+00 2.420180936215704132e+05 2.248824297267821848e+00
2.280000000000000000e+02 1.684943914413452148e+00 2.261486367651293986e+05 1.182594650558608018e+00
2.290000000000000000e+02 1.846369981765747070e+00 2.663864742083408055e+05 2.109182766509508866e+00
2.300000000000000000e+02 1.918182611465454102e+00 2.708635633431880269e+05 1.747121147052846490e+00
2.310000000000000000e+02 2.053091287612915039e+00 3.933012187833655626e+05 4.070499898658874294e+00
2.310000000000000000e+02 3.920726060867309570e+00 3.487363526787612354e+05 0.000000000000000000e+00
2.320000000000000000e+02 1.897488832473754883e+00 1.734610847601505520e+05 0.000000000000000000e+00
2.330000000000000000e+02 2.056621551513671875e+00 1.779079891237931442e+05 -6.712268048708945889e-01
2.340000000000000000e+02 2.083637952804565430e+00 2.405794963607001409e+05 7.215620803304080566e-02
2.350000000000000000e+02 2.170983076095581055e+00 2.094822547230377677e+05 -3.145182274597260186e-01
2.360000000000000000e+02 2.091777563095092773e+00 2.612576244742522831e+05 4.357181548189383857e-01
2.370000000000000000e+02 2.258963584899902344e+00 2.484915285739542160e+05 2.028127898444951061e-01
2.380000000000000000e+02 2.176861763000488281e+00 2.558306151236808219e+05 3.123532678654548644e-01
2.390000000000000000e+02 1.938183784484863281e+00 2.559795182250782964e+05 2.957971937609395474e-01
2.400000000000000000e+02 2.281409740447998047e+00 2.532789082285100012e+05 2.280993182555593468e-01
2.410000000000000000e+02 2.932265996932983398e+00 9.697883275208296254e+05 1.464969572894750272e+01
2.410000000000000000e+02 1.176834106445312500e-03 3.438980327361644595e+04 0.000000000000000000e+00
2.420000000000000000e+02 1.361694097518920898e+00 9.146622262583227130e+05 3.549237913221698903e+01
2.420000000000000000e+02 8.122920989990234375e-04 4.316948474378797255e+04 0.000000000000000000e+00
2.430000000000000000e+02 1.032706022262573242e+00 8.428466187664727913e+05 2.548996865685802860e+01
2.430000000000000000e+02 7.724761962890625000e-04 4.502848915655668679e+04 0.000000000000000000e+00
2.440000000000000000e+02 1.197345733642578125e+00 7.961498813217832940e+05 2.288342622771295254e+01
2.440000000000000000e+02 8.084774017333984375e-04 5.487661052399964683e+04 0.000000000000000000e+00
2.450000000000000000e+02 5.801973342895507812e-01 2.049777483776639274e+05 3.161118002620927570e+00
2.450000000000000000e+02 1.095330953598022461e+00 2.074492014079600922e+05 0.000000000000000000e+00
2.460000000000000000e+02 3.801951408386230469e-01 1.697339304409992765e+05 0.000000000000000000e+00
2.470000000000000000e+02 5.662195682525634766e-01 1.533777401862163970e+05 -1.320416602222484137e+00
2.480000000000000000e+02 8.707413673400878906e-01 2.280808334490062553e+05 1.847362570958990258e+00
2.490000000000000000e+02 4.852635860443115234e-01 1.925706879072590091e+05 8.512998492434285802e-02
2.500000000000000000e+02 6.284544467926025391e-01 3.142488656393921119e+05 4.184510997066873905e+00
2.500000000000000000e+02 1.135388374328613281e+00 3.202115837850603857e+05 0.000000000000000000e+00
2.510000000000000000e+02 6.832780838012695312e-01 1.512015702571255097e+05 0.000000000000000000e+00
2.520000000000000000e+02 8.598635196685791016e-01 1.438941217756458500e+05 -7.682528194190282322e-01
2.530000000000000000e+02 6.641709804534912109e-01 1.801927209963045898e+05 -2.497103544039834810e-01
2.540000000000000000e+02 8.056352138519287109e-01 1.500277557687483786e+05 -5.928359379246599392e-01
2.550000000000000000e+02 7.685542106628417969e-01 1.840085532191015081e+05 -6.830066333041995286e-02
2.560000000000000000e+02 9.107062816619873047e-01 1.734943089160463715e+05 -2.210508556038682793e-01
2.570000000000000000e+02 9.075732231140136719e-01 1.748876689500162611e+05 -1.839311636076466638e-01
2.580000000000000000e+02 7.964084148406982422e-01 1.829173456298404781e+05 -3.207685146742279142e-02
2.590000000000000000e+02 1.004851102828979492e+00 1.796532261359264085e+05 -9.189410732395771053e-02
2.600000000000000000e+02 9.028844833374023438e-01 1.808659715957953013e+05 -6.348938248904302528e-02
2.610000000000000000e+02 1.058333635330200195e+00 1.888123411105741980e+05 1.062183721780922824e-01
2.620000000000000000e+02 1.046072959899902344e+00 1.889792253927434213e+05 1.057439489414063738e-01
2.630000000000000000e+02 9.974288940429687500e-01 2.121661847205694066e+05 6.353266869744726986e-01
2.640000000000000000e+02 1.126877784729003906e+00 1.618076528496899118e+05 -5.827554949241354754e-01
2.650000000000000000e+02 1.181879758834838867e+00 1.744823208282660926e+05 -2.512506144796025631e-01
2.660000000000000000e+02 1.187586069107055664e+00 2.410444682617598737e+05 1.418908712947752893e+00
2.670000000000000000e+02 1.074615955352783203e+00 2.109848000724406156e+05 5.690866361590012357e-01
2.680000000000000000e+02 1.284780502319335938e+00 2.482268479006066336e+05 1.472908724484310872e+00
2.690000000000000000e+02 1.316852092742919922e+00 2.064654648718861281e+05 3.490421067492849305e-01
2.700000000000000000e+02 1.368180036544799805e+00 1.931189873798959889e+05 9.948087928498685478e-03
2.710000000000000000e+02 1.294417619705200195e+00 2.094012267862500739e+05 4.223137906712869927e-01
2.720000000000000000e+02 1.412681818008422852e+00 2.046029939841044834e+05 2.872624793511306951e-01
2.730000000000000000e+02 1.336564064025878906e+00 1.997338567570815212e+05 1.520940416623878799e-01
2.740000000000000000e+02 1.449433088302612305e+00 2.568309868919248402e+05 1.690293660624414773e+00
2.750000000000000000e+02 1.460404634475708008e+00 2.653026927519309684e+05 1.787607463691655907e+00
2.760000000000000000e+02 1.428086996078491211e+00 1.994371818903771637e+05 1.976687626957250414e-03
2.770000000000000000e+02 1.555685997009277344e+00 1.695676954296696349e+05 -7.610330150966053697e-01
2.780000000000000000e+02 1.541690826416015625e+00 1.735332147102973249e+05 -6.377958544834283483e-01
2.790000000000000000e+02 1.595579147338867188e+00 2.162069045038283512e+05 4.885869994352312617e-01
2.800000000000000000e+02 1.566546440124511719e+00 2.404134934601012501e+05 1.117536135647932305e+00
2.810000000000000000e+02 1.667376279830932617e+00 2.635364894835347077e+05 1.685881947111173895e+00
2.820000000000000000e+02 1.683043479919433594e+00 2.311620112156021351e+05 7.605355303728789096e-01
2.830000000000000000e+02 1.889685630798339844e+00 2.055924155631942267e+05 8.383211510731576610e-02
2.840000000000000000e+02 1.694789409637451172e+00 2.208582938340507681e+05 4.819816290982600338e-01
2.850000000000000000e+02 1.817512273788452148e+00 1.980486057534405554e+05 -1.299899580708562818e-01
2.860000000000000000e+02 1.769085884094238281e+00 2.150132890206641459e+05 3.271966906679540377e-01
2.870000000000000000e+02 1.860827684402465820e+00 1.814068648313365411e+05 -5.911590210715534921e-01
2.880000000000000000e+02 1.841238260269165039e+00 1.791388446972432139e+05 -6.430139316843332953e-01
2.890000000000000000e+02 1.952519893646240234e+00 1.720307537810472131e+05 -8.280286921581551107e-01
2.900000000000000000e+02 1.900136232376098633e+00 1.602354995010659040e+05 -1.138285317722934842e+00
2.910000000000000000e+02 1.922126770019531250e+00 1.720245397440185770e+05 -7.806180366066786114e-01
2.920000000000000000e+02 1.966653347015380859e+00 2.214838610343252949e+05 6.097523027185495215e-01
2.930000000000000000e+02 1.993495464324951172e+00 2.144452605987251154e+05 4.028784691855600286e-01
2.940000000000000000e+02 1.925191402435302734e+00 2.071763910674806975e+05 1.918944786997132113e-01
2.950000000000000000e+02 2.124825954437255859e+00 2.206551690875139611e+05 5.754705517242832968e-01
2.960000000000000000e+02 2.383299589157104492e+00 1.886439753065891273e+05 -3.558545902279259820e-01
2.970000000000000000e+02 2.051375150680541992e+00 2.476607937782036024e+05 1.366633382879562708e+00
2.980000000000000000e+02 2.585740089416503906e+00 2.910378089580748347e+05 2.578454173006251793e+00
2.990000000000000000e+02 2.439738512039184570e+00 2.637157079130103812e+05 1.645352832258397235e+00
