1.903076412924162671e+07
1.000000000000000000e+00 1.204113960266113281e-01 1.431864997348037432e+05 0.000000000000000000e+00
2.000000000000000000e+00 6.832003593444824219e-02 1.479769895185239147e+05 7.841175320728362985e-01
3.000000000000000000e+00 6.907224655151367188e-02 8.676498533743502048e+04 -5.494023471301431316e-01
4.000000000000000000e+00 7.395410537719726562e-02 1.275517910797610093e+05 4.281989864622299802e-01
5.000000000000000000e+00 6.833887100219726562e-02 1.017391834378243366e+05 -2.606050116564647690e-01
6.000000000000000000e+00 7.818508148193359375e-02 1.092158271665767097e+05 -3.310229412923357262e-02
7.000000000000000000e+00 6.860995292663574219e-02 1.186376453540539369e+05 2.560300196892354996e-01
8.000000000000000000e+00 6.835865974426269531e-02 1.002568109368198348e+05 -3.612938221197069533e-01
9.000000000000000000e+00 1.187183856964111328e-01 1.022275561457077711e+05 -2.720630213178903412e-01
1.000000000000000000e+01 9.986352920532226562e-02 1.032177835902882216e+05 -2.223059928415959119e-01
1.100000000000000000e+01 6.918478012084960938e-02 9.247936031297185400e+04 -6.267447547089233240e-01
1.200000000000000000e+01 7.269573211669921875e-02 1.230737633935898193e+05 6.241221030419451532e-01
1.300000000000000000e+01 7.016515731811523438e-02 1.059569979501772759e+05 -1.071711790531789388e-01
1.400000000000000000e+01 6.946086883544921875e-02 1.183749449688057211e+05 4.242800560295683643e-01
1.500000000000000000e+01 7.078623771667480469e-02 9.723694215581679600e+04 -5.180872495102354369e-01
1.600000000000000000e+01 7.111001014709472656e-02 1.333269368452655035e+05 1.124391146196117575e+00
1.700000000000000000e+01 7.010173797607421875e-02 1.598411535969008983e+05 2.237153106699807825e+00
1.800000000000000000e+01 7.142710685729980469e-02 1.442321427712345321e+05 1.281650150887793549e+00
1.900000000000000000e+01 6.877017021179199219e-02 2.167325400758796895e+05 4.086385434806353523e+00
1.900000000000000000e+01 1.374475955963134766e-01 2.044865391340237693e+05 0.000000000000000000e+00
2.000000000000000000e+01 1.161108016967773438e-01 2.846351651905057370e+05 0.000000000000000000e+00
2.100000000000000000e+01 7.208943367004394531e-02 1.862077460811383207e+05 -1.029634044735453946e+00
2.200000000000000000e+01 6.882977485656738281e-02 2.334502450397148205e+05 1.593072365921802125e-01
2.300000000000000000e+01 7.196784019470214844e-02 1.864473159597537888e+05 -9.487200380433801206e-01
2.400000000000000000e+01 6.863021850585937500e-02 1.431208777723863604e+05 -1.833045757259930575e+00
2.500000000000000000e+01 6.925034523010253906e-02 1.374785669086760900e+05 -1.426657846083595471e+00
2.600000000000000000e+01 7.424592971801757812e-02 1.465218536373454845e+05 -9.767949103566685443e-01
2.700000000000000000e+01 7.517361640930175781e-02 1.385468723872216651e+05 -1.022550318165150518e+00
2.800000000000000000e+01 6.859469413757324219e-02 1.336839593777707487e+05 -1.009490502328032280e+00
2.900000000000000000e+01 1.114642620086669922e-01 9.926865841387618275e+04 -1.599007024906134555e+00
3.000000000000000000e+01 6.933689117431640625e-02 1.541433849788425723e+05 -3.377477278666587979e-01
3.100000000000000000e+01 6.965780258178710938e-02 2.138272129183054785e+05 8.438372271300070837e-01
3.200000000000000000e+01 7.010006904602050781e-02 1.932845641244324215e+05 3.828075882575975308e-01
3.300000000000000000e+01 6.942176818847656250e-02 1.598592922245806258e+05 -3.183217434350940067e-01
3.400000000000000000e+01 7.700204849243164062e-02 1.400555304313176603e+05 -7.275925166991404902e-01
3.500000000000000000e+01 9.575653076171875000e-02 1.346323193891788251e+05 -8.109738024270295442e-01
3.600000000000000000e+01 9.684467315673828125e-02 1.158330088429347379e+05 -1.183388303877585646e+00
3.700000000000000000e+01 7.324099540710449219e-02 1.235471147254201642e+05 -9.401712382463691675e-01
3.800000000000000000e+01 6.962537765502929688e-02 1.452054136446113407e+05 -4.236854207573739761e-01
3.900000000000000000e+01 1.426489353179931641e-01 1.750858989092873235e+05 2.529627442004370730e-01
4.000000000000000000e+01 7.754278182983398438e-02 1.408183114761190081e+05 -5.338858454467284576e-01
4.100000000000000000e+01 6.977033615112304688e-02 1.560869454234940931e+05 -1.646553155416785874e-01
4.200000000000000000e+01 6.955862045288085938e-02 1.769498491947498114e+05 3.337206381866859584e-01
4.300000000000000000e+01 7.051229476928710938e-02 1.961536560215045465e+05 7.907977554652934060e-01
4.400000000000000000e+01 6.939315795898437500e-02 1.785994044602806971e+05 3.373079699530010522e-01
4.500000000000000000e+01 6.994080543518066406e-02 1.785478220936837897e+05 3.289892594632903289e-01
4.600000000000000000e+01 7.383394241333007812e-02 1.496043220810953644e+05 -4.093469393964352943e-01
4.700000000000000000e+01 6.970000267028808594e-02 1.514722381110868882e+05 -3.530268878416273903e-01
4.800000000000000000e+01 1.338644027709960938e-01 1.391615515558443731e+05 -6.676129757490163463e-01
4.900000000000000000e+01 7.348179817199707031e-02 1.818671969456307706e+05 4.738151521831259760e-01
5.000000000000000000e+01 7.042646408081054688e-02 1.960398313529967563e+05 8.431542279648976956e-01
5.100000000000000000e+01 7.443451881408691406e-02 1.846360963233872317e+05 5.148268501545580911e-01
5.200000000000000000e+01 7.054996490478515625e-02 1.637669586638009641e+05 -6.168591299969994335e-02
5.300000000000000000e+01 7.020831108093261719e-02 1.562234966871919751e+05 -2.688431777854938809e-01
5.400000000000000000e+01 7.290816307067871094e-02 1.801361126347817190e+05 4.039029274212206921e-01
5.500000000000000000e+01 8.248901367187500000e-02 1.540708515662679274e+05 -3.403413652998302230e-01
5.600000000000000000e+01 7.066512107849121094e-02 1.285426337714842375e+05 -1.067003802871351770e+00
5.700000000000000000e+01 7.282590866088867188e-02 1.308246492317714728e+05 -9.720917154616439682e-01
5.800000000000000000e+01 7.100248336791992188e-02 1.927159804999591724e+05 8.250598178705085273e-01
5.900000000000000000e+01 8.682346343994140625e-02 2.699233650402215426e+05 3.029551029407784757e+00
5.900000000000000000e+01 1.617007255554199219e-01 1.404602919231391279e+05 0.000000000000000000e+00
6.000000000000000000e+01 7.241678237915039062e-02 9.713873140095504641e+04 0.000000000000000000e+00
6.100000000000000000e+01 7.290315628051757812e-02 1.157989696026933379e+05 -9.795139472494340804e-02
6.200000000000000000e+01 7.535028457641601562e-02 1.435117079275373253e+05 1.183269336599122035e+00
6.300000000000000000e+01 7.185745239257812500e-02 1.345071228127340146e+05 4.691650859246370708e-01
6.400000000000000000e+01 7.259535789489746094e-02 1.723856886837119528e+05 2.361302219135252844e+00
6.500000000000000000e+01 7.437300682067871094e-02 2.070950961932342616e+05 2.848252132637502765e+00
6.600000000000000000e+01 7.882452011108398438e-02 1.938601726253198576e+05 1.364438614159660279e+00
6.700000000000000000e+01 1.064403057098388672e-01 2.231547718151846784e+05 1.917936160822631297e+00
6.800000000000000000e+01 8.542776107788085938e-02 2.587872685703369789e+05 2.335968802853264581e+00
6.900000000000000000e+01 7.466578483581542969e-02 2.174035893025480036e+05 9.492269259288194094e-01
7.000000000000000000e+01 7.504320144653320312e-02 2.187362261974442226e+05 8.970403637712568434e-01
7.100000000000000000e+01 7.471179962158203125e-02 2.176612944325340795e+05 8.108867770882111081e-01
7.200000000000000000e+01 7.300353050231933594e-02 2.207931436059325933e+05 8.244334730715382475e-01
7.300000000000000000e+01 8.036804199218750000e-02 1.896983733090464084e+05 1.385018533885639114e-01
7.400000000000000000e+01 7.611966133117675781e-02 2.126255164478906081e+05 6.220029058954631429e-01
7.500000000000000000e+01 9.376978874206542969e-02 2.167605744730040606e+05 6.858600374998542470e-01
7.600000000000000000e+01 7.602095603942871094e-02 2.097507631456040544e+05 5.018724669858667387e-01
7.700000000000000000e+01 7.536888122558593750e-02 2.458929517694016104e+05 1.303681744435162271e+00
7.800000000000000000e+01 1.153390407562255859e-01 2.761048212299214210e+05 1.887701793889017043e+00
7.900000000000000000e+01 7.236313819885253906e-02 3.066646386016822653e+05 2.332061541826722983e+00
8.000000000000000000e+01 7.407331466674804688e-02 3.658263418829851435e+05 3.149805094641207504e+00
8.000000000000000000e+01 1.446950435638427734e-01 1.598114061131916824e+05 0.000000000000000000e+00
8.100000000000000000e+01 7.082009315490722656e-02 1.413079627970754809e+05 0.000000000000000000e+00
8.200000000000000000e+01 5.982532501220703125e-01 2.208576475892452872e+05 5.372855807052663302e+00
8.200000000000000000e+01 3.521442413330078125e-04 3.307953830558984919e+04 0.000000000000000000e+00
8.300000000000000000e+01 6.158452033996582031e-01 3.382018646803330048e+05 1.233745654239147527e+01
8.300000000000000000e+01 3.490447998046875000e-04 4.152260509520642518e+04 0.000000000000000000e+00
8.400000000000000000e+01 5.218870639801025391e-01 3.278093190814235713e+05 9.043499008556539209e+00
8.400000000000000000e+01 3.554821014404296875e-04 4.535850109383377276e+04 0.000000000000000000e+00
8.500000000000000000e+01 5.672707557678222656e-01 3.478216210566874361e+05 8.723263183734930593e+00
8.500000000000000000e+01 3.480911254882812500e-04 4.450073286537639797e+04 0.000000000000000000e+00
8.600000000000000000e+01 5.709459781646728516e-01 3.245288936989610083e+05 8.192064027871543530e+00
8.600000000000000000e+01 3.466606140136718750e-04 4.896683641440376960e+04 0.000000000000000000e+00
8.700000000000000000e+01 6.845593452453613281e-02 1.800528190068352269e+05 3.078793799572408840e+00
8.700000000000000000e+01 1.355803012847900391e-01 1.800326961126351962e+05 0.000000000000000000e+00
8.800000000000000000e+01 7.051348686218261719e-02 1.447787355662969057e+05 0.000000000000000000e+00
8.900000000000000000e+01 7.026600837707519531e-02 1.684619794467678003e+05 2.429471752399274820e-01
9.000000000000000000e+01 7.202625274658203125e-02 2.514782323862773774e+05 4.844276768261448929e+00
9.000000000000000000e+01 1.416287422180175781e-01 2.407337987518692971e+05 0.000000000000000000e+00
9.100000000000000000e+01 6.936955451965332031e-02 1.652326918154872255e+05 0.000000000000000000e+00
9.200000000000000000e+01 8.271884918212890625e-02 1.688875265094054339e+05 -6.386479598248149259e-01
9.300000000000000000e+01 9.421968460083007812e-02 2.067794542082457338e+05 3.561135295120882449e-01
9.400000000000000000e+01 9.574747085571289062e-02 1.561463021493151609e+05 -1.103514039401903402e+00
9.500000000000000000e+01 7.034778594970703125e-02 1.817696745824905229e+05 -1.631584620071580560e-01
9.600000000000000000e+01 7.079243659973144531e-02 1.506948364004829782e+05 -1.128545772928661650e+00
9.700000000000000000e+01 7.200503349304199219e-02 1.556018741465420462e+05 -8.069133873756354491e-01
9.800000000000000000e+01 6.929922103881835938e-02 1.470046808090338309e+05 -1.005691496903505566e+00
9.900000000000000000e+01 7.268238067626953125e-02 1.228821012002367352e+05 -1.681502798470389193e+00
1.000000000000000000e+02 6.887197494506835938e-02 1.487585077280015976e+05 -6.232769962378400530e-01
1.010000000000000000e+02 7.078766822814941406e-02 1.436577790898022940e+05 -7.438099246493025118e-01
1.020000000000000000e+02 7.644271850585937500e-02 1.302577847754569957e+05 -1.122144046992549438e+00
1.030000000000000000e+02 1.244306564331054688e-01 1.342667439055749564e+05 -9.027358858263754282e-01
1.040000000000000000e+02 7.063293457031250000e-02 1.525374417705876112e+05 -2.658157115844553275e-01
1.050000000000000000e+02 8.050584793090820312e-02 1.080043228138494014e+05 -1.721158648863566842e+00
1.060000000000000000e+02 7.098507881164550781e-02 1.445938366987704067e+05 -3.880929550515170301e-01
1.070000000000000000e+02 7.374954223632812500e-02 1.414645733821497124e+05 -4.754870030080347032e-01
1.080000000000000000e+02 1.643819808959960938e-01 1.521552878658187110e+05 -1.099600189644536069e-01
1.090000000000000000e+02 8.972191810607910156e-02 1.510943453407782072e+05 -1.428726005255795684e-01
1.100000000000000000e+02 9.049677848815917969e-02 1.357173565662497422e+05 -6.709280337319674103e-01
1.110000000000000000e+02 1.855168342590332031e-01 1.672441399512405042e+05 4.574254921207020486e-01
1.120000000000000000e+02 7.152390480041503906e-02 1.317426001071221253e+05 -8.243632172017615334e-01
1.130000000000000000e+02 7.213521003723144531e-02 1.568791280746296397e+05 1.112684708885295221e-01
1.140000000000000000e+02 8.567523956298828125e-02 1.446236662903594261e+05 -3.426006215714922920e-01
1.150000000000000000e+02 1.434979438781738281e-01 1.362236106398342818e+05 -6.505688104799818294e-01
1.160000000000000000e+02 1.315488815307617188e-01 1.491758064673756890e+05 -1.408787353507600093e-01
1.170000000000000000e+02 7.086777687072753906e-02 1.673485865460612986e+05 5.657333637807160365e-01
1.180000000000000000e+02 1.381142139434814453e-01 1.532137062304306019e+05 -2.095042582489502030e-03
1.190000000000000000e+02 1.413316726684570312e-01 1.642863887777745258e+05 4.404789385346122854e-01
1.200000000000000000e+02 8.127379417419433594e-02 1.780409772744854854e+05 9.894809578861418764e-01
1.210000000000000000e+02 7.077550888061523438e-02 1.359127837947142543e+05 -7.509136884841458581e-01
1.220000000000000000e+02 1.032247543334960938e-01 1.541545276447830547e+05 1.278929946843615321e-02
1.230000000000000000e+02 8.507776260375976562e-02 1.627549794088111666e+05 3.697623345586280030e-01
1.240000000000000000e+02 6.954097747802734375e-02 1.881117836161656887e+05 1.430839726085076924e+00
1.250000000000000000e+02 7.037591934204101562e-02 1.731891708432476444e+05 7.510964872576613161e-01
1.260000000000000000e+02 1.269781589508056641e-01 1.696883077236121171e+05 5.888059349156361533e-01
1.270000000000000000e+02 6.976318359375000000e-02 1.621674773013370286e+05 2.612660345139711238e-01
1.280000000000000000e+02 8.026671409606933594e-02 1.877784819765450666e+05 1.350943719339821270e+00
1.290000000000000000e+02 7.272148132324218750e-02 2.257559316544811008e+05 2.907858395515661165e+00
1.300000000000000000e+02 7.097387313842773438e-02 1.961619996278299659e+05 1.455199582721364848e+00
1.310000000000000000e+02 7.068133354187011719e-02 2.651318307106654393e+05 4.042685539837696851e+00
1.310000000000000000e+02 1.409845352172851562e-01 1.867107988259475678e+05 0.000000000000000000e+00
1.320000000000000000e+02 6.967473030090332031e-02 1.750924115056008159e+05 0.000000000000000000e+00
1.330000000000000000e+02 6.971001625061035156e-02 1.776560975496669998e+05 -3.950497397729175186e-01
1.340000000000000000e+02 7.036399841308593750e-02 1.724616760771759145e+05 -1.205470156320685771e+00
1.350000000000000000e+02 1.119391918182373047e-01 1.978173270517081546e+05 3.202281887059243548e+00
1.350000000000000000e+02 1.897683143615722656e-01 1.403473552519174991e+05 0.000000000000000000e+00
1.360000000000000000e+02 1.291584968566894531e-01 1.528380684051964781e+05 0.000000000000000000e+00
1.370000000000000000e+02 8.338594436645507812e-02 1.538221960407125298e+05 8.185308954203780463e-01
1.380000000000000000e+02 7.268762588500976562e-02 1.186807342037205381e+05 -4.036586854159285309e+00
1.390000000000000000e+02 5.979878902435302734e-01 4.205943781184769468e+05 1.707003300030036996e+01
1.390000000000000000e+02 3.516674041748046875e-04 2.616374049969251428e+04 0.000000000000000000e+00
1.400000000000000000e+02 5.228223800659179688e-01 2.854615096503183595e+05 1.330856585668465719e+01
1.400000000000000000e+02 3.485679626464843750e-04 3.342194646216195542e+04 0.000000000000000000e+00
1.410000000000000000e+02 5.945274829864501953e-01 3.304711341989606153e+05 1.186220872725909814e+01
1.410000000000000000e+02 3.561973571777343750e-04 3.045905977197190441e+04 0.000000000000000000e+00
1.420000000000000000e+02 8.835008144378662109e-01 3.251445619169280399e+05 1.297513544454393930e+01
1.420000000000000000e+02 3.447532653808593750e-04 3.241383149520297593e+04 0.000000000000000000e+00
1.430000000000000000e+02 6.765532493591308594e-02 1.546399508043268579e+05 4.625611618018316662e+00
1.430000000000000000e+02 2.114732265472412109e-01 1.546879553517441382e+05 0.000000000000000000e+00
1.440000000000000000e+02 8.089447021484375000e-02 9.999085742919480253e+04 0.000000000000000000e+00
1.450000000000000000e+02 8.553314208984375000e-02 1.003229286119363969e+05 -6.985209587545893051e-01
1.460000000000000000e+02 6.831550598144531250e-02 1.010132538078707003e+05 -5.501423347002079023e-01
1.470000000000000000e+02 7.316517829895019531e-02 1.143183249906798883e+05 1.159678844105059385e-02
1.480000000000000000e+02 7.394766807556152344e-02 9.908831922015978489e+04 -6.375838250483272240e-01
1.490000000000000000e+02 7.007622718811035156e-02 1.242831289979656431e+05 5.809232083053721407e-01
1.500000000000000000e+02 6.735539436340332031e-02 1.132184380095979432e+05 -8.174346743585822125e-03
1.510000000000000000e+02 1.653606891632080078e-01 1.381913291535121680e+05 1.305060030518435887e+00
1.520000000000000000e+02 6.904053688049316406e-02 1.042030814624690101e+05 -6.074471557859539850e-01
1.530000000000000000e+02 6.907749176025390625e-02 9.899197082654622500e+04 -8.441731494206682340e-01
1.540000000000000000e+02 7.160973548889160156e-02 1.270967905384542537e+05 7.340450940647765821e-01
1.550000000000000000e+02 6.776094436645507812e-02 1.283302441703267832e+05 7.569987693213565683e-01
1.560000000000000000e+02 6.718659400939941406e-02 1.105727665683921514e+05 -2.871875749915219767e-01
1.570000000000000000e+02 6.835484504699707031e-02 1.178232224230598076e+05 1.469822412899634279e-01
1.580000000000000000e+02 9.238600730895996094e-02 1.266718945379295183e+05 6.784064583648616864e-01
1.590000000000000000e+02 6.745743751525878906e-02 1.389520638336282573e+05 1.407002186364511687e+00
1.600000000000000000e+02 7.020211219787597656e-02 1.248003349705339351e+05 4.383654891827348243e-01
1.610000000000000000e+02 6.783413887023925781e-02 1.199538187292109797e+05 1.254459143366885576e-01
1.620000000000000000e+02 7.496023178100585938e-02 1.430036565577783040e+05 1.584402039211443292e+00
1.630000000000000000e+02 1.663932800292968750e-01 1.500916337593598582e+05 1.887241605978013714e+00
1.640000000000000000e+02 1.005849838256835938e-01 1.952370776153128536e+05 4.311626742182055771e+00
1.640000000000000000e+02 1.711087226867675781e-01 1.748202597259136965e+05 0.000000000000000000e+00
1.650000000000000000e+02 7.102417945861816406e-02 1.466732111386326433e+05 0.000000000000000000e+00
1.660000000000000000e+02 6.959843635559082031e-02 1.637594708868807065e+05 1.513711580287500913e-01
1.670000000000000000e+02 1.228692531585693359e-01 1.701689629155793518e+05 5.936263809304267447e-01
1.680000000000000000e+02 1.393806934356689453e-01 2.092784472806362319e+05 3.687015134541745009e+00
1.680000000000000000e+02 2.094533443450927734e-01 1.951333292276956199e+05 0.000000000000000000e+00
1.690000000000000000e+02 7.202887535095214844e-02 1.806738133790157153e+05 0.000000000000000000e+00
1.700000000000000000e+02 5.461184978485107422e-01 2.872699157065275940e+05 9.718529539232866554e+00
1.700000000000000000e+02 3.521442413330078125e-04 4.597780528935688199e+04 0.000000000000000000e+00
1.710000000000000000e+02 5.407171249389648438e-01 2.889377132400968112e+05 6.766003228620561138e+00
1.710000000000000000e+02 3.452301025390625000e-04 4.444496621830997901e+04 0.000000000000000000e+00
1.720000000000000000e+02 6.714415550231933594e-02 1.265065651606129104e+05 1.904046653022077429e+00
1.730000000000000000e+02 6.695032119750976562e-02 1.140691073761635635e+05 6.683676249553663906e-01
1.740000000000000000e+02 6.779193878173828125e-02 1.200053150729348854e+05 7.319853159349306582e-01
1.750000000000000000e+02 1.099894046783447266e-01 1.098511008514171408e+05 3.298665687678716818e-01
1.760000000000000000e+02 7.741332054138183594e-02 1.179744064537539525e+05 5.715751286840464740e-01
1.770000000000000000e+02 6.875395774841308594e-02 1.331459640141219716e+05 1.055158722374967439e+00
1.780000000000000000e+02 6.719422340393066406e-02 1.207846705391546566e+05 4.899767926491321868e-01
1.790000000000000000e+02 7.206988334655761719e-02 1.284152033678486769e+05 7.414476814906724167e-01
1.800000000000000000e+02 6.794905662536621094e-02 1.501882163138189935e+05 1.517395792257375309e+00
1.810000000000000000e+02 5.198655128479003906e-01 3.349624355605621822e+05 8.001676169023969720e+00
1.810000000000000000e+02 3.445148468017578125e-04 3.879388162242122053e+04 0.000000000000000000e+00
1.820000000000000000e+02 7.641367912292480469e-01 5.027848901513925521e+05 1.620747741710095013e+01
1.820000000000000000e+02 4.615783691406250000e-04 6.225110311203101446e+04 0.000000000000000000e+00
1.830000000000000000e+02 5.118732452392578125e-01 3.637981317650444689e+05 6.143404716528283238e+00
1.830000000000000000e+02 3.485679626464843750e-04 5.554109502274519036e+04 0.000000000000000000e+00
1.840000000000000000e+02 6.944108009338378906e-02 2.158830003929635277e+05 3.375594452889668862e+00
1.840000000000000000e+02 1.393892765045166016e-01 2.154267675041561597e+05 0.000000000000000000e+00
1.850000000000000000e+02 7.370114326477050781e-02 1.575212772466529859e+05 0.000000000000000000e+00
1.860000000000000000e+02 1.448194980621337891e-01 2.062797173475929594e+05 4.837103065242431832e-01
1.870000000000000000e+02 1.384267807006835938e-01 1.850451351468056091e+05 -2.579837865087402093e-01
1.880000000000000000e+02 7.350039482116699219e-02 2.569449202615070681e+05 2.560110498617018671e+00
1.890000000000000000e+02 6.893801689147949219e-02 2.910613525335805607e+05 2.350250788298997584e+00
1.900000000000000000e+02 6.829929351806640625e-02 2.397190989569161902e+05 4.335161136582169616e-01
1.910000000000000000e+02 6.755900382995605469e-02 1.899522751880004362e+05 -7.067624354409258736e-01
1.920000000000000000e+02 6.726908683776855469e-02 2.039758361362779397e+05 -3.194801720859626881e-01
1.930000000000000000e+02 1.080055236816406250e-01 1.954023872436522215e+05 -5.129557010197383082e-01
1.940000000000000000e+02 6.833386421203613281e-02 1.940665709258131683e+05 -5.169902692778302056e-01
1.950000000000000000e+02 6.765294075012207031e-02 2.189462552349799080e+05 1.778767613891499566e-01
1.960000000000000000e+02 9.794259071350097656e-02 1.532065569720172498e+05 -1.674268022747975593e+00
1.970000000000000000e+02 1.081988811492919922e-01 1.760285415716493153e+05 -8.504537578903770267e-01
1.980000000000000000e+02 6.799364089965820312e-02 1.861882837356004457e+05 -5.284587183834373869e-01
1.990000000000000000e+02 6.986474990844726562e-02 2.087646916572858463e+05 1.129186794952191791e-01
2.000000000000000000e+02 7.325458526611328125e-02 2.181045029643864546e+05 3.747879316219767110e-01
2.010000000000000000e+02 6.943488121032714844e-02 2.427944941933912924e+05 1.083756128048918743e+00
2.020000000000000000e+02 7.071352005004882812e-02 1.930991151497917308e+05 -4.263773101221881578e-01
2.030000000000000000e+02 6.925845146179199219e-02 2.345168722742171667e+05 8.208461936444397811e-01
2.040000000000000000e+02 1.148891448974609375e-01 1.948886080566282035e+05 -4.051215270004809299e-01
2.050000000000000000e+02 7.155728340148925781e-02 2.167472394710511144e+05 2.778209415841115804e-01
2.060000000000000000e+02 7.023954391479492188e-02 2.308615668981955096e+05 7.150951605225526198e-01
2.070000000000000000e+02 6.833386421203613281e-02 2.232327456416023197e+05 4.493487720633180249e-01
2.080000000000000000e+02 8.440184593200683594e-02 1.903422406709315837e+05 -6.269935928723253671e-01
2.090000000000000000e+02 1.387677192687988281e-01 2.281485441590193368e+05 6.309279352162383558e-01
2.100000000000000000e+02 7.585120201110839844e-02 2.117296523581829970e+05 6.864548991896951557e-02
2.110000000000000000e+02 6.957650184631347656e-02 2.281325871697566472e+05 6.232674363867861667e-01
2.120000000000000000e+02 1.484911441802978516e-01 2.458174152736504911e+05 1.214457861446462728e+00
2.130000000000000000e+02 1.375615596771240234e-01 2.747429462922863895e+05 2.148154603866262669e+00
2.140000000000000000e+02 9.142184257507324219e-02 2.774766999539305689e+05 2.050668977493420364e+00
2.150000000000000000e+02 6.820964813232421875e-02 2.499611817924053175e+05 1.047199056674609441e+00
2.160000000000000000e+02 6.839823722839355469e-02 2.247164984461061831e+05 2.408288990450793698e-01
2.170000000000000000e+02 6.879448890686035156e-02 2.637005620949955774e+05 1.448173139653134323e+00
2.180000000000000000e+02 6.779432296752929688e-02 2.123358387572300271e+05 -1.872558846930906795e-01
2.190000000000000000e+02 6.762981414794921875e-02 2.675376958671585890e+05 1.528634256083648557e+00
2.200000000000000000e+02 6.877660751342773438e-02 3.166815873046146589e+05 2.958079484379790181e+00
2.210000000000000000e+02 6.833410263061523438e-02 2.705416418141511967e+05 1.338451251982119006e+00
2.220000000000000000e+02 1.652467250823974609e-01 2.270765661785837437e+05 9.700766987845740874e-02
2.230000000000000000e+02 7.093191146850585938e-02 2.002615589161552198e+05 -6.502024538088652106e-01
2.240000000000000000e+02 6.851863861083984375e-02 1.973870584037853114e+05 -7.193561434567053992e-01
2.250000000000000000e+02 6.934857368469238281e-02 2.314052808531474147e+05 2.533449051866900059e-01
2.260000000000000000e+02 6.833028793334960938e-02 2.248397071795886150e+05 6.284251758647019237e-02
2.270000000000000000e+02 6.878304481506347656e-02 2.695618537929179147e+05 1.353664332998739006e+00
2.280000000000000000e+02 6.940031051635742188e-02 2.706818940007643541e+05 1.342953091788305686e+00
2.290000000000000000e+02 6.885290145874023438e-02 3.075462046959460713e+05 2.347786726301621218e+00
2.300000000000000000e+02 1.056995391845703125e-01 3.218581246208589873e+05 2.579836022318334976e+00
2.310000000000000000e+02 5.134589672088623047e-01 4.370678920067454455e+05 5.334319586192393992e+00
2.310000000000000000e+02 3.488063812255859375e-04 2.739640974207366162e+04 0.000000000000000000e+00
2.320000000000000000e+02 5.545094013214111328e-01 4.014174353823050042e+05 1.860000725502927565e+01
2.320000000000000000e+02 3.423690795898437500e-04 4.201095558188296127e+04 0.000000000000000000e+00
2.330000000000000000e+02 6.753110885620117188e-02 1.913938506258798297e+05 4.321565221905942167e+00
2.330000000000000000e+02 1.350374221801757812e-01 1.892163838071497448e+05 0.000000000000000000e+00
2.340000000000000000e+02 7.020688056945800781e-02 1.450648937079022289e+05 0.000000000000000000e+00
2.350000000000000000e+02 6.811070442199707031e-02 1.120905671640957444e+05 -1.763305330851466790e+00
2.360000000000000000e+02 7.003450393676757812e-02 1.446059434486668324e+05 -1.081375923816764173e-01
2.370000000000000000e+02 1.222789287567138672e-01 1.491922955876930209e+05 4.572291973777972002e-02
2.380000000000000000e+02 1.205718517303466797e-01 1.579935180797527719e+05 3.630753437152414165e-01
2.390000000000000000e+02 6.927728652954101562e-02 1.371414042873469298e+05 -5.047336523134990927e-01
2.400000000000000000e+02 6.980252265930175781e-02 1.473991005750173063e+05 -2.162766713631899748e-02
2.410000000000000000e+02 6.686797142028808594e-01 8.506862269778925693e+05 3.273102863413123487e+01
2.410000000000000000e+02 3.447532653808593750e-04 3.415923304230844224e+04 0.000000000000000000e+00
2.420000000000000000e+02 5.925154685974121094e-01 9.150537313209861750e+05 3.576247510147978659e+01
2.420000000000000000e+02 3.516674041748046875e-04 4.277450333821951790e+04 0.000000000000000000e+00
2.430000000000000000e+02 9.572186470031738281e-01 8.435125840202926192e+05 2.576695054813289332e+01
2.430000000000000000e+02 3.526210784912109375e-04 4.442347352403956029e+04 0.000000000000000000e+00
2.440000000000000000e+02 5.895485877990722656e-01 7.966248607695425162e+05 2.323909370902929439e+01
2.440000000000000000e+02 3.507137298583984375e-04 5.739334043030149041e+04 0.000000000000000000e+00
2.450000000000000000e+02 1.683394908905029297e-01 2.049134349453629402e+05 2.927895412824358168e+00
2.460000000000000000e+02 1.132228374481201172e-01 1.736335643893243687e+05 6.446194859190654824e-01
2.470000000000000000e+02 7.211208343505859375e-02 1.565483081022543483e+05 2.890254072080364889e-01
2.480000000000000000e+02 6.886053085327148438e-02 2.334583976519517309e+05 1.609653008448312717e+00
2.490000000000000000e+02 7.583069801330566406e-02 2.150330081935903290e+05 9.181313852374267670e-01
2.500000000000000000e+02 6.683349609375000000e-02 3.237539662097695400e+05 2.560703056327247484e+00
2.510000000000000000e+02 6.711578369140625000e-02 1.806169562999449845e+05 -5.388812830895751971e-02
2.520000000000000000e+02 6.946301460266113281e-02 1.881106820127995743e+05 4.864246354928873639e-02
2.530000000000000000e+02 6.726384162902832031e-02 2.278122415127431741e+05 6.073937395672847073e-01
2.540000000000000000e+02 6.823801994323730469e-02 1.746527673382437497e+05 -2.059045336186512698e-01
2.550000000000000000e+02 1.375699043273925781e-01 2.105206383781328914e+05 3.514887029314201494e-01
2.560000000000000000e+02 6.689453125000000000e-02 2.027140866331559664e+05 2.129610033452854212e-01
2.570000000000000000e+02 6.750464439392089844e-02 2.230830615586304339e+05 5.421003823770534913e-01
2.580000000000000000e+02 7.012581825256347656e-02 2.389295287208856025e+05 7.885640053012049622e-01
2.590000000000000000e+02 1.524381637573242188e-01 2.356706936421484861e+05 6.936784206910275863e-01
2.600000000000000000e+02 7.466292381286621094e-02 2.850304578700272832e+05 1.528903254765080488e+00
2.610000000000000000e+02 6.933403015136718750e-02 2.713532551599747967e+05 1.163769995086786579e+00
2.620000000000000000e+02 7.531523704528808594e-02 2.512511124120654713e+05 7.563684007740871795e-01
2.630000000000000000e+02 2.183182239532470703e-01 2.686067203699348611e+05 1.022365367466431252e+00
2.640000000000000000e+02 1.366634368896484375e-01 2.890711127557182917e+05 1.321701348228492501e+00
2.650000000000000000e+02 1.009490489959716797e-01 3.128087388527158764e+05 1.639331346779342224e+00
2.660000000000000000e+02 6.979894638061523438e-02 3.047323134905070183e+05 1.384321372978841502e+00
2.670000000000000000e+02 6.997752189636230469e-02 2.770224671380948857e+05 8.630305477026057881e-01
2.680000000000000000e+02 1.145770549774169922e-01 2.814370047909325804e+05 9.040099635284226665e-01
2.690000000000000000e+02 1.367092132568359375e-01 2.606551010675576399e+05 5.394931680594718948e-01
2.700000000000000000e+02 1.653344631195068359e-01 2.470034858360920043e+05 3.046860278751814533e-01
2.710000000000000000e+02 1.369073390960693359e-01 2.551000273817627167e+05 4.329313497818992329e-01
2.720000000000000000e+02 1.322288513183593750e-01 2.785023948301373166e+05 8.174913597626169981e-01
2.730000000000000000e+02 6.794214248657226562e-02 2.675122596513702301e+05 6.093008882596817610e-01
2.740000000000000000e+02 6.711053848266601562e-02 2.700722937115292298e+05 6.397972259348013724e-01
2.750000000000000000e+02 6.863093376159667969e-02 2.904257525472103152e+05 9.772086786311481310e-01
2.760000000000000000e+02 6.757330894470214844e-02 3.769438397452678182e+05 2.443650318169019009e+00
2.770000000000000000e+02 6.775474548339843750e-02 4.206880673545804457e+05 2.922482913379153668e+00
2.780000000000000000e+02 1.576423645019531250e-01 2.925446721159057342e+05 6.986861241601619588e-01
2.790000000000000000e+02 7.429432868957519531e-02 2.691696836353091639e+05 3.393915444164595785e-01
2.800000000000000000e+02 6.884312629699707031e-02 2.643992840740857064e+05 2.630663831769933236e-01
2.810000000000000000e+02 1.104023456573486328e-01 2.739447069634871441e+05 4.039393929842280406e-01
2.820000000000000000e+02 6.860542297363281250e-02 2.680443125062818872e+05 3.076815171024709361e-01
2.830000000000000000e+02 6.878948211669921875e-02 2.819928286552370992e+05 5.196105408058222519e-01
2.840000000000000000e+02 7.303547859191894531e-02 2.990023454585692380e+05 7.776141372421701004e-01
2.850000000000000000e+02 6.903505325317382812e-02 3.080946826707617729e+05 9.057954894349301567e-01
2.860000000000000000e+02 6.921076774597167969e-02 4.315081619189925259e+05 2.830716710590194030e+00
2.870000000000000000e+02 1.070232391357421875e-01 4.620144186374011333e+05 3.016145039607145417e+00
2.870000000000000000e+02 2.453687191009521484e-01 2.029817673078613589e+05 0.000000000000000000e+00
2.880000000000000000e+02 1.417195796966552734e-01 1.430673841420447570e+05 0.000000000000000000e+00
2.890000000000000000e+02 1.323947906494140625e-01 1.648366233358810423e+05 -1.932676713810745905e-01
2.900000000000000000e+02 1.430575847625732422e-01 1.661322089886883914e+05 -1.372680201468422789e-01
2.910000000000000000e+02 8.603835105895996094e-02 1.884431071620868170e+05 7.721790909717997087e-01
2.920000000000000000e+02 7.152223587036132812e-02 2.586951820854650578e+05 3.694795611481176412e+00
2.920000000000000000e+02 2.032647132873535156e-01 1.544619177424750233e+05 0.000000000000000000e+00
2.930000000000000000e+02 6.966090202331542969e-02 1.754235275143600302e+05 0.000000000000000000e+00
2.940000000000000000e+02 7.059693336486816406e-02 1.913239116927572177e+05 1.779855448714563915e+00
2.950000000000000000e+02 7.210350036621093750e-02 2.141610530889584916e+05 2.186435345803995123e+00
2.960000000000000000e+02 7.252907752990722656e-02 1.862211240506701288e+05 9.428279786171731014e-02
2.970000000000000000e+02 7.212996482849121094e-02 2.890270243403358618e+05 4.787000254807840527e+00
2.970000000000000000e+02 1.442680358886718750e-01 1.782218177214420284e+05 0.000000000000000000e+00
2.980000000000000000e+02 7.105016708374023438e-02 2.721634966904977919e+05 0.000000000000000000e+00
2.990000000000000000e+02 6.930565834045410156e-02 3.083717617941518547e+05 1.252191988748734053e+00
