1.951140788457283750e+07
1.000000000000000000e+00 1.229763031005859375e-03 1.383503058459202002e+05 0.000000000000000000e+00
2.000000000000000000e+00 1.221179962158203125e-03 1.544470185392927087e+05 9.797468605251542506e-01
3.000000000000000000e+00 1.217842102050781250e-03 9.146972980482873390e+04 -4.566665922291326951e-01
4.000000000000000000e+00 1.213788986206054688e-03 1.386048510777472984e+05 6.359293090153395056e-01
5.000000000000000000e+00 1.210212707519531250e-03 1.068478633884735027e+05 -2.105107196406641457e-01
6.000000000000000000e+00 1.209974288940429688e-03 1.078368143848168111e+05 -1.685938797024658931e-01
7.000000000000000000e+00 1.212835311889648438e-03 1.386040011005885899e+05 7.477360410482886133e-01
8.000000000000000000e+00 1.214742660522460938e-03 1.192867651492553705e+05 8.895989742215749951e-02
9.000000000000000000e+00 1.210689544677734375e-03 1.177202394493428146e+05 3.331960140690912869e-02
1.000000000000000000e+01 1.213550567626953125e-03 1.263287206040766469e+05 3.300547916548358662e-01
1.100000000000000000e+01 8.333921432495117188e-03 1.074359721132315462e+05 -3.716469600476425827e-01
1.200000000000000000e+01 1.219034194946289062e-03 1.276381958370757347e+05 4.096869559265817751e-01
1.300000000000000000e+01 1.226902008056640625e-03 1.193202951150621957e+05 6.565425952945846966e-02
1.400000000000000000e+01 1.213788986206054688e-03 1.330126902489207278e+05 6.228994179679209209e-01
1.500000000000000000e+01 1.216888427734375000e-03 1.147462423601217015e+05 -1.688655935473936109e-01
1.600000000000000000e+01 1.213312149047851562e-03 1.357063954601596051e+05 7.428019223011268490e-01
1.700000000000000000e+01 1.216888427734375000e-03 1.633259004485725891e+05 1.922737671463397913e+00
1.800000000000000000e+01 1.213312149047851562e-03 1.574214286518765148e+05 1.453739760952050375e+00
1.900000000000000000e+01 1.426458358764648438e-03 2.277757901358369563e+05 4.148641206567173612e+00
1.900000000000000000e+01 2.650022506713867188e-03 2.119370292817042209e+05 0.000000000000000000e+00
2.000000000000000000e+01 1.231908798217773438e-03 3.154152992389485589e+05 0.000000000000000000e+00
2.100000000000000000e+01 1.231670379638671875e-03 1.980336233657295816e+05 -8.971214114821054464e-01
2.200000000000000000e+01 1.224756240844726562e-03 2.454294338076109707e+05 5.666386092233839655e-02
2.300000000000000000e+01 1.221895217895507812e-03 1.908436089416230679e+05 -9.897514537109751709e-01
2.400000000000000000e+01 1.228570938110351562e-03 1.397255444381875277e+05 -1.817206986366816324e+00
2.500000000000000000e+01 1.218318939208984375e-03 1.346566164207904367e+05 -1.388751307946584523e+00
2.600000000000000000e+01 1.221895217895507812e-03 1.457670095663220854e+05 -9.522547850781394319e-01
2.700000000000000000e+01 1.223087310791015625e-03 1.455559887381613371e+05 -8.492304805065863382e-01
2.800000000000000000e+01 1.223802566528320312e-03 1.659917332003163756e+05 -4.320188920988723980e-01
2.900000000000000000e+01 1.228332519531250000e-03 1.060105389634861494e+05 -1.456841364798590721e+00
3.000000000000000000e+01 1.227140426635742188e-03 1.570985275036066887e+05 -4.124458792978862864e-01
3.100000000000000000e+01 1.230001449584960938e-03 2.520379290856127918e+05 1.258947511519241669e+00
3.200000000000000000e+01 1.222848892211914062e-03 2.389194369075325667e+05 9.162678711608148729e-01
3.300000000000000000e+01 1.231670379638671875e-03 1.722894425318682916e+05 -2.895939991379403722e-01
3.400000000000000000e+01 1.222610473632812500e-03 1.367520118466124986e+05 -9.129962896583269094e-01
3.500000000000000000e+01 1.239299774169921875e-03 1.318886790434363356e+05 -9.495504565718979606e-01
3.600000000000000000e+01 1.231908798217773438e-03 1.135404104819600325e+05 -1.228932648426136920e+00
3.700000000000000000e+01 1.230478286743164062e-03 1.190314241938334162e+05 -1.048539990209572670e+00
3.800000000000000000e+01 1.247882843017578125e-03 1.428025154121846426e+05 -5.691742994168597081e-01
3.900000000000000000e+01 1.234054565429687500e-03 1.758466064986370911e+05 4.822927618870108402e-02
4.000000000000000000e+01 1.238584518432617188e-03 1.445150991145301668e+05 -5.356235091546408533e-01
4.100000000000000000e+01 1.225709915161132812e-03 1.622592060119792295e+05 -1.844648860978426175e-01
4.200000000000000000e+01 1.247406005859375000e-03 1.837573312853414973e+05 2.357466726684062930e-01
4.300000000000000000e+01 1.242637634277343750e-03 2.052282429294843460e+05 6.552279414538350055e-01
4.400000000000000000e+01 1.251935958862304688e-03 1.947383890731663851e+05 4.268822539125055049e-01
4.500000000000000000e+01 1.248121261596679688e-03 1.962366930058553407e+05 4.479070241342479886e-01
4.600000000000000000e+01 1.230478286743164062e-03 1.668658012067699747e+05 -1.692162690435273231e-01
4.700000000000000000e+01 1.240015029907226562e-03 1.682628046393300465e+05 -1.367683813339945487e-01
4.800000000000000000e+01 1.234531402587890625e-03 1.470093383554141328e+05 -5.901463695545354771e-01
4.900000000000000000e+01 1.228332519531250000e-03 1.806875773917089973e+05 1.534172933489548474e-01
5.000000000000000000e+01 1.231908798217773438e-03 1.877578115172371326e+05 3.068715559976940566e-01
5.100000000000000000e+01 1.243591308593750000e-03 1.794343478422146873e+05 1.154236000815219987e-01
5.200000000000000000e+01 1.226663589477539062e-03 1.746979624492151197e+05 5.999082829711305069e-03
5.300000000000000000e+01 1.234292984008789062e-03 1.678034720157573174e+05 -1.532818151169078880e-01
5.400000000000000000e+01 1.258611679077148438e-03 1.887015360264024057e+05 3.385371549003687863e-01
5.500000000000000000e+01 1.258134841918945312e-03 1.794296587150128325e+05 1.133480573523883150e-01
5.600000000000000000e+01 1.255989074707031250e-03 1.469139920512556855e+05 -6.706546992366871907e-01
5.700000000000000000e+01 1.230001449584960938e-03 1.439791279537537484e+05 -7.291925665159142422e-01
5.800000000000000000e+01 1.222372055053710938e-03 2.103426397330723994e+05 9.045548042621673890e-01
5.900000000000000000e+01 1.513719558715820312e-03 3.089748864405100467e+05 3.297617748543659300e+00
5.900000000000000000e+01 3.159523010253906250e-03 1.398480349332188489e+05 0.000000000000000000e+00
6.000000000000000000e+01 1.226663589477539062e-03 2.299558785884084355e+05 0.000000000000000000e+00
6.100000000000000000e+01 1.223325729370117188e-03 2.034869885509672167e+05 2.916860835705567534e-01
6.200000000000000000e+01 1.227140426635742188e-03 2.304883451562694099e+05 8.505277758803638788e-01
6.300000000000000000e+01 1.224994659423828125e-03 2.258203056912350585e+05 5.834250582049397282e-01
6.400000000000000000e+01 1.233100891113281250e-03 2.226683812022651546e+05 4.343016117979299762e-01
6.500000000000000000e+01 1.235485076904296875e-03 2.591693096509496390e+05 1.434933298558223269e+00
6.600000000000000000e+01 1.262187957763671875e-03 2.435570137597562862e+05 7.401921577270234032e-01
6.700000000000000000e+01 1.272678375244140625e-03 2.568129957038652501e+05 1.042196849734355890e+00
6.800000000000000000e+01 1.225471496582031250e-03 2.739948276847547386e+05 1.407734659919518405e+00
6.900000000000000000e+01 1.222133636474609375e-03 2.183422815942952875e+05 -2.739383065124759153e-01
7.000000000000000000e+01 1.240253448486328125e-03 2.291117021593485842e+05 4.108571642958609715e-02
7.100000000000000000e+01 1.227855682373046875e-03 2.337832926063166233e+05 1.771569180107690211e-01
7.200000000000000000e+01 1.223087310791015625e-03 2.917954292047615745e+05 1.953712506468834098e+00
7.300000000000000000e+01 1.283884048461914062e-03 2.585221005247916619e+05 7.237651397874261816e-01
7.400000000000000000e+01 1.221179962158203125e-03 2.755574082451616414e+05 1.176031556047820725e+00
7.500000000000000000e+01 1.223087310791015625e-03 2.555282906917285000e+05 5.238035575424939694e-01
7.600000000000000000e+01 1.230478286743164062e-03 2.637648153555772733e+05 7.440135082894376861e-01
7.700000000000000000e+01 1.227378845214843750e-03 2.809548627705038525e+05 1.219094179358431562e+00
7.800000000000000000e+01 1.261472702026367188e-03 2.912750831318387645e+05 1.442660303047734072e+00
7.900000000000000000e+01 1.273393630981445312e-03 2.954140453842623392e+05 1.454157402702621171e+00
8.000000000000000000e+01 1.225709915161132812e-03 3.325953768479735008e+05 2.381462485535307927e+00
8.100000000000000000e+01 1.232147216796875000e-03 2.460463347046085401e+05 -1.138491748187949737e-01
8.200000000000000000e+01 1.233816146850585938e-03 2.955681078753520851e+05 1.165057345729392013e+00
8.300000000000000000e+01 3.939328193664550781e-01 5.410821040846476099e+05 7.396735717255630504e+00
8.300000000000000000e+01 1.112461090087890625e-03 4.223772376272722613e+04 0.000000000000000000e+00
8.400000000000000000e+01 3.957560062408447266e-01 2.892360647029439569e+05 7.562950705896981596e+00
8.400000000000000000e+01 8.196830749511718750e-04 4.581509470776052331e+04 0.000000000000000000e+00
8.500000000000000000e+01 7.497005462646484375e-01 3.599841967385184253e+05 8.990618560309146190e+00
8.500000000000000000e+01 9.479522705078125000e-04 4.321459980857646588e+04 0.000000000000000000e+00
8.600000000000000000e+01 4.063038825988769531e-01 2.412151160060630355e+05 5.772532428796065318e+00
8.600000000000000000e+01 8.208751678466796875e-04 4.449904766080842819e+04 0.000000000000000000e+00
8.700000000000000000e+01 1.480102539062500000e-03 1.855250436860050249e+05 3.774806578987684791e+00
8.700000000000000000e+01 2.726316452026367188e-03 1.825962852843494329e+05 0.000000000000000000e+00
8.800000000000000000e+01 1.316785812377929688e-03 1.692353528232127137e+05 0.000000000000000000e+00
8.900000000000000000e+01 1.245498657226562500e-03 1.898648092725979513e+05 1.476457665379303785e+00
9.000000000000000000e+01 4.024436473846435547e-01 2.662903718368101981e+05 8.192683435857226470e+00
9.000000000000000000e+01 7.736682891845703125e-04 4.106334582283661439e+04 0.000000000000000000e+00
9.100000000000000000e+01 4.223906993865966797e-01 2.523098370238664502e+05 6.568180871922376873e+00
9.100000000000000000e+01 7.705688476562500000e-04 5.799095145004379447e+04 0.000000000000000000e+00
9.200000000000000000e+01 1.251697540283203125e-03 2.031492939498204505e+05 2.832840254026787186e+00
9.300000000000000000e+01 1.232147216796875000e-03 1.909424313103336317e+05 8.928207099087497323e-01
9.400000000000000000e+01 1.235723495483398438e-03 1.277196783201500803e+05 -2.102644511321177245e-01
9.500000000000000000e+01 1.233816146850585938e-03 1.717264096539308375e+05 5.498867573460934910e-01
9.600000000000000000e+01 1.247167587280273438e-03 1.445359151169619581e+05 -9.007036150095443618e-04
9.700000000000000000e+01 1.249313354492187500e-03 1.574268122349008045e+05 2.576923797716543785e-01
9.800000000000000000e+01 1.240253448486328125e-03 1.322471050466576417e+05 -3.004647303470267539e-01
9.900000000000000000e+01 1.243591308593750000e-03 1.237055184768515173e+05 -4.796384022037198935e-01
1.000000000000000000e+02 1.255989074707031250e-03 1.400281876296204864e+05 -6.034029048934103773e-02
1.010000000000000000e+02 1.243352890014648438e-03 1.315846511876832810e+05 -2.713586031988550751e-01
1.020000000000000000e+02 1.250743865966796875e-03 1.239278733010914293e+05 -4.624292141296141301e-01
1.030000000000000000e+02 1.239538192749023438e-03 1.333013958528052899e+05 -1.853600896653232466e-01
1.040000000000000000e+02 1.248836517333984375e-03 1.565133303248715529e+05 4.814072578159034332e-01
1.050000000000000000e+02 1.255750656127929688e-03 1.018021385424367618e+05 -1.139425406721888301e+00
1.060000000000000000e+02 1.249551773071289062e-03 1.522564071568716026e+05 4.060916342750858221e-01
1.070000000000000000e+02 1.258373260498046875e-03 1.518810512623650720e+05 3.815007547754271089e-01
1.080000000000000000e+02 1.242876052856445312e-03 1.592885251916963025e+05 5.968936776743911654e-01
1.090000000000000000e+02 1.249790191650390625e-03 1.386252713834993774e+05 -6.926123050857924124e-02
1.100000000000000000e+02 1.233577728271484375e-03 1.237631939647099935e+05 -5.444883217775871032e-01
1.110000000000000000e+02 1.243352890014648438e-03 1.418818749668627861e+05 6.399215698919515083e-02
1.120000000000000000e+02 1.259803771972656250e-03 1.193681217833072005e+05 -6.912539330575480090e-01
1.130000000000000000e+02 1.251459121704101562e-03 1.506379106440582254e+05 3.906740649517700947e-01
1.140000000000000000e+02 1.260757446289062500e-03 1.428122903014826006e+05 1.111546916520571304e-01
1.150000000000000000e+02 1.247882843017578125e-03 1.386989624744823959e+05 -3.616685478667830411e-02
1.160000000000000000e+02 1.253128051757812500e-03 1.629290720840184949e+05 8.370958441783992177e-01
1.170000000000000000e+02 1.243591308593750000e-03 1.717526238175513281e+05 1.130946355385218149e+00
1.180000000000000000e+02 1.271009445190429688e-03 1.614022353199610952e+05 7.123863257630005386e-01
1.190000000000000000e+02 1.260757446289062500e-03 1.996647905572419113e+05 2.087598763296023563e+00
1.200000000000000000e+02 1.271247863769531250e-03 1.800912763593402633e+05 1.238396614135953255e+00
1.210000000000000000e+02 1.260519027709960938e-03 1.405592488375051180e+05 -1.661946690330373122e-01
1.220000000000000000e+02 1.291513442993164062e-03 1.578528030352520000e+05 4.387332625402685093e-01
1.230000000000000000e+02 1.272678375244140625e-03 1.506680215355836845e+05 1.774671103601482836e-01
1.240000000000000000e+02 1.256704330444335938e-03 1.676584982412514510e+05 7.832719651485803292e-01
1.250000000000000000e+02 1.270055770874023438e-03 1.529073605480178667e+05 2.340419834909974461e-01
1.260000000000000000e+02 1.273870468139648438e-03 1.581015549556606275e+05 4.203872405522151579e-01
1.270000000000000000e+02 1.260757446289062500e-03 1.364212910035631794e+05 -3.872722760315632784e-01
1.280000000000000000e+02 1.268863677978515625e-03 1.777375397491822077e+05 1.163052222617403153e+00
1.290000000000000000e+02 1.475334167480468750e-03 2.378621496186645527e+05 3.366862686871852084e+00
1.290000000000000000e+02 2.700805664062500000e-03 1.431858148153887014e+05 0.000000000000000000e+00
1.300000000000000000e+02 1.256704330444335938e-03 2.009697499404959381e+05 0.000000000000000000e+00
1.310000000000000000e+02 2.907013893127441406e-02 2.913586639748196467e+05 2.919299977076633468e+00
1.320000000000000000e+02 1.079130172729492188e-02 2.108403000820668822e+05 -1.336034483945917548e-02
1.330000000000000000e+02 7.040500640869140625e-03 1.749102162195361452e+05 -6.014869517763048457e-01
1.340000000000000000e+02 1.106715202331542969e-02 1.604146334772912669e+05 -7.927554168370130050e-01
1.350000000000000000e+02 1.024055480957031250e-02 1.909078439238172723e+05 -1.148067573614252185e-01
1.360000000000000000e+02 7.576465606689453125e-03 2.126346146980795311e+05 3.443025086606865681e-01
1.370000000000000000e+02 7.019758224487304688e-03 1.949087305969277804e+05 -7.226955157846348676e-02
1.380000000000000000e+02 1.271724700927734375e-03 1.675204479523827322e+05 -7.207180977545960543e-01
1.390000000000000000e+02 4.189476966857910156e-01 6.096143787841788726e+05 1.018265111547210644e+01
1.390000000000000000e+02 7.929801940917968750e-04 2.551192948257339231e+04 0.000000000000000000e+00
1.400000000000000000e+02 4.025063514709472656e-01 4.146560478546941886e+05 2.086448349368835053e+01
1.400000000000000000e+02 7.793903350830078125e-04 3.550484311536636960e+04 0.000000000000000000e+00
1.410000000000000000e+02 3.979651927947998047e-01 3.408504557746915962e+05 1.145528766260266451e+01
1.410000000000000000e+02 7.796287536621093750e-04 2.918482726232400819e+04 0.000000000000000000e+00
1.420000000000000000e+02 5.127673149108886719e-01 4.364641221072964254e+05 1.902848724054229024e+01
1.420000000000000000e+02 7.750988006591796875e-04 3.209761320790066748e+04 0.000000000000000000e+00
1.430000000000000000e+02 4.063179492950439453e-01 1.647618548600909999e+05 5.138049635001077142e+00
1.430000000000000000e+02 7.762908935546875000e-04 3.083416049421801290e+04 0.000000000000000000e+00
1.440000000000000000e+02 1.467227935791015625e-03 1.360389982886986691e+05 4.118129451987875278e+00
1.440000000000000000e+02 2.667188644409179688e-03 1.356299104273237463e+05 0.000000000000000000e+00
1.450000000000000000e+02 1.257419586181640625e-03 9.378977804780942097e+04 0.000000000000000000e+00
1.460000000000000000e+02 1.239061355590820312e-03 9.945431390106957406e+04 -5.156431558909586599e-01
1.470000000000000000e+02 1.255750656127929688e-03 1.168521149694808846e+05 3.184094587901801776e-01
1.480000000000000000e+02 1.237630844116210938e-03 1.023437729763835378e+05 -4.812831109183631773e-01
1.490000000000000000e+02 1.256227493286132812e-03 1.259166523778337141e+05 9.675137906418957989e-01
1.500000000000000000e+02 1.240968704223632812e-03 1.157033148490453750e+05 2.046834328102532796e-01
1.510000000000000000e+02 1.243829727172851562e-03 1.504163583124623401e+05 2.491330687185377535e+00
1.520000000000000000e+02 3.112316131591796875e-03 1.040247079081504635e+05 -6.993229553562768652e-01
1.530000000000000000e+02 1.257181167602539062e-03 1.031849342620364769e+05 -6.899829059288872246e-01
1.540000000000000000e+02 1.252174377441406250e-03 1.269556083549214381e+05 6.793378889220209604e-01
1.550000000000000000e+02 1.241207122802734375e-03 1.270605604420229793e+05 6.423334493620582730e-01
1.560000000000000000e+02 1.258611679077148438e-03 1.593578468918495637e+05 2.510147947004532476e+00
1.570000000000000000e+02 1.239061355590820312e-03 1.379684910963951552e+05 8.921669076481220095e-01
1.580000000000000000e+02 1.285791397094726562e-03 1.410097119638476579e+05 9.898729540207801270e-01
1.590000000000000000e+02 1.245498657226562500e-03 1.456378472417453886e+05 1.160252445057941451e+00
1.600000000000000000e+02 1.252651214599609375e-03 1.208735481347416498e+05 -1.604849639623647517e-01
1.610000000000000000e+02 1.268386840820312500e-03 1.253209389535605296e+05 7.372095120165012005e-02
1.620000000000000000e+02 1.281023025512695312e-03 1.437519008518871560e+05 1.052367686871619412e+00
1.630000000000000000e+02 1.244306564331054688e-03 1.428113546688388742e+05 9.456473514582963702e-01
1.640000000000000000e+02 4.078733921051025391e-01 2.422811570077297511e+05 6.208024611295658524e+00
1.640000000000000000e+02 7.729530334472656250e-04 3.429275968088124500e+04 0.000000000000000000e+00
1.650000000000000000e+02 6.601440906524658203e-01 2.740214010756908683e+05 9.179163647461082931e+00
1.650000000000000000e+02 7.734298706054687500e-04 3.880060619802638394e+04 0.000000000000000000e+00
1.660000000000000000e+02 1.460075378417968750e-03 1.735725939598840196e+05 4.205094124852251980e+00
1.660000000000000000e+02 2.652406692504882812e-03 2.279624971114087384e+05 0.000000000000000000e+00
1.670000000000000000e+02 1.257181167602539062e-03 1.428939341319177474e+05 0.000000000000000000e+00
1.680000000000000000e+02 1.233100891113281250e-03 1.985143889875175373e+05 2.175497411190362163e-01
1.690000000000000000e+02 1.242399215698242188e-03 1.815291124680216017e+05 -1.912301804928430993e-01
1.700000000000000000e+02 1.445770263671875000e-03 3.167006038705763640e+05 3.631708822984194729e+00
1.700000000000000000e+02 2.646207809448242188e-03 2.570277978239656950e+05 0.000000000000000000e+00
1.710000000000000000e+02 1.234054565429687500e-03 2.451564497087835043e+05 0.000000000000000000e+00
1.720000000000000000e+02 1.232862472534179688e-03 1.543296965337590664e+05 -1.152714380816592410e+01
1.730000000000000000e+02 1.236200332641601562e-03 2.115663909652538423e+05 -1.294331979210202044e-01
1.740000000000000000e+02 1.237154006958007812e-03 2.402517238196215767e+05 5.048726504566229956e-01
1.750000000000000000e+02 1.240253448486328125e-03 1.523670694802191574e+05 -1.682753284991344023e+00
1.760000000000000000e+02 1.237154006958007812e-03 1.847111062767472467e+05 -5.469955425824789552e-01
1.770000000000000000e+02 1.267671585083007812e-03 1.879106555781817297e+05 -4.273176045432014458e-01
1.780000000000000000e+02 1.253366470336914062e-03 1.614460665886161441e+05 -1.047549429006368937e+00
1.790000000000000000e+02 1.239538192749023438e-03 1.950898130204320187e+05 -1.063119735241735697e-01
1.800000000000000000e+02 1.253604888916015625e-03 1.572317616675198369e+05 -1.086972223009335714e+00
1.810000000000000000e+02 4.053897857666015625e-01 4.488199440572673921e+05 6.578379031657878073e+00
1.810000000000000000e+02 7.822513580322265625e-04 3.673000764463961241e+04 0.000000000000000000e+00
1.820000000000000000e+02 3.932642936706542969e-01 5.261485038567102747e+05 1.813694796870041515e+01
1.820000000000000000e+02 7.729530334472656250e-04 5.911756452125634678e+04 0.000000000000000000e+00
1.830000000000000000e+02 3.990004062652587891e-01 3.572097897753653815e+05 6.423871485699904404e+00
1.830000000000000000e+02 7.681846618652343750e-04 5.245501167070415249e+04 0.000000000000000000e+00
1.840000000000000000e+02 1.466274261474609375e-03 2.117433659858100291e+05 3.587387564075880331e+00
1.840000000000000000e+02 2.657651901245117188e-03 2.163117707895591739e+05 0.000000000000000000e+00
1.850000000000000000e+02 1.238822937011718750e-03 1.721370600936180563e+05 0.000000000000000000e+00
1.860000000000000000e+02 1.233339309692382812e-03 2.387859537937232526e+05 1.426597501261915868e+00
1.870000000000000000e+02 1.351594924926757812e-03 1.896473516319330374e+05 -5.730456994048698238e-01
1.880000000000000000e+02 1.448392868041992188e-03 3.042456156191781629e+05 3.409048126628906328e+00
1.880000000000000000e+02 2.647638320922851562e-03 3.014283487029784010e+05 0.000000000000000000e+00
1.890000000000000000e+02 1.235961914062500000e-03 3.028012256802373449e+05 0.000000000000000000e+00
1.900000000000000000e+02 1.248836517333984375e-03 2.632518647655023960e+05 -4.003306405369601606e+01
1.910000000000000000e+02 1.231193542480468750e-03 2.066433061247964506e+05 -3.675922709307994030e+00
1.920000000000000000e+02 1.246690750122070312e-03 2.456453351943654125e+05 -5.069233017965701915e-01
1.930000000000000000e+02 1.228570938110351562e-03 2.275847813344367023e+05 -8.998833979487864676e-01
1.940000000000000000e+02 1.241207122802734375e-03 2.249575614333073027e+05 -8.427736498324409631e-01
1.950000000000000000e+02 1.245260238647460938e-03 2.377652560260981845e+05 -4.081711244962101248e-01
1.960000000000000000e+02 1.245737075805664062e-03 1.713725719066219172e+05 -2.256485039647338375e+00
1.970000000000000000e+02 2.407073974609375000e-03 1.670694515422972327e+05 -1.772298615431136870e+00
1.980000000000000000e+02 1.246213912963867188e-03 1.555104885998039099e+05 -1.702277811441804234e+00
1.990000000000000000e+02 1.234769821166992188e-03 1.967674445934427495e+05 -6.140725756941837199e-01
2.000000000000000000e+02 1.241683959960937500e-03 2.322542451688671426e+05 1.474250845011157440e-01
2.010000000000000000e+02 1.243829727172851562e-03 2.804094040651445393e+05 1.172673216237052118e+00
2.020000000000000000e+02 1.270055770874023438e-03 2.063677583108773979e+05 -4.906073983059718868e-01
2.030000000000000000e+02 1.242160797119140625e-03 2.527424041860879224e+05 5.394013781840538702e-01
2.040000000000000000e+02 1.246929168701171875e-03 2.099176773017335217e+05 -4.382452668056451284e-01
2.050000000000000000e+02 1.245975494384765625e-03 2.272132064637505391e+05 -2.679822975200968349e-02
2.060000000000000000e+02 1.235008239746093750e-03 2.571842589262985275e+05 6.823995826417099675e-01
2.070000000000000000e+02 1.248836517333984375e-03 2.577324981713539746e+05 6.699251344779496575e-01
2.080000000000000000e+02 1.238822937011718750e-03 2.088612529732547700e+05 -5.455014641972795175e-01
2.090000000000000000e+02 1.247406005859375000e-03 2.409375135901588656e+05 2.675139926626683429e-01
2.100000000000000000e+02 1.248121261596679688e-03 2.252984332719311351e+05 -1.360907508613028449e-01
2.110000000000000000e+02 1.246452331542968750e-03 2.448669311198979558e+05 3.754341343914942009e-01
2.120000000000000000e+02 1.246452331542968750e-03 2.538574264629931713e+05 6.049514022194749652e-01
2.130000000000000000e+02 1.250505447387695312e-03 2.855201940043551731e+05 1.439224287206841035e+00
2.140000000000000000e+02 1.240491867065429688e-03 2.968144016929566278e+05 1.654730485311259214e+00
2.150000000000000000e+02 1.251220703125000000e-03 2.658331335219963221e+05 7.539501901866296762e-01
2.160000000000000000e+02 1.245260238647460938e-03 2.479004116328106029e+05 2.711098144032019208e-01
2.170000000000000000e+02 1.245260238647460938e-03 2.928547661197137204e+05 1.444267821175492239e+00
2.180000000000000000e+02 1.271009445190429688e-03 2.282615256101295527e+05 -2.915104605509422075e-01
2.190000000000000000e+02 1.248121261596679688e-03 2.795137835205786396e+05 1.054302912894541588e+00
2.200000000000000000e+02 1.468658447265625000e-03 3.569133640608818969e+05 3.042463548766185077e+00
2.200000000000000000e+02 2.666950225830078125e-03 1.764858098471086414e+05 0.000000000000000000e+00
2.210000000000000000e+02 3.138780593872070312e-03 3.021739105294584879e+05 0.000000000000000000e+00
2.220000000000000000e+02 1.263618469238281250e-03 2.973110346690979786e+05 6.523908219467856595e-01
2.230000000000000000e+02 1.244783401489257812e-03 2.753260353783728206e+05 2.341043395815904649e-01
2.240000000000000000e+02 1.260995864868164062e-03 2.674443030369245098e+05 7.866415004761141694e-02
2.250000000000000000e+02 1.249074935913085938e-03 3.083299457053369260e+05 8.757763144124304233e-01
2.260000000000000000e+02 1.280069351196289062e-03 2.760254640962596168e+05 9.884874451420375130e-02
2.270000000000000000e+02 1.251459121704101562e-03 3.082078461370525765e+05 8.111052541210245215e-01
2.280000000000000000e+02 1.252889633178710938e-03 3.187521883998968988e+05 9.751035081011049099e-01
2.290000000000000000e+02 1.256465911865234375e-03 3.370475397802094230e+05 1.300762924252116370e+00
2.300000000000000000e+02 1.271486282348632812e-03 3.632162243297650712e+05 1.729760174598517830e+00
2.310000000000000000e+02 1.468420028686523438e-03 4.875849559119153419e+05 4.049933330459276171e+00
2.310000000000000000e+02 2.698898315429687500e-03 3.555974674411034212e+05 0.000000000000000000e+00
2.320000000000000000e+02 1.262426376342773438e-03 5.984907476985331159e+05 0.000000000000000000e+00
2.330000000000000000e+02 1.243114471435546875e-03 4.520294922213143436e+05 -1.456442444431039207e-01
2.340000000000000000e+02 1.257896423339843750e-03 3.494421504726847052e+05 -9.751550780106779115e-01
2.350000000000000000e+02 1.260280609130859375e-03 2.157422828864385374e+05 -1.918570115794281605e+00
2.360000000000000000e+02 1.281261444091796875e-03 2.366915736250412010e+05 -1.111270122507756364e+00
2.370000000000000000e+02 1.251459121704101562e-03 2.365087662693695747e+05 -9.246607448002652774e-01
2.380000000000000000e+02 1.619768142700195312e-02 2.389578046765866166e+05 -7.932037349152727401e-01
2.390000000000000000e+02 3.967976570129394531e-02 2.332131906240010867e+05 -7.601919486645003499e-01
2.400000000000000000e+02 7.525205612182617188e-03 2.815571445392026217e+05 -3.262709390935048526e-01
2.410000000000000000e+02 4.515101909637451172e-01 9.840679445473838132e+05 5.374377373732618146e+00
2.410000000000000000e+02 7.805824279785156250e-04 3.475434089576647239e+04 0.000000000000000000e+00
2.420000000000000000e+02 4.736380577087402344e-01 2.402163883601747919e+06 9.562683587730072077e+01
2.420000000000000000e+02 7.908344268798828125e-04 4.694519861576941184e+04 0.000000000000000000e+00
2.430000000000000000e+02 4.324326515197753906e-01 8.404245433517199708e+05 2.319628022912115739e+01
2.430000000000000000e+02 7.708072662353515625e-04 4.450591167210808635e+04 0.000000000000000000e+00
2.440000000000000000e+02 4.948120117187500000e-01 9.432056426604919834e+05 2.784984892007892299e+01
2.440000000000000000e+02 7.698535919189453125e-04 5.273822702415754611e+04 0.000000000000000000e+00
2.450000000000000000e+02 1.462221145629882812e-03 1.975435190109867835e+05 3.175951474400330099e+00
2.450000000000000000e+02 2.654075622558593750e-03 2.017522939821747714e+05 0.000000000000000000e+00
2.460000000000000000e+02 1.352071762084960938e-03 2.681064969423256116e+05 0.000000000000000000e+00
2.470000000000000000e+02 1.231431961059570312e-03 1.879446196479474602e+05 -1.001391083267941573e+00
2.480000000000000000e+02 1.239538192749023438e-03 2.771432591466685408e+05 1.350485475118308187e+00
2.490000000000000000e+02 1.227855682373046875e-03 2.259867205830285384e+05 -1.706781562895104409e-01
2.500000000000000000e+02 1.233816146850585938e-03 3.203395995148952352e+05 2.233083464179098421e+00
2.510000000000000000e+02 1.229524612426757812e-03 2.051460310307447216e+05 -8.277593825117256499e-01
2.520000000000000000e+02 1.236677169799804688e-03 1.852178818545856338e+05 -1.144852346968688872e+00
2.530000000000000000e+02 1.227855682373046875e-03 2.027073344645612233e+05 -6.356308799411685140e-01
2.540000000000000000e+02 1.232385635375976562e-03 1.697966277783406840e+05 -1.287103248130267774e+00
2.550000000000000000e+02 1.229524612426757812e-03 2.418210074824912299e+05 3.595110880551758981e-01
2.560000000000000000e+02 1.235723495483398438e-03 2.530730307612549514e+05 5.856591860157059903e-01
2.570000000000000000e+02 1.240968704223632812e-03 2.209859083905678126e+05 -1.623236230277788628e-01
2.580000000000000000e+02 1.240015029907226562e-03 2.611976716734802176e+05 7.807910379739020357e-01
2.590000000000000000e+02 1.240491867065429688e-03 2.602313447368869092e+05 7.145262466659881850e-01
2.600000000000000000e+02 1.245498657226562500e-03 3.229994460381505196e+05 2.196166848919737902e+00
2.610000000000000000e+02 1.240730285644531250e-03 2.958013654883690760e+05 1.261524289879351501e+00
2.620000000000000000e+02 1.243352890014648438e-03 2.652847327728844830e+05 5.158698159117470761e-01
2.630000000000000000e+02 1.235723495483398438e-03 2.676107467574137845e+05 5.492432307840967587e-01
2.640000000000000000e+02 1.247406005859375000e-03 2.675861883330752607e+05 5.304276321999054078e-01
2.650000000000000000e+02 1.273155212402343750e-03 2.593796519631405245e+05 3.268829878016706325e-01
2.660000000000000000e+02 1.243829727172851562e-03 2.856685052366158925e+05 9.316100520863376255e-01
2.670000000000000000e+02 1.240491867065429688e-03 2.944218378196847625e+05 1.097885895327285199e+00
2.680000000000000000e+02 1.248359680175781250e-03 2.911712138513856335e+05 9.706672166203084151e-01
2.690000000000000000e+02 1.236677169799804688e-03 2.634254056247553090e+05 2.833751973661368107e-01
2.700000000000000000e+02 1.246452331542968750e-03 2.216933179699391185e+05 -7.177720594913929997e-01
2.710000000000000000e+02 1.612424850463867188e-03 2.187197252949458489e+05 -7.688770257365930005e-01
2.720000000000000000e+02 1.240015029907226562e-03 2.386605989376391517e+05 -2.621710608348575833e-01
2.730000000000000000e+02 5.913734436035156250e-03 2.563472363563851395e+05 1.800073375402787557e-01
2.740000000000000000e+02 1.255035400390625000e-03 2.752348323343328666e+05 6.521781832727856498e-01
2.750000000000000000e+02 1.252889633178710938e-03 2.931874293562048697e+05 1.093358784532251216e+00
2.760000000000000000e+02 1.450777053833007812e-03 3.894560875748969847e+05 3.496458510933376562e+00
2.760000000000000000e+02 2.667903900146484375e-03 2.155418639466378954e+05 0.000000000000000000e+00
2.770000000000000000e+02 1.237154006958007812e-03 4.042248802064785850e+05 0.000000000000000000e+00
2.780000000000000000e+02 1.251220703125000000e-03 2.769516296195125906e+05 -2.468294059450242828e-01
2.790000000000000000e+02 1.260280609130859375e-03 2.668782659476396511e+05 -3.327972537651144314e-01
2.800000000000000000e+02 1.265525817871093750e-03 2.522616754398169869e+05 -4.818033749955391576e-01
2.810000000000000000e+02 1.252889633178710938e-03 2.689119684871285572e+05 -1.992499665114173257e-01
2.820000000000000000e+02 1.250743865966796875e-03 2.697260201680146274e+05 -1.722121802644139832e-01
2.830000000000000000e+02 1.452898979187011719e-02 2.834878970279699424e+05 7.265951926591530941e-02
2.840000000000000000e+02 7.156133651733398438e-03 2.845892328788521118e+05 8.885949490485227364e-02
2.850000000000000000e+02 1.240730285644531250e-03 2.852762626812078524e+05 9.787175073109673218e-02
2.860000000000000000e+02 1.255035400390625000e-03 3.727846545671354979e+05 1.912745542268386334e+00
2.870000000000000000e+02 1.245498657226562500e-03 4.164699015858159983e+05 2.384300531674549362e+00
2.880000000000000000e+02 8.359193801879882812e-03 3.296109222175436444e+05 4.753921827405637179e-01
2.890000000000000000e+02 1.244544982910156250e-03 2.213468096015858755e+05 -1.329864992758668540e+00
2.900000000000000000e+02 1.259565353393554688e-03 1.854578701263509865e+05 -1.782728932681091782e+00
2.910000000000000000e+02 1.256942749023437500e-03 1.972964555331596639e+05 -1.379749418343074074e+00
2.920000000000000000e+02 1.239538192749023438e-03 2.742182731152243796e+05 -1.315247602295689655e-01
2.930000000000000000e+02 2.179622650146484375e-03 2.599031909281995613e+05 -3.447392441353347992e-01
2.940000000000000000e+02 1.246213912963867188e-03 2.536221793593781767e+05 -4.322195083943544125e-01
2.950000000000000000e+02 1.253366470336914062e-03 2.671822720837466768e+05 -2.030636884884043369e-01
2.960000000000000000e+02 1.244544982910156250e-03 2.299612268038105103e+05 -8.067523146288778646e-01
2.970000000000000000e+02 1.254558563232421875e-03 3.250945239640012151e+05 7.952161895284057813e-01
2.980000000000000000e+02 1.260280609130859375e-03 3.611903067194587202e+05 1.368101475608441531e+00
2.990000000000000000e+02 1.249313354492187500e-03 3.524416343369462411e+05 1.142427684476816641e+00
