4.075692246054120362e+07
1.000000000000000000e+00 9.946632385253906250e-02 1.434566955979343329e+05 0.000000000000000000e+00
2.000000000000000000e+00 1.303055286407470703e-01 1.438676323868641630e+05 7.204025423852732368e-01
3.000000000000000000e+00 1.163103580474853516e-01 8.682736156456460594e+04 -1.664212211231389960e+00
4.000000000000000000e+00 1.558234691619873047e-01 1.299189398048302537e+05 3.871679716371422830e-01
5.000000000000000000e+00 1.556763648986816406e-01 1.049288797161760012e+05 -6.065681002263730859e-01
6.000000000000000000e+00 1.348545551300048828e-01 1.187300745081786736e+05 2.499785954939289651e-02
7.000000000000000000e+00 2.056975364685058594e-01 1.357462736300065881e+05 7.928102168684919571e-01
8.000000000000000000e+00 2.610015869140625000e-01 1.321958177259057411e+05 5.511972079802963664e-01
9.000000000000000000e+00 1.588020324707031250e-01 1.243978978261089651e+05 1.316304883878600673e-01
1.000000000000000000e+01 1.621887683868408203e-01 1.354166142738720810e+05 6.979912053069554645e-01
1.100000000000000000e+01 1.679730415344238281e-01 1.371550680671943992e+05 7.459316502548127836e-01
1.200000000000000000e+01 2.271614074707031250e-01 1.636847488572549191e+05 2.150593509683567994e+00
1.300000000000000000e+01 1.838874816894531250e-01 1.519584783048826503e+05 1.191271303160249095e+00
1.400000000000000000e+01 1.894221305847167969e-01 1.561989968515912478e+05 1.296051708864293994e+00
1.500000000000000000e+01 1.959338188171386719e-01 1.390963568752335559e+05 3.826420490629621196e-01
1.600000000000000000e+01 2.471365928649902344e-01 1.516449832112107833e+05 9.765534881778351606e-01
1.700000000000000000e+01 2.264673709869384766e-01 1.866301869219168148e+05 2.619927545536661295e+00
1.800000000000000000e+01 2.551691532135009766e-01 2.090535217659259797e+05 3.097899917254959057e+00
1.800000000000000000e+01 4.755330085754394531e-01 1.414380528017223696e+05 0.000000000000000000e+00
1.900000000000000000e+01 2.656805515289306641e-01 2.660806341091647628e+05 0.000000000000000000e+00
2.000000000000000000e+01 2.501723766326904297e-01 3.368546776130433427e+05 1.510119773514492669e+00
2.100000000000000000e+01 4.600510597229003906e-01 2.282667761649266467e+05 -2.007082603126720821e-01
2.200000000000000000e+01 2.594885826110839844e-01 3.052899164610709413e+05 7.633560153119277603e-01
2.300000000000000000e+01 2.694506645202636719e-01 2.935952755323477322e+05 5.016734765899732995e-01
2.400000000000000000e+01 3.622710704803466797e-01 2.325640556382561335e+05 -4.222782885526477070e-01
2.500000000000000000e+01 3.118813037872314453e-01 2.260276506844745600e+05 -4.920313211809689835e-01
2.600000000000000000e+01 4.577805995941162109e-01 2.096089867593308154e+05 -7.275569466473967850e-01
2.700000000000000000e+01 3.718485832214355469e-01 1.599115483721076744e+05 -1.516634948380016334e+00
2.800000000000000000e+01 3.046312332153320312e-01 2.320303235788101156e+05 -1.278834805662611984e-01
2.900000000000000000e+01 3.172993659973144531e-01 1.837380893765544461e+05 -9.423263809444062389e-01
3.000000000000000000e+01 5.047512054443359375e-01 1.890796121885659522e+05 -7.797346091660222189e-01
3.100000000000000000e+01 3.133134841918945312e-01 2.799593305319041829e+05 8.520920990499282199e-01
3.200000000000000000e+01 3.256390094757080078e-01 3.175607422317204182e+05 1.465659823272092321e+00
3.300000000000000000e+01 4.279699325561523438e-01 3.107774581271864008e+05 1.205585033180005539e+00
3.400000000000000000e+01 4.832696914672851562e-01 3.443328484951236751e+05 1.682666082159127496e+00
3.500000000000000000e+01 4.219236373901367188e-01 1.664818141471709823e+05 -1.347085543591621803e+00
3.600000000000000000e+01 3.874371051788330078e-01 1.206997373671757086e+05 -1.966140981500572149e+00
3.700000000000000000e+01 3.624997138977050781e-01 1.416827733975169540e+05 -1.430612958603196816e+00
3.800000000000000000e+01 5.542259216308593750e-01 2.026753099299358146e+05 -4.529377669644357174e-01
3.900000000000000000e+01 3.992974758148193359e-01 2.840314099647623952e+05 7.490951277105496464e-01
4.000000000000000000e+01 4.090926647186279297e-01 2.261624908718320657e+05 -1.324612408137831598e-01
4.100000000000000000e+01 5.245666503906250000e-01 2.315726818434013694e+05 -4.779696134917967715e-02
4.200000000000000000e+01 4.407653808593750000e-01 2.307895904614658793e+05 -5.894326403045957452e-02
4.300000000000000000e+01 5.213582515716552734e-01 2.501221196571712790e+05 2.475924738870327046e-01
4.400000000000000000e+01 4.091212749481201172e-01 2.542857102247886360e+05 3.097261314288600742e-01
4.500000000000000000e+01 6.109030246734619141e-01 2.980823752177778515e+05 1.021487651951601627e+00
4.600000000000000000e+01 4.281363487243652344e-01 2.869428244240143686e+05 8.023219387144990833e-01
4.700000000000000000e+01 5.325214862823486328e-01 3.067688681961206021e+05 1.107102059099873692e+00
4.800000000000000000e+01 4.862508773803710938e-01 2.466126780769164616e+05 7.729226879670042516e-02
4.900000000000000000e+01 4.823708534240722656e-01 2.636601410351221566e+05 3.612500558058035494e-01
5.000000000000000000e+01 4.612991809844970703e-01 2.642690384670713102e+05 3.653312664551263134e-01
5.100000000000000000e+01 6.382622718811035156e-01 2.821829782596400473e+05 6.673902656599233207e-01
5.200000000000000000e+01 4.783046245574951172e-01 2.657196597946627880e+05 3.676853538263057941e-01
5.300000000000000000e+01 5.303530693054199219e-01 2.442146840416922350e+05 -1.624698236612468968e-02
5.400000000000000000e+01 6.047213077545166016e-01 2.565486219708832505e+05 2.039817934666595944e-01
5.500000000000000000e+01 5.492591857910156250e-01 2.889771716686162399e+05 7.874820465826464222e-01
5.600000000000000000e+01 6.219661235809326172e-01 2.560318661466310732e+05 1.720249972553350992e-01
5.700000000000000000e+01 5.860815048217773438e-01 2.566776291336263821e+05 1.816893776059864685e-01
5.800000000000000000e+01 5.243902206420898438e-01 3.094768397134008119e+05 1.163956810146739462e+00
5.900000000000000000e+01 6.491055488586425781e-01 4.057692566064808052e+05 2.919456021952596458e+00
6.000000000000000000e+01 5.348317623138427734e-01 3.640245656973632285e+05 1.911027455247460649e+00
6.100000000000000000e+01 6.002140045166015625e-01 2.934884813124223147e+05 6.405479870822000654e-01
6.200000000000000000e+01 6.554915904998779297e-01 2.802738646478214068e+05 4.093798167051451165e-01
6.300000000000000000e+01 6.152982711791992188e-01 2.712611653787216637e+05 2.519490005599405169e-01
6.400000000000000000e+01 7.056057453155517578e-01 2.594727213901708892e+05 4.790962254378908214e-02
6.500000000000000000e+01 5.706863403320312500e-01 3.022589698562634294e+05 7.856109238895920832e-01
6.600000000000000000e+01 6.313776969909667969e-01 3.257819176829033531e+05 1.180070108751561486e+00
6.700000000000000000e+01 6.879303455352783203e-01 3.585481722384320456e+05 1.717206227510500227e+00
6.800000000000000000e+01 6.700723171234130859e-01 3.820188862853266182e+05 2.048854662551487404e+00
6.900000000000000000e+01 8.101055622100830078e-01 3.443183406690657721e+05 1.329338450026581686e+00
7.000000000000000000e+01 6.363334655761718750e-01 3.232287750004425179e+05 9.503971010339141712e-01
7.100000000000000000e+01 8.158099651336669922e-01 2.989022886091276305e+05 5.361314089104692870e-01
7.200000000000000000e+01 7.050702571868896484e-01 3.284512520500515238e+05 1.015766753737393335e+00
7.300000000000000000e+01 7.404530048370361328e-01 3.059627643203837797e+05 6.273761026705720889e-01
7.400000000000000000e+01 8.095922470092773438e-01 3.693483545130998828e+05 1.667815952532150980e+00
7.500000000000000000e+01 9.239709377288818359e-01 4.009351583756488399e+05 2.128216319427523651e+00
7.600000000000000000e+01 8.912298679351806641e-01 3.342811447019033367e+05 9.768263428829840889e-01
7.700000000000000000e+01 9.270048141479492188e-01 3.523027751545857755e+05 1.245943264737389367e+00
7.800000000000000000e+01 7.053804397583007812e-01 3.452714029382252484e+05 1.108981614811993532e+00
7.900000000000000000e+01 8.665525913238525391e-01 3.298809495032405248e+05 8.468763233982457006e-01
8.000000000000000000e+01 7.743287086486816406e-01 3.605141050890352926e+05 1.318126365921666876e+00
8.100000000000000000e+01 8.866140842437744141e-01 2.994650374310166808e+05 3.329444584876936619e-01
8.200000000000000000e+01 7.630426883697509766e-01 3.763715732652979204e+05 1.544148463731901844e+00
8.300000000000000000e+01 8.442153930664062500e-01 5.915676094208320137e+05 4.866553027853557367e+00
8.300000000000000000e+01 1.680712699890136719e+00 3.716360529885906144e+05 0.000000000000000000e+00
8.400000000000000000e+01 8.779172897338867188e-01 5.697311269537995104e+05 0.000000000000000000e+00
8.500000000000000000e+01 8.438794612884521484e-01 5.976538623015588382e+05 9.064489972089972980e-01
8.600000000000000000e+01 8.429334163665771484e-01 6.219803465603943914e+05 8.843492813545943410e-01
8.700000000000000000e+01 9.366025924682617188e-01 5.632921904907595599e+05 2.013819594603452889e-01
8.800000000000000000e+01 8.396737575531005859e-01 5.520669652520471718e+05 7.235470316624023623e-02
8.900000000000000000e+01 8.523855209350585938e-01 4.685394276016969234e+05 -8.695063170345167514e-01
9.000000000000000000e+01 8.189437389373779297e-01 5.007024169716118486e+05 -3.963370925767934483e-01
9.100000000000000000e+01 8.687150478363037109e-01 4.463293013288900256e+05 -1.041670787388814690e+00
9.200000000000000000e+01 8.459618091583251953e-01 3.796470025758436532e+05 -1.753102662906658171e+00
9.300000000000000000e+01 9.735834598541259766e-01 4.971352987182596698e+05 -1.133901174274808410e-01
9.400000000000000000e+01 1.055892705917358398e+00 4.427354388821588946e+05 -7.569094272457426165e-01
9.500000000000000000e+01 9.230215549468994141e-01 4.429235089448505314e+05 -7.070203812632521734e-01
9.600000000000000000e+01 1.090053319931030273e+00 4.231673910105311079e+05 -9.140823987221967650e-01
9.700000000000000000e+01 1.067085504531860352e+00 4.020749161345920293e+05 -1.121450675570459854e+00
9.800000000000000000e+01 9.257996082305908203e-01 3.972513741144151427e+05 -1.100534954446262370e+00
9.900000000000000000e+01 1.072648525238037109e+00 4.052877951108214911e+05 -9.271341890199831237e-01
1.000000000000000000e+02 1.012774944305419922e+00 3.692813678520926624e+05 -1.328542535186946649e+00
1.010000000000000000e+02 9.839918613433837891e-01 3.947748626168958144e+05 -9.178027604150146290e-01
1.020000000000000000e+02 1.095523118972778320e+00 5.117151193290151423e+05 5.695468529393755697e-01
1.030000000000000000e+02 1.107535123825073242e+00 5.690248387160653947e+05 1.272097662187765765e+00
1.040000000000000000e+02 1.008334636688232422e+00 5.297806094422665192e+05 7.083482708266606309e-01
1.050000000000000000e+02 1.170555114746093750e+00 5.426198134516407736e+05 8.460757945590831053e-01
1.060000000000000000e+02 1.209894657135009766e+00 5.399411528935552342e+05 7.812396139167736564e-01
1.070000000000000000e+02 1.051119804382324219e+00 5.045142343713960145e+05 3.029233976181723298e-01
1.080000000000000000e+02 1.222206592559814453e+00 6.411894202482986730e+05 2.076802581064057573e+00
1.090000000000000000e+02 1.230528116226196289e+00 6.245488637558823684e+05 1.677696237847214000e+00
1.100000000000000000e+02 1.169971942901611328e+00 5.558660900963093154e+05 7.481896346114393914e-01
1.110000000000000000e+02 1.098357677459716797e+00 4.390962254293808364e+05 -6.728153744974316730e-01
1.120000000000000000e+02 1.209917068481445312e+00 4.161886177088436671e+05 -9.337981749898249806e-01
1.130000000000000000e+02 1.219183683395385742e+00 4.168773872439008555e+05 -8.967583769158815610e-01
1.140000000000000000e+02 1.212842702865600586e+00 3.899533749439273379e+05 -1.199375647028608327e+00
1.150000000000000000e+02 1.190684318542480469e+00 3.458025097113699303e+05 -1.689593083749450164e+00
1.160000000000000000e+02 1.193442821502685547e+00 3.285978305158586008e+05 -1.797868755150096920e+00
1.170000000000000000e+02 1.250764608383178711e+00 3.452082249459799496e+05 -1.501201914184735253e+00
1.180000000000000000e+02 1.390570878982543945e+00 3.806381754864706891e+05 -1.035334453584945358e+00
1.190000000000000000e+02 1.256815195083618164e+00 4.600595651842991938e+05 -1.140571898402694961e-01
1.200000000000000000e+02 1.327017784118652344e+00 6.005486004162178142e+05 1.487272464735815758e+00
1.210000000000000000e+02 1.210687160491943359e+00 5.887776657152122352e+05 1.294072094617119140e+00
1.220000000000000000e+02 1.323786258697509766e+00 5.156602012162241735e+05 4.373407645678302758e-01
1.230000000000000000e+02 1.363531827926635742e+00 4.826936945387290325e+05 6.039310003752518252e-02
1.240000000000000000e+02 1.318537235260009766e+00 4.460585330732142902e+05 -3.573253090747217087e-01
1.250000000000000000e+02 1.330762624740600586e+00 4.450652115047255647e+05 -3.640309067469072457e-01
1.260000000000000000e+02 1.445805549621582031e+00 4.147026425928953686e+05 -7.123322662445691345e-01
1.270000000000000000e+02 1.403549432754516602e+00 4.024699671528114122e+05 -8.433295292425848633e-01
1.280000000000000000e+02 1.430994749069213867e+00 4.320787414386278833e+05 -4.799576155446784176e-01
1.290000000000000000e+02 1.325748443603515625e+00 5.412625480864752317e+05 8.189806050372540058e-01
1.300000000000000000e+02 1.411447525024414062e+00 5.928819393869908527e+05 1.417968811753145264e+00
1.310000000000000000e+02 1.494008302688598633e+00 7.318910638844085624e+05 3.009443822876626040e+00
1.310000000000000000e+02 2.916438102722167969e+00 3.677583838575711125e+05 0.000000000000000000e+00
1.320000000000000000e+02 1.460223674774169922e+00 8.665947722167213215e+05 0.000000000000000000e+00
1.330000000000000000e+02 1.450865030288696289e+00 9.725453937381838914e+05 1.007479427196549926e+00
1.340000000000000000e+02 1.463750600814819336e+00 6.763126007679942995e+05 -1.836750612501914515e-01
1.350000000000000000e+02 1.520923137664794922e+00 5.064142868613951141e+05 -8.079126405680194800e-01
1.360000000000000000e+02 1.422359704971313477e+00 4.329188230994791957e+05 -9.839305239058069308e-01
1.370000000000000000e+02 1.490034103393554688e+00 3.871215254283944960e+05 -1.023840317823789814e+00
1.380000000000000000e+02 1.602545022964477539e+00 3.509791317097003921e+05 -1.034398502325077684e+00
1.390000000000000000e+02 1.439149379730224609e+00 7.043402971860234393e+05 5.571644860857105641e-01
1.400000000000000000e+02 1.496016740798950195e+00 7.120490979449385777e+05 5.528603666285084595e-01
1.410000000000000000e+02 1.633547306060791016e+00 5.435806760359908221e+05 -2.456139717131710365e-01
1.420000000000000000e+02 1.550891399383544922e+00 4.494274363349209889e+05 -6.836720609345775523e-01
1.430000000000000000e+02 1.568056106567382812e+00 4.992243673184639774e+05 -3.997382798187034680e-01
1.440000000000000000e+02 1.549480676651000977e+00 6.177815814518647967e+05 2.196503055511146718e-01
1.450000000000000000e+02 1.620113372802734375e+00 5.535021972170465160e+05 -1.274688661170508552e-01
1.460000000000000000e+02 1.537500381469726562e+00 6.514905166596560739e+05 4.131551686297944004e-01
1.470000000000000000e+02 1.646101951599121094e+00 7.517470347948902054e+05 9.636684182942949484e-01
1.480000000000000000e+02 1.604598760604858398e+00 7.837987516277363757e+05 1.091921860039039238e+00
1.490000000000000000e+02 1.637106180191040039e+00 7.745079752027395880e+05 9.750839979061899365e-01
1.500000000000000000e+02 1.675220012664794922e+00 7.819959961457604077e+05 9.686489826465590758e-01
1.510000000000000000e+02 1.670443058013916016e+00 7.559440005987177137e+05 7.751707831750714872e-01
1.520000000000000000e+02 1.690643310546875000e+00 7.458212729893409414e+05 6.882720701477540448e-01
1.530000000000000000e+02 1.736381053924560547e+00 8.373711659794842126e+05 1.197340453040184327e+00
1.540000000000000000e+02 1.694444417953491211e+00 9.508842397654361557e+05 1.789394510495148971e+00
1.550000000000000000e+02 1.697589635848999023e+00 7.771467755160990637e+05 6.842748791158699273e-01
1.560000000000000000e+02 1.722835540771484375e+00 6.174449204994759057e+05 -2.265821818557774425e-01
1.570000000000000000e+02 1.763100385665893555e+00 5.659302418925594538e+05 -5.152150094997849372e-01
1.580000000000000000e+02 1.793092489242553711e+00 5.809251603427755181e+05 -4.168324738132451746e-01
1.590000000000000000e+02 1.726461172103881836e+00 5.859779225940458709e+05 -3.786613639544962329e-01
1.600000000000000000e+02 1.743571281433105469e+00 7.025056370462474879e+05 3.226769810922916482e-01
1.610000000000000000e+02 1.806765317916870117e+00 6.905353366500984412e+05 2.444462131609433930e-01
1.620000000000000000e+02 1.800789356231689453e+00 7.084729498653060291e+05 3.506434863420792580e-01
1.630000000000000000e+02 1.805905818939208984e+00 5.873026471282395069e+05 -4.111367486004552929e-01
1.640000000000000000e+02 1.881708145141601562e+00 8.335572122365623945e+05 1.152396638392742867e+00
1.650000000000000000e+02 1.833602428436279297e+00 9.645276812409512931e+05 1.937801562168458336e+00
1.660000000000000000e+02 1.881724357604980469e+00 8.513664319980837172e+05 1.127269857218704541e+00
1.670000000000000000e+02 1.960386991500854492e+00 8.904136016843313118e+05 1.328168303718435750e+00
1.680000000000000000e+02 1.947336673736572266e+00 8.731919189717358677e+05 1.176589134371132994e+00
1.690000000000000000e+02 1.908616065979003906e+00 9.135396109806009335e+05 1.380496709745451245e+00
1.700000000000000000e+02 1.926196575164794922e+00 8.696901751551957568e+05 1.072012065761533073e+00
1.710000000000000000e+02 1.953405380249023438e+00 1.028350583082915400e+06 1.976308734920388943e+00
1.720000000000000000e+02 1.957007646560668945e+00 9.137865296264507342e+05 1.212742613896754973e+00
1.730000000000000000e+02 2.061750650405883789e+00 8.531727337744249962e+05 8.350107566795542668e-01
1.740000000000000000e+02 1.939944505691528320e+00 8.626665723643845413e+05 8.725750053254103245e-01
1.750000000000000000e+02 1.980662822723388672e+00 8.116841316211189842e+05 5.651521879978312901e-01
1.760000000000000000e+02 2.010897397994995117e+00 8.644018538121398306e+05 8.593513376158641304e-01
1.770000000000000000e+02 2.026020288467407227e+00 8.703680953958317405e+05 8.776029020197262387e-01
1.780000000000000000e+02 2.051212787628173828e+00 8.005598542938517639e+05 4.584989796286627062e-01
1.790000000000000000e+02 2.049421072006225586e+00 8.533217360071560834e+05 7.597884323742758461e-01
1.800000000000000000e+02 2.424709320068359375e+00 9.104063791441511130e+05 1.081340112675919229e+00
1.810000000000000000e+02 2.204769849777221680e+00 1.204031585913897026e+06 2.771860156394548191e+00
1.820000000000000000e+02 2.202843189239501953e+00 1.368000521251872648e+06 3.455685334736899428e+00
1.820000000000000000e+02 4.291547775268554688e+00 5.211765497002965421e+05 0.000000000000000000e+00
1.830000000000000000e+02 2.085080862045288086e+00 1.297882832283303142e+06 0.000000000000000000e+00
1.840000000000000000e+02 2.205201148986816406e+00 8.995255159145070938e+05 -1.821543148538941337e-02
1.850000000000000000e+02 2.238129138946533203e+00 7.737202803420251003e+05 -3.410814080908883827e-01
1.860000000000000000e+02 2.310986995697021484e+00 8.057869893205155386e+05 -2.077037498140101024e-01
1.870000000000000000e+02 2.185900449752807617e+00 8.074282445387927582e+05 -1.849578122850769613e-01
1.880000000000000000e+02 2.275585651397705078e+00 7.920096045374175301e+05 -2.325889891671369114e-01
1.890000000000000000e+02 2.170513153076171875e+00 9.172050406208531931e+05 3.215938904694233269e-01
1.900000000000000000e+02 2.228170156478881836e+00 8.561507092438621912e+05 1.988678646266082289e-02
1.910000000000000000e+02 2.275872468948364258e+00 7.402690296375895850e+05 -5.528517874647331798e-01
1.920000000000000000e+02 2.469189643859863281e+00 6.612106629902711138e+05 -9.256963312803194732e-01
1.930000000000000000e+02 2.359560966491699219e+00 6.030150452494090423e+05 -1.153806473698234081e+00
1.940000000000000000e+02 2.256814479827880859e+00 6.570268704477369320e+05 -7.689537028131084861e-01
1.950000000000000000e+02 2.348961830139160156e+00 9.401108092334900284e+05 7.632142948003820537e-01
1.960000000000000000e+02 2.349327087402343750e+00 8.940339280130320694e+05 4.751547186883290919e-01
1.970000000000000000e+02 2.418254852294921875e+00 8.073865718741246965e+05 -2.046160456791800211e-02
1.980000000000000000e+02 2.290041446685791016e+00 8.167472983739706688e+05 3.348308854609681473e-02
1.990000000000000000e+02 2.456527709960937500e+00 8.572225783802018268e+05 2.707355757659201112e-01
2.000000000000000000e+02 2.439810514450073242e+00 9.131699642945304513e+05 6.016370649258475645e-01
2.010000000000000000e+02 2.604288816452026367e+00 8.065848067920223111e+05 -7.658317416383313148e-02
2.020000000000000000e+02 2.587745189666748047e+00 6.979652469053568784e+05 -7.627808730883642863e-01
2.030000000000000000e+02 2.446187734603881836e+00 5.824428433071251493e+05 -1.474759963750863268e+00
2.040000000000000000e+02 2.443423032760620117e+00 6.876944582590690115e+05 -7.153575929351726481e-01
2.050000000000000000e+02 2.705250501632690430e+00 6.788852103521222016e+05 -7.480268036064289250e-01
2.060000000000000000e+02 2.454388141632080078e+00 5.933130402335964609e+05 -1.270719326421757112e+00
2.070000000000000000e+02 2.517997503280639648e+00 5.982305006651103031e+05 -1.175092636850957550e+00
2.080000000000000000e+02 2.545672178268432617e+00 6.467670427971915342e+05 -8.180578166583901689e-01
2.090000000000000000e+02 2.559556961059570312e+00 7.573423591931950068e+05 -9.469003644590961999e-02
2.100000000000000000e+02 2.688344240188598633e+00 7.953763152767387219e+05 1.517670961645670724e-01
2.110000000000000000e+02 2.528414487838745117e+00 8.559236530937100761e+05 5.458519000691249845e-01
2.120000000000000000e+02 2.607166767120361328e+00 8.487080830901864683e+05 4.863900416300103724e-01
2.130000000000000000e+02 2.697252988815307617e+00 8.332331416305935709e+05 3.728670890803244542e-01
2.140000000000000000e+02 2.634465694427490234e+00 9.073824371914216317e+05 8.717969947950476861e-01
2.150000000000000000e+02 2.682734727859497070e+00 9.479823485987121239e+05 1.126764736518248045e+00
2.160000000000000000e+02 2.744487285614013672e+00 8.913141345988936955e+05 7.032826183044875723e-01
2.170000000000000000e+02 2.760055780410766602e+00 8.422296270484142005e+05 3.510936404176213110e-01
2.180000000000000000e+02 2.699358463287353516e+00 7.944070813463575905e+05 1.280154948467487376e-02
2.190000000000000000e+02 2.786107301712036133e+00 7.871885725500308909e+05 -3.833174835074991404e-02
2.200000000000000000e+02 2.748123645782470703e+00 8.197152008745467756e+05 1.949697542530726968e-01
2.210000000000000000e+02 2.870483398437500000e+00 9.025623763846079819e+05 7.930557569255617389e-01
2.220000000000000000e+02 2.902357816696166992e+00 9.254400635601110989e+05 9.437813583274337059e-01
2.230000000000000000e+02 2.745965957641601562e+00 9.349981369157371810e+05 9.920291112133711176e-01
2.240000000000000000e+02 2.810590028762817383e+00 9.572547269349390408e+05 1.131381650321567900e+00
2.250000000000000000e+02 2.831110954284667969e+00 9.703976923533049412e+05 1.197472263790475999e+00
2.260000000000000000e+02 2.912491321563720703e+00 9.144477454785862938e+05 7.594112391042612265e-01
2.270000000000000000e+02 2.841683864593505859e+00 8.849374616786396364e+05 5.313389693733845398e-01
2.280000000000000000e+02 2.901844501495361328e+00 9.109668635254036635e+05 7.151176409177969484e-01
2.290000000000000000e+02 2.900656461715698242e+00 8.685179380629927618e+05 3.903836215446614966e-01
2.300000000000000000e+02 2.860020399093627930e+00 8.340759943301383173e+05 1.291812832101795760e-01
2.310000000000000000e+02 2.987653493881225586e+00 8.509455912667575758e+05 2.548404126484364873e-01
2.320000000000000000e+02 2.906507730484008789e+00 1.068605649395024404e+06 1.906388073442873754e+00
2.330000000000000000e+02 2.946504116058349609e+00 1.113149532090818742e+06 2.153048690221453842e+00
2.340000000000000000e+02 3.278444766998291016e+00 1.102326295370473992e+06 1.964268921230220677e+00
2.350000000000000000e+02 2.998686075210571289e+00 1.013002850217467523e+06 1.253844895156769335e+00
2.360000000000000000e+02 3.129335403442382812e+00 1.025704176756717032e+06 1.312609501720620075e+00
2.370000000000000000e+02 3.152036428451538086e+00 1.079926558845547261e+06 1.654880009942456098e+00
2.380000000000000000e+02 3.070999860763549805e+00 1.071566462704946287e+06 1.544077411864070992e+00
2.390000000000000000e+02 3.066429138183593750e+00 9.879732887744180625e+05 9.374203132339661293e-01
2.400000000000000000e+02 3.360770463943481445e+00 9.601490613991217688e+05 7.351722218036581546e-01
2.410000000000000000e+02 3.070152997970581055e+00 1.398003538122893777e+06 3.683327522452839009e+00
2.410000000000000000e+02 6.158275842666625977e+00 1.126566672710161423e+06 0.000000000000000000e+00
2.420000000000000000e+02 3.078696966171264648e+00 1.995668695533541730e+06 0.000000000000000000e+00
2.430000000000000000e+02 3.152230978012084961e+00 1.445983627046009526e+06 -1.873475618877751825e-01
2.440000000000000000e+02 3.179188966751098633e+00 7.661841059650132665e+05 -1.720986570751665168e+00
2.450000000000000000e+02 3.189152002334594727e+00 7.553256800644509494e+05 -1.108935512267748003e+00
2.460000000000000000e+02 3.190616846084594727e+00 7.737113244565573987e+05 -8.536223472727954009e-01
2.470000000000000000e+02 3.212382555007934570e+00 8.352834207522764336e+05 -6.177993770632327353e-01
2.480000000000000000e+02 3.271764278411865234e+00 9.855908947725917678e+05 -2.426692562537157982e-01
2.490000000000000000e+02 3.209273099899291992e+00 1.043600400738454075e+06 -9.582537062765095204e-02
2.500000000000000000e+02 3.238731145858764648e+00 1.050249350505197886e+06 -7.477465555715781531e-02
2.510000000000000000e+02 3.222899913787841797e+00 1.006744107248585322e+06 -1.839697927741133221e-01
2.520000000000000000e+02 3.319730043411254883e+00 9.354039333988525905e+05 -3.703115987588952995e-01
2.530000000000000000e+02 3.235863924026489258e+00 9.612166690300097689e+05 -2.805210964659132222e-01
2.540000000000000000e+02 3.284996986389160156e+00 1.110616409278296866e+06 1.719844543146004656e-01
2.550000000000000000e+02 3.450856685638427734e+00 1.136816468412903603e+06 2.465353398319258260e-01
2.560000000000000000e+02 3.437221527099609375e+00 1.101427721709961537e+06 1.256687876047144770e-01
2.570000000000000000e+02 3.397245168685913086e+00 1.106795354651461588e+06 1.395536170985384739e-01
2.580000000000000000e+02 3.469564914703369141e+00 1.201781261536995880e+06 4.582882229531290985e-01
2.590000000000000000e+02 3.475251674652099609e+00 1.284721300838431576e+06 7.320896991253802444e-01
2.600000000000000000e+02 3.940256834030151367e+00 1.295855182299747365e+06 7.425348308662778063e-01
2.610000000000000000e+02 3.506282329559326172e+00 1.246030554812124697e+06 5.363312653923411055e-01
2.620000000000000000e+02 3.407529115676879883e+00 1.233914037042022450e+06 4.762076159983248402e-01
2.630000000000000000e+02 3.505826473236083984e+00 1.240893264682325302e+06 4.891857497111216091e-01
2.640000000000000000e+02 3.769316911697387695e+00 1.213188611006665742e+06 3.716807083352104413e-01
2.650000000000000000e+02 3.510204792022705078e+00 1.231835799767458113e+06 4.349184020951654683e-01
2.660000000000000000e+02 4.146831274032592773e+00 1.190379482986004092e+06 2.623868104601727591e-01
2.670000000000000000e+02 3.466299295425415039e+00 1.052176745386794908e+06 -2.947921155925535830e-01
2.680000000000000000e+02 3.516919136047363281e+00 9.089904508779729949e+05 -8.712013202174123672e-01
2.690000000000000000e+02 3.517898321151733398e+00 9.218782321290058317e+05 -7.916261629956063972e-01
2.700000000000000000e+02 3.563194990158081055e+00 8.714416215238885488e+05 -9.773446717118727811e-01
2.710000000000000000e+02 3.608535528182983398e+00 8.144621797835504403e+05 -1.180822181167130225e+00
2.720000000000000000e+02 3.678451538085937500e+00 7.589666885103740497e+05 -1.363504505135308076e+00
2.730000000000000000e+02 3.663150072097778320e+00 7.180602663264664588e+05 -1.469625358913667412e+00
2.740000000000000000e+02 3.626663446426391602e+00 7.317848128518018639e+05 -1.346738782462793660e+00
2.750000000000000000e+02 3.596034288406372070e+00 7.513708358198275091e+05 -1.215300061874967419e+00
2.760000000000000000e+02 3.680322885513305664e+00 8.374992776128418045e+05 -8.365320452752306180e-01
2.770000000000000000e+02 3.556171178817749023e+00 1.034030260283086216e+06 -4.550850706314724103e-02
2.780000000000000000e+02 4.255628585815429688e+00 9.548692805992738577e+05 -3.600685196918020359e-01
2.790000000000000000e+02 4.569838762283325195e+00 9.549809123898536200e+05 -3.543577059917751848e-01
2.800000000000000000e+02 4.131495952606201172e+00 9.381525689435227541e+05 -4.179300494592184667e-01
2.810000000000000000e+02 3.655692577362060547e+00 9.591400026422382798e+05 -3.254064624818835405e-01
2.820000000000000000e+02 4.100976943969726562e+00 1.001056557314808248e+06 -1.463998335730219980e-01
2.830000000000000000e+02 3.767978191375732422e+00 1.015166912352595711e+06 -8.513114222919271334e-02
2.840000000000000000e+02 3.835646629333496094e+00 9.606770908607194433e+05 -3.167680434951421486e-01
2.850000000000000000e+02 3.761913776397705078e+00 9.007817366427459056e+05 -5.712840989708065642e-01
2.860000000000000000e+02 4.171474933624267578e+00 9.137571559557620203e+05 -5.065414131824140798e-01
2.870000000000000000e+02 3.759822368621826172e+00 9.474781693447005237e+05 -3.518427970528100746e-01
2.880000000000000000e+02 3.877205610275268555e+00 9.186355766300461255e+05 -4.753914988035441991e-01
2.890000000000000000e+02 4.345586061477661133e+00 9.464772543602996739e+05 -3.450923757308322348e-01
2.900000000000000000e+02 3.839082479476928711e+00 9.338722085248529911e+05 -3.980044641372035841e-01
2.910000000000000000e+02 4.019836425781250000e+00 9.195150471570148366e+05 -4.587116469157984100e-01
2.920000000000000000e+02 3.822889804840087891e+00 9.128596219223357039e+05 -4.838252985622142344e-01
2.930000000000000000e+02 4.063610315322875977e+00 8.903566545965494588e+05 -5.820436118847469587e-01
2.940000000000000000e+02 3.871588706970214844e+00 8.597073613836648874e+05 -7.171899095367260113e-01
2.950000000000000000e+02 4.097604036331176758e+00 9.563131397885385668e+05 -2.561828735020490466e-01
2.960000000000000000e+02 3.926258802413940430e+00 9.708456643125786213e+05 -1.852870189280195201e-01
2.970000000000000000e+02 3.980287790298461914e+00 1.049713448988797842e+06 1.911614429162469819e-01
2.980000000000000000e+02 4.063087701797485352e+00 1.026264525688334135e+06 7.705052959634908771e-02
2.990000000000000000e+02 4.050998926162719727e+00 1.013320789461047505e+06 1.380123214518119874e-02
