4.075963814843919873e+07
1.000000000000000000e+00 1.480548381805419922e-01 1.458433498750994331e+05 0.000000000000000000e+00
2.000000000000000000e+00 1.256003379821777344e-01 1.480210581444322306e+05 7.652110162881988753e-01
3.000000000000000000e+00 8.217310905456542969e-02 8.984619087863464665e+04 -1.249789135718031741e+00
4.000000000000000000e+00 9.376931190490722656e-02 1.291818028163154086e+05 3.126125106864565684e-01
5.000000000000000000e+00 1.115357875823974609e-01 1.054813668140485679e+05 -5.557792261879191953e-01
6.000000000000000000e+00 1.922852993011474609e-01 1.192208239575696643e+05 2.634781188059950180e-02
7.000000000000000000e+00 1.411328315734863281e-01 1.364116375963214377e+05 7.487481662687303086e-01
8.000000000000000000e+00 1.687185764312744141e-01 1.329347878639704140e+05 5.283114090553625575e-01
9.000000000000000000e+00 2.359726428985595703e-01 1.243240283671070356e+05 9.769917496078620034e-02
1.000000000000000000e+01 1.559100151062011719e-01 1.356515338661521964e+05 6.449944746174943733e-01
1.100000000000000000e+01 1.475992202758789062e-01 1.371634512355174520e+05 6.815356483299170876e-01
1.200000000000000000e+01 1.620228290557861328e-01 1.635510688166520267e+05 2.005089621367909469e+00
1.300000000000000000e+01 1.451756954193115234e-01 1.518307856793490355e+05 1.124710650167653592e+00
1.400000000000000000e+01 1.497232913970947266e-01 1.559995678571155295e+05 1.230668870267269233e+00
1.500000000000000000e+01 2.592086791992187500e-01 1.387300505114991101e+05 3.430856375619179555e-01
1.600000000000000000e+01 1.628897190093994141e-01 1.517506672800304368e+05 9.449259552117759142e-01
1.700000000000000000e+01 2.152342796325683594e-01 1.865465088129952201e+05 2.541007490665924351e+00
1.800000000000000000e+01 1.752424240112304688e-01 2.092659674083599239e+05 3.048223787356529879e+00
1.800000000000000000e+01 3.523468971252441406e-01 1.413248920277213911e+05 0.000000000000000000e+00
1.900000000000000000e+01 1.799583435058593750e-01 2.666675236973511637e+05 0.000000000000000000e+00
2.000000000000000000e+01 2.238798141479492188e-01 3.377402388799240580e+05 1.509004717961945685e+00
2.100000000000000000e+01 1.892440319061279297e-01 2.282422935153932194e+05 -2.044784459312668223e-01
2.200000000000000000e+01 2.297863960266113281e-01 3.044898105285002384e+05 7.453616759279054760e-01
2.300000000000000000e+01 2.036414146423339844e-01 2.931716518799449550e+05 4.935369537903671611e-01
2.400000000000000000e+01 2.085478305816650391e-01 2.321324347182769270e+05 -4.281137401089140648e-01
2.500000000000000000e+01 2.167789936065673828e-01 2.251944023587603006e+05 -5.032943468454901259e-01
2.600000000000000000e+01 2.249252796173095703e-01 2.093694039477847982e+05 -7.271665908158392311e-01
2.700000000000000000e+01 2.316205501556396484e-01 1.605814539305820072e+05 -1.498580767070687214e+00
2.800000000000000000e+01 2.317779064178466797e-01 2.333563044644299662e+05 -1.053197054717158881e-01
2.900000000000000000e+01 2.834913730621337891e-01 1.855010931416316598e+05 -9.133648900183362063e-01
3.000000000000000000e+01 2.417972087860107422e-01 1.898915313284547883e+05 -7.709994577262201387e-01
3.100000000000000000e+01 2.514724731445312500e-01 2.803969200186210219e+05 8.579188068995076133e-01
3.200000000000000000e+01 2.989404201507568359e-01 3.175494685489069670e+05 1.464559804645163554e+00
3.300000000000000000e+01 2.934353351593017578e-01 3.109067604870522046e+05 1.206829239585600622e+00
3.400000000000000000e+01 2.972488403320312500e-01 3.486092694392330595e+05 1.755248474986881080e+00
3.500000000000000000e+01 2.897086143493652344e-01 1.679501347014245985e+05 -1.325646392908865101e+00
3.600000000000000000e+01 2.780356407165527344e-01 1.215184801671978203e+05 -1.956527714605162727e+00
3.700000000000000000e+01 3.278725147247314453e-01 1.420139972494444519e+05 -1.431274078202920741e+00
3.800000000000000000e+01 2.890095710754394531e-01 2.027718914352196734e+05 -4.583662447926618588e-01
3.900000000000000000e+01 2.962534427642822266e-01 2.843231209319487098e+05 7.445042656776448275e-01
4.000000000000000000e+01 3.332417011260986328e-01 2.267348194477067736e+05 -1.311788249874021872e-01
4.100000000000000000e+01 3.059411048889160156e-01 2.322429925055124622e+05 -4.520215678689495920e-02
4.200000000000000000e+01 3.260109424591064453e-01 2.310972123973059061e+05 -6.198016031508289669e-02
4.300000000000000000e+01 3.219475746154785156e-01 2.505137336228301865e+05 2.454208640241411221e-01
4.400000000000000000e+01 4.358179569244384766e-01 2.546406691257681814e+05 3.069010444327308629e-01
4.500000000000000000e+01 3.395771980285644531e-01 2.985402457852629595e+05 1.019232523442022531e+00
4.600000000000000000e+01 4.292798042297363281e-01 2.874459697016071877e+05 8.012543523369765053e-01
4.700000000000000000e+01 3.563935756683349609e-01 3.090278088819463155e+05 1.134515063395025614e+00
4.800000000000000000e+01 4.329345226287841797e-01 2.485955499342633120e+05 1.005868529777843023e-01
4.900000000000000000e+01 4.172766208648681641e-01 2.642393847868049634e+05 3.600042970116375529e-01
5.000000000000000000e+01 4.227163791656494141e-01 2.647037352122719749e+05 3.616388062993357022e-01
5.100000000000000000e+01 3.743937015533447266e-01 2.822319470243632677e+05 6.563665662437681014e-01
5.200000000000000000e+01 5.123329162597656250e-01 2.656337435451318743e+05 3.553665526682945330e-01
5.300000000000000000e+01 3.875045776367187500e-01 2.443525916350458283e+05 -2.356168677482296456e-02
5.400000000000000000e+01 4.969494342803955078e-01 2.568241574870172190e+05 1.987287168466379539e-01
5.500000000000000000e+01 4.774944782257080078e-01 2.901520595048796968e+05 7.972504554329536974e-01
5.600000000000000000e+01 4.664645195007324219e-01 2.566417138593730633e+05 1.726125293763902946e-01
5.700000000000000000e+01 4.489815235137939453e-01 2.573211189796738036e+05 1.828584049740360484e-01
5.800000000000000000e+01 4.423902034759521484e-01 3.094580493087416398e+05 1.150427426841531986e+00
5.900000000000000000e+01 5.221168994903564453e-01 4.056498606163289514e+05 2.901253345609636103e+00
6.000000000000000000e+01 4.570806026458740234e-01 3.639977943756513996e+05 1.899718707201095036e+00
6.100000000000000000e+01 5.087666511535644531e-01 2.939134587573165772e+05 6.387370842868028697e-01
6.200000000000000000e+01 4.910230636596679688e-01 2.807036173731609015e+05 4.077942837059971293e-01
6.300000000000000000e+01 5.459401607513427734e-01 2.719569070115551585e+05 2.549459538616007381e-01
6.400000000000000000e+01 4.699501991271972656e-01 2.599866484154874051e+05 4.785844224585665552e-02
6.500000000000000000e+01 5.891280174255371094e-01 3.026996725979586481e+05 7.839617318363416576e-01
6.600000000000000000e+01 5.252497196197509766e-01 3.266021583578136633e+05 1.184868303203397533e+00
6.700000000000000000e+01 5.328702926635742188e-01 3.592707401527164038e+05 1.719764063498636641e+00
6.800000000000000000e+01 5.521454811096191406e-01 3.827945159229232813e+05 2.051823262648191371e+00
6.900000000000000000e+01 5.765573978424072266e-01 3.450888629728447413e+05 1.332317164066807891e+00
7.000000000000000000e+01 5.125846862792968750e-01 3.245865067611183040e+05 9.630538578380872794e-01
7.100000000000000000e+01 6.418216228485107422e-01 3.004074472050646436e+05 5.511665538599889169e-01
7.200000000000000000e+01 5.677020549774169922e-01 3.295568612646974507e+05 1.023396328718819248e+00
7.300000000000000000e+01 6.275992393493652344e-01 3.073393195801016991e+05 6.396681651287788872e-01
7.400000000000000000e+01 5.696990489959716797e-01 3.703439503565504565e+05 1.672027919103477256e+00
7.500000000000000000e+01 5.996563434600830078e-01 4.104684404916038038e+05 2.270103066056574637e+00
7.600000000000000000e+01 6.522815227508544922e-01 3.510087604820218403e+05 1.221326784895836237e+00
7.700000000000000000e+01 6.535098552703857422e-01 3.523777202565322514e+05 1.217248734265346632e+00
7.800000000000000000e+01 7.488400936126708984e-01 3.455230608679908328e+05 1.085509079890638606e+00
7.900000000000000000e+01 6.973667144775390625e-01 3.299369340566911269e+05 8.236828877812357730e-01
8.000000000000000000e+01 6.266560554504394531e-01 3.606495962185708922e+05 1.292007331141776794e+00
8.100000000000000000e+01 6.667888164520263672e-01 2.996624306392427534e+05 3.179107728107500308e-01
8.200000000000000000e+01 6.348385810852050781e-01 3.767880212378954166e+05 1.521512759798561598e+00
8.300000000000000000e+01 6.795699596405029297e-01 5.925842895961030154e+05 4.825346649981852920e+00
8.300000000000000000e+01 1.321808815002441406e+00 3.688041910351161496e+05 0.000000000000000000e+00
8.400000000000000000e+01 6.528558731079101562e-01 5.713362051276786951e+05 0.000000000000000000e+00
8.500000000000000000e+01 7.477476596832275391e-01 5.990742464550732402e+05 9.007922803142990320e-01
8.600000000000000000e+01 7.726037502288818359e-01 6.215475363479020307e+05 8.629298564124049387e-01
8.700000000000000000e+01 6.875777244567871094e-01 5.623527905962696532e+05 1.909082756893662192e-01
8.800000000000000000e+01 7.288827896118164062e-01 5.510733167769726133e+05 6.385009682191472580e-02
8.900000000000000000e+01 7.235200405120849609e-01 4.679400533653184539e+05 -8.601928131843430414e-01
9.000000000000000000e+01 7.229087352752685547e-01 5.015111263283050503e+05 -3.776215827756569388e-01
9.100000000000000000e+01 9.505496025085449219e-01 4.464261926967388135e+05 -1.025512772335938960e+00
9.200000000000000000e+01 7.252213954925537109e-01 3.800690384539630613e+05 -1.728465526035099176e+00
9.300000000000000000e+01 7.793340682983398438e-01 4.978101756036822335e+05 -1.034877564283962215e-01
9.400000000000000000e+01 7.357263565063476562e-01 4.429611927880594158e+05 -7.488830387400594590e-01
9.500000000000000000e+01 8.245289325714111328e-01 4.431122383636517334e+05 -7.003294993911040045e-01
9.600000000000000000e+01 7.133660316467285156e-01 4.232369688580388320e+05 -9.082415120486629911e-01
9.700000000000000000e+01 8.426101207733154297e-01 4.021781821405367809e+05 -1.114643081371839095e+00
9.800000000000000000e+01 8.245704174041748047e-01 3.973982567861596472e+05 -1.093943352059682850e+00
9.900000000000000000e+01 8.967900276184082031e-01 4.053369350365822902e+05 -9.230259880297770891e-01
1.000000000000000000e+02 8.583705425262451172e-01 3.694205439958457719e+05 -1.322141321960137228e+00
1.010000000000000000e+02 7.833249568939208984e-01 3.948498665230960469e+05 -9.141738959957527166e-01
1.020000000000000000e+02 8.407118320465087891e-01 5.117530166252775816e+05 5.682190142489754736e-01
1.030000000000000000e+02 8.898129463195800781e-01 5.690508485928336158e+05 1.268629279114073416e+00
1.040000000000000000e+02 8.865103721618652344e-01 5.298231932681817561e+05 7.068274686486601954e-01
1.050000000000000000e+02 9.607732295989990234e-01 5.427934639260156546e+05 8.458639133021438328e-01
1.060000000000000000e+02 8.604030609130859375e-01 5.400364485796239460e+05 7.801403379308096131e-01
1.070000000000000000e+02 8.248617649078369141e-01 5.047038839835301042e+05 3.042459749744434450e-01
1.080000000000000000e+02 8.966155052185058594e-01 6.412671675009544706e+05 2.072062269755698072e+00
1.090000000000000000e+02 9.083583354949951172e-01 6.244001915845563635e+05 1.671714955888908172e+00
1.100000000000000000e+02 8.638124465942382812e-01 5.557756269085109234e+05 7.453860457286364261e-01
1.110000000000000000e+02 8.565232753753662109e-01 4.391081045136263710e+05 -6.717245169770348356e-01
1.120000000000000000e+02 8.712031841278076172e-01 4.161738142937340308e+05 -9.325781230497989238e-01
1.130000000000000000e+02 8.954191207885742188e-01 4.167571895033019246e+05 -8.969031192930216889e-01
1.140000000000000000e+02 9.193360805511474609e-01 3.899111963620433235e+05 -1.197987621371668920e+00
1.150000000000000000e+02 9.632592201232910156e-01 3.459036032284438843e+05 -1.685673023998748521e+00
1.160000000000000000e+02 9.268562793731689453e-01 3.285963641774351127e+05 -1.795372038700657091e+00
1.170000000000000000e+02 8.913865089416503906e-01 3.452847047078999458e+05 -1.498436379302116483e+00
1.180000000000000000e+02 9.335923194885253906e-01 3.806276677401989582e+05 -1.034340596147487412e+00
1.190000000000000000e+02 9.375760555267333984e-01 4.600869419641854474e+05 -1.138052220279431453e-01
1.200000000000000000e+02 1.010883808135986328e+00 6.006020479061030783e+05 1.485827874232553913e+00
1.210000000000000000e+02 9.984626770019531250e-01 5.888302424833696568e+05 1.292912215395367381e+00
1.220000000000000000e+02 9.935514926910400391e-01 5.157787309956897516e+05 4.379359445761127345e-01
1.230000000000000000e+02 1.047499895095825195e+00 4.828341162688153563e+05 6.165144019619285543e-02
1.240000000000000000e+02 1.029170274734497070e+00 4.459347911564430688e+05 -3.586019254509145715e-01
1.250000000000000000e+02 1.090699672698974609e+00 4.450913711249448825e+05 -3.635506132113994759e-01
1.260000000000000000e+02 1.071178197860717773e+00 4.147827327098097885e+05 -7.108215256720423758e-01
1.270000000000000000e+02 1.088558197021484375e+00 4.025595246350671514e+05 -8.415876892017313260e-01
1.280000000000000000e+02 1.100484371185302734e+00 4.322819878116090549e+05 -4.773282833105667589e-01
1.290000000000000000e+02 1.120236396789550781e+00 5.414168572652640287e+05 8.195856327894809334e-01
1.300000000000000000e+02 1.080413103103637695e+00 5.930066550376736559e+05 1.417533547288559070e+00
1.310000000000000000e+02 1.159539937973022461e+00 7.319157291386533761e+05 3.006098796131649209e+00
1.310000000000000000e+02 2.231745004653930664e+00 3.738448718517788220e+05 0.000000000000000000e+00
1.320000000000000000e+02 1.195595502853393555e+00 8.662166975098372204e+05 0.000000000000000000e+00
1.330000000000000000e+02 1.146352291107177734e+00 9.827648226029119687e+05 1.041861798810665318e+00
1.340000000000000000e+02 1.122063636779785156e+00 6.864416347724989755e+05 -1.686213760407580808e-01
1.350000000000000000e+02 1.133014440536499023e+00 5.079010857803586987e+05 -8.270330764843344395e-01
1.360000000000000000e+02 1.212539434432983398e+00 4.329878638934679329e+05 -1.002436163536249314e+00
1.370000000000000000e+02 1.242233037948608398e+00 3.867596822370627779e+05 -1.037404367856440635e+00
1.380000000000000000e+02 1.202383279800415039e+00 3.506405519582073321e+05 -1.042944756379394766e+00
1.390000000000000000e+02 1.273987054824829102e+00 7.040799789006108185e+05 5.369183343986938528e-01
1.400000000000000000e+02 1.208863019943237305e+00 7.120864160716490587e+05 5.356754930497029665e-01
1.410000000000000000e+02 1.269254446029663086e+00 5.435544956033868948e+05 -2.559755775532945865e-01
1.420000000000000000e+02 1.231154203414916992e+00 4.493007831087321392e+05 -6.906118090423271072e-01
1.430000000000000000e+02 1.152438163757324219e+00 4.989592082166812615e+05 -4.086049407883268758e-01
1.440000000000000000e+02 1.269500017166137695e+00 6.177190923825546633e+05 2.073450050195818350e-01
1.450000000000000000e+02 1.378591537475585938e+00 5.534937087258123793e+05 -1.362957361977420179e-01
1.460000000000000000e+02 1.336072921752929688e+00 6.515083101210859604e+05 4.004187424827901354e-01
1.470000000000000000e+02 1.269945383071899414e+00 7.518081441636221716e+05 9.473697966922836056e-01
1.480000000000000000e+02 1.333240270614624023e+00 7.838488985111629590e+05 1.076046636001398715e+00
1.490000000000000000e+02 1.301482677459716797e+00 7.745088478695387021e+05 9.611410120928949308e-01
1.500000000000000000e+02 1.323722839355468750e+00 7.819601898755276343e+05 9.556304426658671636e-01
1.510000000000000000e+02 1.360316514968872070e+00 7.559149597846828401e+05 7.640532686009530172e-01
1.520000000000000000e+02 1.337288856506347656e+00 7.456537879371967865e+05 6.773257031938518802e-01
1.530000000000000000e+02 1.370185136795043945e+00 8.372082585640239995e+05 1.184989036282148467e+00
1.540000000000000000e+02 1.398359060287475586e+00 9.507478513247818919e+05 1.776466366181419287e+00
1.550000000000000000e+02 1.418724060058593750e+00 7.770315534433706198e+05 6.761579036639420170e-01
1.560000000000000000e+02 1.443938016891479492e+00 6.173783562709997641e+05 -2.322057579431817120e-01
1.570000000000000000e+02 1.449919939041137695e+00 5.657313317457538797e+05 -5.208474568101733038e-01
1.580000000000000000e+02 1.384196043014526367e+00 5.808387650211870205e+05 -4.218238117317477665e-01
1.590000000000000000e+02 1.497417688369750977e+00 5.859021798899834976e+05 -3.835244889712091099e-01
1.600000000000000000e+02 1.534670352935791016e+00 7.024084846464410657e+05 3.161601913091401928e-01
1.610000000000000000e+02 1.490340471267700195e+00 6.906240432165148668e+05 2.393573262065162854e-01
1.620000000000000000e+02 1.515696525573730469e+00 7.083871434723373968e+05 3.443297550975372712e-01
1.630000000000000000e+02 1.540526151657104492e+00 5.874139943604595028e+05 -4.144379666941808149e-01
1.640000000000000000e+02 1.490782976150512695e+00 8.332594711804967374e+05 1.143119995969166469e+00
1.650000000000000000e+02 1.505781650543212891e+00 9.644725960364677012e+05 1.929121809028447210e+00
1.660000000000000000e+02 1.574649810791015625e+00 8.513826687275933800e+05 1.121395606765748676e+00
1.670000000000000000e+02 1.478943824768066406e+00 8.904033127328834962e+05 1.322209263891377606e+00
1.680000000000000000e+02 1.587882757186889648e+00 8.731640359077543253e+05 1.171121234046635484e+00
1.690000000000000000e+02 1.522064208984375000e+00 9.135632014458647463e+05 1.375473360844055026e+00
1.700000000000000000e+02 1.559515714645385742e+00 8.697500856674419483e+05 1.067807612003127460e+00
1.710000000000000000e+02 1.602587699890136719e+00 1.028472614689523121e+06 1.972107983803549347e+00
1.720000000000000000e+02 1.540770530700683594e+00 9.139316944090080215e+05 1.209552391769945778e+00
1.730000000000000000e+02 1.613983154296875000e+00 8.533443565542582655e+05 8.322898823576029281e-01
1.740000000000000000e+02 1.579039812088012695e+00 8.627118737859508255e+05 8.692180098070041439e-01
1.750000000000000000e+02 1.639960527420043945e+00 8.117047484329227591e+05 5.618454625249776901e-01
1.760000000000000000e+02 1.582764148712158203e+00 8.645335849060990149e+05 8.566956561737443243e-01
1.770000000000000000e+02 1.660473108291625977e+00 8.704623814086078200e+05 8.748185829910205547e-01
1.780000000000000000e+02 1.655380249023437500e+00 8.007336378532253439e+05 4.563053377570300273e-01
1.790000000000000000e+02 1.666915893554687500e+00 8.534137315225971397e+05 7.571354118724286097e-01
1.800000000000000000e+02 1.646627902984619141e+00 9.105082907922066515e+05 1.078809861372693968e+00
1.810000000000000000e+02 1.751226663589477539e+00 1.203791793649943778e+06 2.767497754256727838e+00
1.820000000000000000e+02 1.715996265411376953e+00 1.368075336640443886e+06 3.454140362344519488e+00
1.820000000000000000e+02 3.425655126571655273e+00 5.216885374172403826e+05 0.000000000000000000e+00
1.830000000000000000e+02 2.000729560852050781e+00 1.223981200936076464e+06 0.000000000000000000e+00
1.840000000000000000e+02 1.922872543334960938e+00 8.969001777072564000e+05 4.846054568780485544e-02
1.850000000000000000e+02 1.748318433761596680e+00 7.768619576807322446e+05 -2.959261116750993015e-01
1.860000000000000000e+02 1.804116487503051758e+00 8.064213499498645542e+05 -1.661021163973042947e-01
1.870000000000000000e+02 1.872325897216796875e+00 8.074164448875364615e+05 -1.489512724283635348e-01
1.880000000000000000e+02 1.741515159606933594e+00 7.922609934143676655e+05 -2.051537903689485409e-01
1.890000000000000000e+02 1.910682201385498047e+00 9.177876615690273466e+05 4.110347265712820386e-01
1.900000000000000000e+02 1.802588701248168945e+00 8.565299049372704467e+05 6.978650416651023536e-02
1.910000000000000000e+02 1.823579072952270508e+00 7.403194238092456944e+05 -5.702911457830558417e-01
1.920000000000000000e+02 1.950785636901855469e+00 6.611691774493850535e+05 -9.863890449742307442e-01
1.930000000000000000e+02 2.054097414016723633e+00 6.029763151929979213e+05 -1.235964093315138568e+00
1.940000000000000000e+02 2.022739887237548828e+00 6.569119858958504628e+05 -8.087944914897068349e-01
1.950000000000000000e+02 2.025327444076538086e+00 9.401336672250115080e+05 8.646923207808500100e-01
1.960000000000000000e+02 1.905196428298950195e+00 8.940030889566981932e+05 5.448743356692787865e-01
1.970000000000000000e+02 1.912491321563720703e+00 8.072816071078946115e+05 5.506261797424077432e-03
1.980000000000000000e+02 1.865421533584594727e+00 8.166257245842174161e+05 6.297146330164471451e-02
1.990000000000000000e+02 1.923103570938110352e+00 8.572872647110901307e+05 3.201681132685044173e-01
2.000000000000000000e+02 2.019356250762939453e+00 9.132783564221860142e+05 6.772116192719754846e-01
2.010000000000000000e+02 1.986294507980346680e+00 8.068621965607366292e+05 -5.581134980624546937e-02
2.020000000000000000e+02 2.049720764160156250e+00 6.979650742492375430e+05 -7.984545788143629919e-01
2.030000000000000000e+02 2.012531995773315430e+00 5.824734523317532148e+05 -1.564916775487661393e+00
2.040000000000000000e+02 2.045189857482910156e+00 6.877072374236284522e+05 -7.443205643464106958e-01
2.050000000000000000e+02 1.990668296813964844e+00 6.789276644932393683e+05 -7.790649836874429246e-01
2.060000000000000000e+02 1.960753917694091797e+00 5.932576707897331798e+05 -1.338212521225464302e+00
2.070000000000000000e+02 2.269293308258056641e+00 5.982148644549596356e+05 -1.232519190813973209e+00
2.080000000000000000e+02 2.123054504394531250e+00 6.467364288313817233e+05 -8.509880853844224990e-01
2.090000000000000000e+02 2.349891185760498047e+00 7.573533583095390350e+05 -8.278295847678508734e-02
2.100000000000000000e+02 2.285538434982299805e+00 7.954126729797292501e+05 1.786131506760386678e-01
2.110000000000000000e+02 2.409297466278076172e+00 8.559796397375769448e+05 5.965494988332790127e-01
2.120000000000000000e+02 2.339893579483032227e+00 8.488069949887908297e+05 5.328651931913416240e-01
2.130000000000000000e+02 2.098458528518676758e+00 8.333175672547447030e+05 4.117699087957512050e-01
2.140000000000000000e+02 2.275749683380126953e+00 9.074475506401818711e+05 9.393103385800360972e-01
2.150000000000000000e+02 2.132226705551147461e+00 9.479937482570075663e+05 1.206151705320574585e+00
2.160000000000000000e+02 2.194117784500122070e+00 8.913310183238520985e+05 7.561682497929277380e-01
2.170000000000000000e+02 2.212600708007812500e+00 8.422800347868441604e+05 3.845275645139082932e-01
2.180000000000000000e+02 2.229168653488159180e+00 7.944568224732031813e+05 2.819051868828178695e-02
2.190000000000000000e+02 2.404287576675415039e+00 7.872369497987885261e+05 -2.581919755526542598e-02
2.200000000000000000e+02 2.791434764862060547e+00 8.197806207412759541e+05 2.196139794825398561e-01
2.210000000000000000e+02 2.253541946411132812e+00 9.026376556158959866e+05 8.487247307574877775e-01
2.220000000000000000e+02 2.270096302032470703e+00 9.255829024009221466e+05 1.006373671939074566e+00
2.230000000000000000e+02 2.366736650466918945e+00 9.351058308822130784e+05 1.054901762231889251e+00
2.240000000000000000e+02 2.297916412353515625e+00 9.572758134101142641e+05 1.198304189493841765e+00
2.250000000000000000e+02 2.337602138519287109e+00 9.703967709294657689e+05 1.264766166343323839e+00
2.260000000000000000e+02 2.364108085632324219e+00 9.145549909540860681e+05 8.056022745336399726e-01
2.270000000000000000e+02 2.328136920928955078e+00 8.849468856101926649e+05 5.660919654514109389e-01
2.280000000000000000e+02 2.347628355026245117e+00 9.110303574669238878e+05 7.577144192630137498e-01
2.290000000000000000e+02 2.326761960983276367e+00 8.686577114671998424e+05 4.192530457966744395e-01
2.300000000000000000e+02 2.378463983535766602e+00 8.342183658814623486e+05 1.469385763521309507e-01
2.310000000000000000e+02 2.424409389495849609e+00 8.507902512077563442e+05 2.753572386389290250e-01
2.320000000000000000e+02 2.434631347656250000e+00 1.068730251609210391e+06 1.997501602437866897e+00
2.330000000000000000e+02 2.485645294189453125e+00 1.113241205621537287e+06 2.246175380631127538e+00
2.340000000000000000e+02 2.464840173721313477e+00 1.102365691188869299e+06 2.041738854052084662e+00
2.350000000000000000e+02 2.339900255203247070e+00 1.013100718959642923e+06 1.303341046308921669e+00
2.360000000000000000e+02 2.426256418228149414e+00 1.025788089893153287e+06 1.362032242926464187e+00
2.370000000000000000e+02 2.394655704498291016e+00 1.079819331274023047e+06 1.711008198542044001e+00
2.380000000000000000e+02 2.767315149307250977e+00 1.071593131047347328e+06 1.595057399103849027e+00
2.390000000000000000e+02 2.810664176940917969e+00 9.880788156725709559e+05 9.708020835863978570e-01
2.400000000000000000e+02 2.528997182846069336e+00 9.601763562694289722e+05 7.622132263574922240e-01
2.410000000000000000e+02 2.505721807479858398e+00 1.397953543687144062e+06 3.783061135371498906e+00
2.410000000000000000e+02 5.023902177810668945e+00 1.122332690654156031e+06 0.000000000000000000e+00
2.420000000000000000e+02 2.510612726211547852e+00 1.982746223491961602e+06 0.000000000000000000e+00
2.430000000000000000e+02 2.590989828109741211e+00 1.436686236149142496e+06 -1.904214543614045907e-01
2.440000000000000000e+02 2.494558811187744141e+00 7.679600069589148043e+05 -1.713375372948807929e+00
2.450000000000000000e+02 2.798999309539794922e+00 7.564501887100966414e+05 -1.108163104768104201e+00
2.460000000000000000e+02 2.593482494354248047e+00 7.743780579924279591e+05 -8.536138234360941546e-01
2.470000000000000000e+02 2.536242723464965820e+00 8.357313165753501235e+05 -6.167271985973261650e-01
2.480000000000000000e+02 2.571537256240844727e+00 9.861404611246958375e+05 -2.375906810085373078e-01
2.490000000000000000e+02 2.845753192901611328e+00 1.044032994789749500e+06 -8.969520405349482028e-02
2.500000000000000000e+02 2.603391647338867188e+00 1.050845436963294167e+06 -6.835019684673705742e-02
2.510000000000000000e+02 2.603488206863403320e+00 1.007419052722489578e+06 -1.790608837387317465e-01
2.520000000000000000e+02 2.630400180816650391e+00 9.364655116839915281e+05 -3.670414001461308473e-01
2.530000000000000000e+02 2.668685436248779297e+00 9.620738634371468797e+05 -2.770804271693667609e-01
2.540000000000000000e+02 2.686537027359008789e+00 1.111422177118063904e+06 1.808286078175776745e-01
2.550000000000000000e+02 3.063000679016113281e+00 1.137719566304158419e+06 2.563870090881989472e-01
2.560000000000000000e+02 3.108311414718627930e+00 1.102078368468750967e+06 1.329098425147832441e-01
2.570000000000000000e+02 2.849654912948608398e+00 1.107448431465919595e+06 1.467988473024448015e-01
2.580000000000000000e+02 2.682571649551391602e+00 1.202380929389575729e+06 4.691701974130204622e-01
2.590000000000000000e+02 2.779205083847045898e+00 1.285181676274177153e+06 7.455190060300707078e-01
2.600000000000000000e+02 2.715017795562744141e+00 1.296221224978287937e+06 7.551724280932005096e-01
2.610000000000000000e+02 3.060207605361938477e+00 1.246407552424506284e+06 5.461871151840821392e-01
2.620000000000000000e+02 2.715605258941650391e+00 1.234235915941110346e+06 4.849454898672385106e-01
2.630000000000000000e+02 3.099917888641357422e+00 1.241213000480424147e+06 4.978623637068149699e-01
2.640000000000000000e+02 2.881770610809326172e+00 1.213486979185377480e+06 3.788539131585623720e-01
2.650000000000000000e+02 2.809693813323974609e+00 1.232102660475051263e+06 4.425070577291236873e-01
2.660000000000000000e+02 3.103609085083007812e+00 1.190702175408607814e+06 2.682945350736828938e-01
2.670000000000000000e+02 2.827258586883544922e+00 1.052570462111126166e+06 -2.943591423768885385e-01
2.680000000000000000e+02 2.805725097656250000e+00 9.094486778296612902e+05 -8.764513430646931891e-01
2.690000000000000000e+02 2.875835657119750977e+00 9.222356704774630489e+05 -7.964611280585568442e-01
2.700000000000000000e+02 2.886306047439575195e+00 8.719413398990074638e+05 -9.834051376059269600e-01
2.710000000000000000e+02 2.913516998291015625e+00 8.149559563409535913e+05 -1.188800892767208683e+00
2.720000000000000000e+02 2.891731977462768555e+00 7.594563514915502165e+05 -1.372989134923783938e+00
2.730000000000000000e+02 2.851668834686279297e+00 7.185441290490773972e+05 -1.479690111471616332e+00
2.740000000000000000e+02 2.805438518524169922e+00 7.323633939761561342e+05 -1.354875614638672454e+00
2.750000000000000000e+02 2.930857896804809570e+00 7.518808430796952453e+05 -1.222334995953986203e+00
2.760000000000000000e+02 2.973595857620239258e+00 8.379990834860098548e+05 -8.403875742409264715e-01
2.770000000000000000e+02 2.970509290695190430e+00 1.034498366513263201e+06 -4.322929735780695754e-02
2.780000000000000000e+02 3.193057298660278320e+00 9.552251440003180178e+05 -3.607610800033996812e-01
2.790000000000000000e+02 2.952649354934692383e+00 9.555058860131391557e+05 -3.543474516899929871e-01
2.800000000000000000e+02 2.956979036331176758e+00 9.388597709003065247e+05 -4.177130126890062356e-01
2.810000000000000000e+02 2.915371894836425781e+00 9.596326785235336283e+05 -3.254013103518222927e-01
2.820000000000000000e+02 2.943791866302490234e+00 1.001676037574513466e+06 -1.444821400369823705e-01
2.830000000000000000e+02 2.980211973190307617e+00 1.015759711836492992e+06 -8.288015391333568294e-02
2.840000000000000000e+02 2.941184520721435547e+00 9.614122078642308479e+05 -3.157711941895896546e-01
2.850000000000000000e+02 3.020807981491088867e+00 9.012090093622504501e+05 -5.736867637904049522e-01
2.860000000000000000e+02 3.469654560089111328e+00 9.143456294224110898e+05 -5.077400619690489725e-01
2.870000000000000000e+02 3.073141574859619141e+00 9.478709831069371430e+05 -3.527190278870666051e-01
2.880000000000000000e+02 3.158789157867431641e+00 9.189890437334242743e+05 -4.774352125283725101e-01
2.890000000000000000e+02 3.093527793884277344e+00 9.468737771338674938e+05 -3.459315800478410807e-01
2.900000000000000000e+02 3.217515230178833008e+00 9.343282152015581960e+05 -3.990073194954911195e-01
2.910000000000000000e+02 3.146117925643920898e+00 9.199810038333479315e+05 -4.601653477647539292e-01
2.920000000000000000e+02 3.164213657379150391e+00 9.132390988871580921e+05 -4.858936698225898021e-01
2.930000000000000000e+02 3.090793132781982422e+00 8.906957734196810052e+05 -5.850763496027353572e-01
2.940000000000000000e+02 3.097030162811279297e+00 8.599969841930250404e+05 -7.215028427002478928e-01
2.950000000000000000e+02 3.124570846557617188e+00 9.564458969860030338e+05 -2.576568747351917210e-01
2.960000000000000000e+02 3.098832368850708008e+00 9.709723965720675187e+05 -1.862467627867943065e-01
2.970000000000000000e+02 3.191940069198608398e+00 1.049691714624885703e+06 1.923842096855216399e-01
2.980000000000000000e+02 3.688019990921020508e+00 1.026051346650553402e+06 7.647234090650510685e-02
2.990000000000000000e+02 3.847916603088378906e+00 1.013204730925757205e+06 1.321982888844958071e-02
