4.417631931768809259e+07
1.000000000000000000e+00 1.113653182983398438e-03 1.446681907050465525e+05 0.000000000000000000e+00
2.000000000000000000e+00 1.105070114135742188e-03 1.727511837373193703e+05 1.407513386535300892e+00
3.000000000000000000e+00 1.114130020141601562e-03 1.640122413122398430e+05 6.687581944804952272e-01
4.000000000000000000e+00 1.102924346923828125e-03 1.484285202330760949e+05 1.595316359816590923e-01
5.000000000000000000e+00 1.118659973144531250e-03 1.646598630070408399e+05 6.370361745116152052e-01
6.000000000000000000e+00 1.099824905395507812e-03 1.311843041292527341e+05 -5.153719323092809113e-01
7.000000000000000000e+00 1.111984252929687500e-03 1.501447699605386879e+05 1.852957395419778386e-01
8.000000000000000000e+00 1.103639602661132812e-03 1.720881112811729545e+05 9.958560704632763994e-01
9.000000000000000000e+00 1.125812530517578125e-03 1.791908932530108141e+05 1.159625011097421776e+00
1.000000000000000000e+01 1.103878021240234375e-03 1.839015357032737811e+05 1.207244676682470486e+00
1.100000000000000000e+01 1.358032226562500000e-03 2.377206324207041180e+05 3.054085823084820461e+00
1.100000000000000000e+01 2.419710159301757812e-03 1.262049321448255796e+05 0.000000000000000000e+00
1.200000000000000000e+01 1.102447509765625000e-03 2.364241664636704663e+05 0.000000000000000000e+00
1.300000000000000000e+01 1.104116439819335938e-03 2.187374559899651213e+05 4.801701128249913908e-01
1.400000000000000000e+01 2.073764801025390625e-03 1.744674186048433767e+05 -3.264102723227430003e-01
1.500000000000000000e+01 1.102209091186523438e-03 1.385184645493316930e+05 -1.023383480773315979e+00
1.600000000000000000e+01 1.109361648559570312e-03 1.586118941301550949e+05 -4.196220549632244667e-01
1.700000000000000000e+01 1.139163970947265625e-03 1.885029568990975677e+05 2.958839976563834018e-01
1.800000000000000000e+01 1.104831695556640625e-03 2.074479152469412074e+05 7.442819566515050944e-01
1.900000000000000000e+01 1.313209533691406250e-03 2.994877899872247945e+05 3.041546774876396242e+00
1.900000000000000000e+01 2.376079559326171875e-03 2.217414409569840936e+05 0.000000000000000000e+00
2.000000000000000000e+01 1.108884811401367188e-03 3.532896019524787553e+05 0.000000000000000000e+00
2.100000000000000000e+01 1.103878021240234375e-03 2.390568910039601615e+05 -5.209563697348351674e-01
2.200000000000000000e+01 1.108884811401367188e-03 3.260674069626578712e+05 7.653466863176177082e-01
2.300000000000000000e+01 1.101732254028320312e-03 3.556887422005496919e+05 1.096153061705908760e+00
2.400000000000000000e+01 1.107454299926757812e-03 2.787551891449627583e+05 -3.182688554484636723e-01
2.500000000000000000e+01 1.103639602661132812e-03 3.414110250788755948e+05 7.873764466755968083e-01
2.600000000000000000e+01 1.110076904296875000e-03 3.441785421894070460e+05 7.526218912848914311e-01
2.700000000000000000e+01 1.107454299926757812e-03 2.883148537728821975e+05 -3.582529468308690013e-01
2.800000000000000000e+01 1.107931137084960938e-03 2.860503584085421171e+05 -3.824800667853933134e-01
2.900000000000000000e+01 1.100540161132812500e-03 2.478288496345723397e+05 -1.157417083897821497e+00
3.000000000000000000e+01 3.357410430908203125e-03 2.416402700010218541e+05 -1.168306479128713438e+00
3.100000000000000000e+01 1.105070114135742188e-03 2.978066824938511127e+05 8.422184856874755099e-02
3.200000000000000000e+01 1.102447509765625000e-03 3.265397790239229798e+05 6.917986084155137716e-01
3.300000000000000000e+01 1.102447509765625000e-03 3.284183711477219476e+05 6.973724165968325783e-01
3.400000000000000000e+01 1.111030578613281250e-03 3.590076545882454375e+05 1.341732113475670118e+00
3.500000000000000000e+01 3.999233245849609375e-03 3.641110563233096618e+05 1.340563842739989742e+00
3.600000000000000000e+01 1.102209091186523438e-03 2.711197120832945802e+05 -7.372899978212146266e-01
3.700000000000000000e+01 1.114130020141601562e-03 1.916197365033800888e+05 -2.417582860945019618e+00
3.800000000000000000e+01 1.101493835449218750e-03 1.984211178050117160e+05 -1.916034228641712689e+00
3.900000000000000000e+01 1.116275787353515625e-03 2.897268771796426736e+05 -6.016668709918329000e-02
4.000000000000000000e+01 1.141548156738281250e-03 2.945004157689135172e+05 2.978979036063023403e-02
4.100000000000000000e+01 1.114845275878906250e-03 3.118111366585619398e+05 3.582689954975359359e-01
4.200000000000000000e+01 1.112222671508789062e-03 2.671430911759993760e+05 -5.170013249918207210e-01
4.300000000000000000e+01 1.119613647460937500e-03 2.900388684173037764e+05 -5.203927047086458896e-02
4.400000000000000000e+01 1.109123229980468750e-03 2.677703378087883466e+05 -4.997105935354695383e-01
4.500000000000000000e+01 1.115560531616210938e-03 3.038967595977353049e+05 2.512564598522600834e-01
4.600000000000000000e+01 1.108646392822265625e-03 2.962845909933691146e+05 8.779031480579937985e-02
4.700000000000000000e+01 1.116752624511718750e-03 3.369443566382767167e+05 9.497037546237409034e-01
4.800000000000000000e+01 1.107215881347656250e-03 3.055980916081082541e+05 2.518694224624423716e-01
4.900000000000000000e+01 1.107692718505859375e-03 2.960289504628590657e+05 4.045378878133336353e-02
5.000000000000000000e+01 1.125097274780273438e-03 2.931914831421692506e+05 -2.262850131567145304e-02
5.100000000000000000e+01 1.107454299926757812e-03 2.955734933884085622e+05 3.100460000847560932e-02
5.200000000000000000e+01 1.115322113037109375e-03 2.794137081984012621e+05 -3.367451736199779666e-01
5.300000000000000000e+01 1.110076904296875000e-03 2.692167745037189452e+05 -5.662919292607949684e-01
5.400000000000000000e+01 1.114606857299804688e-03 3.136668569952168036e+05 4.789589255508297505e-01
5.500000000000000000e+01 1.108407974243164062e-03 3.596301476843103883e+05 1.552940115078604633e+00
5.600000000000000000e+01 1.138687133789062500e-03 3.075505326730867382e+05 2.797701625308993134e-01
5.700000000000000000e+01 1.111745834350585938e-03 3.114287996170221013e+05 3.666518866106722174e-01
5.800000000000000000e+01 1.117944717407226562e-03 3.393577131636852864e+05 1.022743506695169335e+00
5.900000000000000000e+01 1.120090484619140625e-03 4.141394972473363159e+05 2.767249488161013904e+00
6.000000000000000000e+01 1.110553741455078125e-03 3.751683279038975015e+05 1.648812088652865881e+00
6.100000000000000000e+01 1.116752624511718750e-03 3.442116509037442156e+05 9.114429852047970515e-01
6.200000000000000000e+01 1.115798950195312500e-03 3.379579183374201530e+05 7.572853606664894377e-01
6.300000000000000000e+01 1.123905181884765625e-03 3.305949517692243098e+05 5.841616848170008147e-01
6.400000000000000000e+01 1.108407974243164062e-03 3.057796804523411556e+05 3.311556807482277098e-02
6.500000000000000000e+01 1.110315322875976562e-03 3.240572140473693144e+05 4.368014446413899798e-01
6.600000000000000000e+01 1.110076904296875000e-03 3.299642626728204195e+05 5.630878260654098577e-01
6.700000000000000000e+01 1.112461090087890625e-03 3.533042744024305721e+05 1.079880275947162849e+00
6.800000000000000000e+01 1.111507415771484375e-03 3.667761264276728034e+05 1.358532241683699127e+00
6.900000000000000000e+01 1.114845275878906250e-03 3.057319391222732957e+05 -3.791818542362479505e-02
7.000000000000000000e+01 1.116037368774414062e-03 3.191095119839995168e+05 2.631600384834726358e-01
7.100000000000000000e+01 1.114130020141601562e-03 2.761923999044875382e+05 -7.131723808224315064e-01
7.200000000000000000e+01 1.112699508666992188e-03 3.226584486932793516e+05 3.561815551063462482e-01
7.300000000000000000e+01 1.110792160034179688e-03 2.867758148753819987e+05 -4.723533811015227513e-01
7.400000000000000000e+01 1.114130020141601562e-03 3.387077020231867209e+05 7.353711354492542540e-01
7.500000000000000000e+01 1.109600067138671875e-03 3.432229943608467001e+05 8.303418913672995227e-01
7.600000000000000000e+01 2.381086349487304688e-03 3.653791127341404208e+05 1.334869825548974598e+00
7.700000000000000000e+01 8.709430694580078125e-04 4.092294561616056599e+05 2.319320573783869577e+00
7.800000000000000000e+01 1.397371292114257812e-03 4.229103796834994573e+05 2.506014989986662833e+00
7.900000000000000000e+01 2.776622772216796875e-03 4.177708912187183159e+05 2.252614306476081740e+00
8.000000000000000000e+01 1.107215881347656250e-03 5.002337349011063343e+05 3.857301000146470926e+00
8.000000000000000000e+01 2.123355865478515625e-03 2.515333812296776741e+05 0.000000000000000000e+00
8.100000000000000000e+01 8.604526519775390625e-04 4.017357731500518275e+05 0.000000000000000000e+00
8.200000000000000000e+01 1.121282577514648438e-03 4.531314630825083586e+05 1.191017062645541413e+00
8.300000000000000000e+01 1.698493957519531250e-03 6.775014162934691412e+05 2.946833848829659264e+00
8.400000000000000000e+01 1.115322113037109375e-03 6.622654579340213677e+05 1.225677530557081285e+00
8.500000000000000000e+01 1.108407974243164062e-03 6.513564549676976167e+05 8.963863696210665477e-01
8.600000000000000000e+01 1.119375228881835938e-03 6.615571383670284413e+05 8.313259870491650494e-01
8.700000000000000000e+01 1.107692718505859375e-03 6.167268358972573187e+05 4.724058698046758598e-01
8.800000000000000000e+01 1.135110855102539062e-03 6.272577317872614367e+05 5.057192647355456261e-01
8.900000000000000000e+01 1.117229461669921875e-03 5.640996027986232657e+05 5.436801952527716558e-02
9.000000000000000000e+01 1.121759414672851562e-03 5.918729181294323644e+05 2.470910298253242154e-01
9.100000000000000000e+01 1.116275787353515625e-03 5.007209234054599074e+05 -4.371764175663925278e-01
9.200000000000000000e+01 1.121282577514648438e-03 4.355906085004353663e+05 -9.168257017379295437e-01
9.300000000000000000e+01 1.112937927246093750e-03 5.218894606210592319e+05 -1.853249076678576135e-01
9.400000000000000000e+01 1.148939132690429688e-03 4.493776878116239095e+05 -7.631660157561875879e-01
9.500000000000000000e+01 1.110553741455078125e-03 4.342987723458814435e+05 -8.477245628752334561e-01
9.600000000000000000e+01 1.122236251831054688e-03 4.109307469967204961e+05 -9.970882108247781650e-01
9.700000000000000000e+01 1.131296157836914062e-03 3.974428414384419448e+05 -1.052273814387242545e+00
9.800000000000000000e+01 1.125335693359375000e-03 3.769824849241718184e+05 -1.162067399354931085e+00
9.900000000000000000e+01 1.118421554565429688e-03 3.979888729274062207e+05 -9.196834410316906405e-01
1.000000000000000000e+02 1.120805740356445312e-03 3.585367668412142666e+05 -1.204438466510116212e+00
1.010000000000000000e+02 1.125335693359375000e-03 3.784691975681378390e+05 -9.730458643592536649e-01
1.020000000000000000e+02 1.123189926147460938e-03 4.952594706483103801e+05 2.777686828758488269e-02
1.030000000000000000e+02 1.127719879150390625e-03 5.497833841411483008e+05 4.853042637339008980e-01
1.040000000000000000e+02 1.121759414672851562e-03 5.106575257544959895e+05 1.387021901697638449e-01
1.050000000000000000e+02 1.123189926147460938e-03 5.322145619938855525e+05 3.241009992026286368e-01
1.060000000000000000e+02 1.488208770751953125e-03 5.339090105052790605e+05 3.324560411007027594e-01
1.070000000000000000e+02 1.348972320556640625e-03 5.052016570231964579e+05 6.611742478725528283e-02
1.080000000000000000e+02 1.125097274780273438e-03 6.646100788283722941e+05 1.534245033826182381e+00
1.090000000000000000e+02 1.124620437622070312e-03 6.834681471627899446e+05 1.618774483729109148e+00
1.100000000000000000e+02 1.126527786254882812e-03 6.410452877416184638e+05 1.152328783161135073e+00
1.110000000000000000e+02 1.132249832153320312e-03 5.097979536961299600e+05 -3.770532362979846924e-02
1.120000000000000000e+02 1.119613647460937500e-03 4.968883476717890007e+05 -1.518724199237321548e-01
1.130000000000000000e+02 1.123189926147460938e-03 4.929560459847262828e+05 -1.850700630608849151e-01
1.140000000000000000e+02 1.120090484619140625e-03 4.711882191982011427e+05 -3.817608851410769222e-01
1.150000000000000000e+02 1.116275787353515625e-03 4.157595747567971703e+05 -8.900153178851194502e-01
1.160000000000000000e+02 1.132488250732421875e-03 3.760844013972730027e+05 -1.237557569445286498e+00
1.170000000000000000e+02 1.123189926147460938e-03 3.786860085212499253e+05 -1.171935684473790484e+00
1.180000000000000000e+02 1.118421554565429688e-03 3.939234955570558086e+05 -9.956496775080037054e-01
1.190000000000000000e+02 1.116037368774414062e-03 4.714812949545487645e+05 -2.562202980113687523e-01
1.200000000000000000e+02 1.126527786254882812e-03 6.218189441828962881e+05 1.148717720944895326e+00
1.210000000000000000e+02 1.125574111938476562e-03 6.417869786623767577e+05 1.302191297022097904e+00
1.220000000000000000e+02 1.125574111938476562e-03 5.594073090574170928e+05 5.019166799853861383e-01
1.230000000000000000e+02 1.121520996093750000e-03 5.327086120883234544e+05 2.464040876796561585e-01
1.240000000000000000e+02 1.126766204833984375e-03 5.196213680967816617e+05 1.204157694551378222e-01
1.250000000000000000e+02 1.128673553466796875e-03 5.486741081953401444e+05 3.953923436576718409e-01
1.260000000000000000e+02 1.122713088989257812e-03 5.256773586556349183e+05 1.696871027963067213e-01
1.270000000000000000e+02 1.124382019042968750e-03 5.007467098671456333e+05 -7.408066312188237024e-02
1.280000000000000000e+02 1.128196716308593750e-03 5.423445505460628774e+05 3.347103594437157437e-01
1.290000000000000000e+02 1.121520996093750000e-03 6.183643067819593707e+05 1.083643252015460412e+00
1.300000000000000000e+02 1.132726669311523438e-03 6.335414024113354972e+05 1.210379484983593157e+00
1.310000000000000000e+02 1.139879226684570312e-03 7.119733981554283528e+05 1.953513868215319693e+00
1.320000000000000000e+02 1.132726669311523438e-03 8.185511650122164283e+05 2.888345903155019379e+00
1.330000000000000000e+02 1.351118087768554688e-03 9.537480969151270110e+05 3.871383307096432524e+00
1.330000000000000000e+02 2.435445785522460938e-03 5.052352384169401485e+05 0.000000000000000000e+00
1.340000000000000000e+02 1.113891601562500000e-03 7.283606196689391509e+05 0.000000000000000000e+00
1.350000000000000000e+02 1.127958297729492188e-03 6.395002629441304598e+05 1.438919602979898960e-01
1.360000000000000000e+02 1.118183135986328125e-03 6.272614735326330410e+05 2.578206562782314401e-02
1.370000000000000000e+02 8.642673492431640625e-04 5.445609439684245735e+05 -8.779000041196503012e-01
1.380000000000000000e+02 8.935928344726562500e-04 4.785106518501958344e+05 -1.495885230594410142e+00
1.390000000000000000e+02 2.824783325195312500e-03 8.019709617700558156e+05 2.273195815521201091e+00
1.400000000000000000e+02 3.609657287597656250e-03 7.645068936366155976e+05 1.237907983393473410e+00
1.410000000000000000e+02 3.962755203247070312e-03 5.974768912962018512e+05 -3.196334629616234269e-01
1.420000000000000000e+02 4.335403442382812500e-03 5.407411664394892287e+05 -7.987259069343700668e-01
1.430000000000000000e+02 3.682374954223632812e-03 5.331310062418159796e+05 -8.047795101949326568e-01
1.440000000000000000e+02 4.012584686279296875e-03 6.410481219727044227e+05 2.418279001954876939e-01
1.450000000000000000e+02 4.989385604858398438e-03 5.712489125211432111e+05 -4.372052816080164717e-01
1.460000000000000000e+02 3.653049468994140625e-03 6.632137555215795292e+05 4.952781265884826922e-01
1.470000000000000000e+02 4.291772842407226562e-03 7.615665090967874276e+05 1.481481963151428216e+00
1.480000000000000000e+02 3.930330276489257812e-03 7.987526381564327748e+05 1.701013592795111773e+00
1.490000000000000000e+02 4.259824752807617188e-03 7.903724195698711555e+05 1.432358601602432113e+00
1.500000000000000000e+02 3.860712051391601562e-03 7.927339333603653358e+05 1.331998851273987095e+00
1.510000000000000000e+02 4.165172576904296875e-03 7.731894641947618220e+05 1.059345678644234567e+00
1.520000000000000000e+02 4.261016845703125000e-03 7.934127199597905856e+05 1.181950682715463774e+00
1.530000000000000000e+02 3.961086273193359375e-03 8.980571912044766359e+05 2.037390064570330228e+00
1.540000000000000000e+02 4.125118255615234375e-03 1.025565715638056863e+06 2.862300709534582488e+00
1.550000000000000000e+02 4.215002059936523438e-03 9.014767263118659612e+05 1.485093308367801512e+00
1.560000000000000000e+02 4.134893417358398438e-03 7.730378817321636016e+05 4.885190112894784442e-01
1.570000000000000000e+02 4.477262496948242188e-03 7.178948651422417024e+05 8.427048196504748068e-02
1.580000000000000000e+02 3.830909729003906250e-03 7.411003372889035381e+05 2.510902003252223902e-01
1.590000000000000000e+02 4.415273666381835938e-03 7.464775655040495330e+05 2.858921402306391357e-01
1.600000000000000000e+02 1.078605651855468750e-03 8.255076268270266009e+05 8.757802481400911443e-01
1.610000000000000000e+02 1.091480255126953125e-03 8.465273669498189120e+05 1.007750612671844515e+00
1.620000000000000000e+02 1.075744628906250000e-03 8.227556199866913958e+05 7.932939610281150022e-01
1.630000000000000000e+02 8.349418640136718750e-04 6.729195978224053979e+05 -3.705030095262813461e-01
1.640000000000000000e+02 2.453565597534179688e-03 8.662519250425313367e+05 1.132201381924643702e+00
1.650000000000000000e+02 3.287553787231445312e-03 1.004240185377954505e+06 2.156211202823279827e+00
1.660000000000000000e+02 1.090526580810546875e-03 9.014702535816953750e+05 1.232871571276913158e+00
1.670000000000000000e+02 1.089096069335937500e-03 9.580553879222365795e+05 1.599198807366742914e+00
1.680000000000000000e+02 1.080274581909179688e-03 9.354119906798298471e+05 1.359632062690973697e+00
1.690000000000000000e+02 1.076698303222656250e-03 9.827961233935385244e+05 1.640274827901386567e+00
1.700000000000000000e+02 1.078605651855468750e-03 9.469113897012007656e+05 1.314387011191934240e+00
1.710000000000000000e+02 1.081943511962890625e-03 1.076050132784894435e+06 2.148466138703846617e+00
1.720000000000000000e+02 1.080036163330078125e-03 9.805507193233040161e+05 1.380260550750713300e+00
1.730000000000000000e+02 1.085281372070312500e-03 9.194449220902899979e+05 9.369080118571512239e-01
1.740000000000000000e+02 1.076459884643554688e-03 9.102065271830410929e+05 8.559829678410147968e-01
1.750000000000000000e+02 1.080274581909179688e-03 8.393875907697682269e+05 3.791326172521557458e-01
1.760000000000000000e+02 1.088380813598632812e-03 8.835433216427089646e+05 6.635695534350910529e-01
1.770000000000000000e+02 1.088142395019531250e-03 8.952191290872331010e+05 7.298648387524043768e-01
1.780000000000000000e+02 1.086473464965820312e-03 8.857145054730619304e+05 6.545070311146312658e-01
1.790000000000000000e+02 1.077890396118164062e-03 9.823686717762085609e+05 1.289861039158004541e+00
1.800000000000000000e+02 1.073122024536132812e-03 1.039519747250487329e+06 1.632929250711900204e+00
1.810000000000000000e+02 1.292228698730468750e-03 1.294192775282721967e+06 3.233055327281594948e+00
1.810000000000000000e+02 2.364397048950195312e-03 9.957254132421329850e+05 0.000000000000000000e+00
1.820000000000000000e+02 1.089572906494140625e-03 1.346259239558510249e+06 0.000000000000000000e+00
1.830000000000000000e+02 1.091241836547851562e-03 1.490895415827345103e+06 1.290635179112277875e+00
1.840000000000000000e+02 1.080036163330078125e-03 1.352924991682989523e+06 2.957285887147108050e-01
1.850000000000000000e+02 1.081228256225585938e-03 1.322614894603086403e+06 1.238353173296930093e-01
1.860000000000000000e+02 1.078605651855468750e-03 1.330607753512099851e+06 1.577554960201562329e-01
1.870000000000000000e+02 1.083612442016601562e-03 1.273823673267606413e+06 -1.987725347257202069e-01
1.880000000000000000e+02 1.083374023437500000e-03 1.330970762210220564e+06 1.934636422944110146e-01
1.890000000000000000e+02 1.082658767700195312e-03 1.411223863695322769e+06 7.563838982302553138e-01
1.900000000000000000e+02 1.088619232177734375e-03 1.352146659640642349e+06 2.578165481974055151e-01
1.910000000000000000e+02 1.102209091186523438e-03 1.216193827519252431e+06 -8.155028111598777718e-01
1.920000000000000000e+02 1.094341278076171875e-03 1.210239059162836056e+06 -8.038785573102140702e-01
1.930000000000000000e+02 1.095533370971679688e-03 1.060556265323013300e+06 -1.965261265686663705e+00
1.940000000000000000e+02 1.103162765502929688e-03 1.107076531326514203e+06 -1.304049903123040588e+00
1.950000000000000000e+02 1.089572906494140625e-03 1.355275674375103321e+06 6.034701132619761932e-01
1.960000000000000000e+02 1.085042953491210938e-03 1.440826693472701823e+06 1.208466873289629318e+00
1.970000000000000000e+02 1.084804534912109375e-03 1.294043813635664526e+06 4.891986596418262251e-02
1.980000000000000000e+02 1.086711883544921875e-03 1.342332237694053911e+06 4.111849349728707859e-01
1.990000000000000000e+02 1.084327697753906250e-03 1.470481532075312687e+06 1.388112825646518944e+00
2.000000000000000000e+02 1.201391220092773438e-03 1.445815180166380946e+06 1.099605500011036963e+00
2.010000000000000000e+02 1.089334487915039062e-03 1.205914375882518711e+06 -7.642628643900252206e-01
2.020000000000000000e+02 1.085519790649414062e-03 1.040688333294086740e+06 -1.993133742109056250e+00
2.030000000000000000e+02 1.085758209228515625e-03 9.531286810704480158e+05 -2.413276514500745762e+00
2.040000000000000000e+02 1.083374023437500000e-03 9.986907236130262027e+05 -1.804113001243379921e+00
2.050000000000000000e+02 1.088142395019531250e-03 9.576811770013916539e+05 -1.909629061535686789e+00
2.060000000000000000e+02 1.088142395019531250e-03 9.059631442005686695e+05 -2.050909384030190186e+00
2.070000000000000000e+02 1.092195510864257812e-03 9.118530409260039451e+05 -1.828978237191736911e+00
2.080000000000000000e+02 1.083135604858398438e-03 9.033321653756758897e+05 -1.736239980502801483e+00
2.090000000000000000e+02 1.085281372070312500e-03 9.170155537212158088e+05 -1.547088286648603539e+00
2.100000000000000000e+02 1.080513000488281250e-03 9.491512163165290840e+05 -1.297026855137985546e+00
2.110000000000000000e+02 1.086711883544921875e-03 9.389188345752806636e+05 -1.291798096261637330e+00
2.120000000000000000e+02 8.342266082763671875e-04 7.743408489346245769e+05 -2.054718385752246412e+00
2.130000000000000000e+02 1.099109649658203125e-03 6.795633098959142808e+05 -2.346936914723690037e+00
2.140000000000000000e+02 1.091957092285156250e-03 7.270412736260555685e+05 -1.924606647869109954e+00
2.150000000000000000e+02 1.096725463867187500e-03 7.622925092226647539e+05 -1.647802406216651638e+00
2.160000000000000000e+02 1.090764999389648438e-03 7.150694309616789687e+05 -1.760845995344255677e+00
2.170000000000000000e+02 1.095533370971679688e-03 7.175135210244054906e+05 -1.654765782480053238e+00
2.180000000000000000e+02 1.090288162231445312e-03 6.940720767947247950e+05 -1.667195500217061310e+00
2.190000000000000000e+02 1.095056533813476562e-03 7.076563056359979091e+05 -1.534372926210607169e+00
2.200000000000000000e+02 1.097917556762695312e-03 7.234502841398428427e+05 -1.409880999644429922e+00
2.210000000000000000e+02 1.098155975341796875e-03 8.093147779988661641e+05 -1.034295817591779576e+00
2.220000000000000000e+02 1.101016998291015625e-03 7.977649473369688494e+05 -1.052090086794132962e+00
2.230000000000000000e+02 1.100540161132812500e-03 7.957933938693922246e+05 -1.033463407391901345e+00
2.240000000000000000e+02 1.097679138183593750e-03 8.120716511005489156e+05 -9.475929822112589829e-01
2.250000000000000000e+02 1.094818115234375000e-03 8.661986379549793201e+05 -7.231998524009980445e-01
2.260000000000000000e+02 1.095056533813476562e-03 8.178615103312438587e+05 -8.944468547048012308e-01
2.270000000000000000e+02 1.094341278076171875e-03 8.132553908251081593e+05 -8.946381451532723350e-01
2.280000000000000000e+02 1.100778579711914062e-03 8.817200772484245244e+05 -6.167183619411537032e-01
2.290000000000000000e+02 1.108169555664062500e-03 8.234747737832518760e+05 -8.314426413654754100e-01
2.300000000000000000e+02 1.108646392822265625e-03 7.952950711180553772e+05 -9.257242613498105621e-01
2.310000000000000000e+02 1.109600067138671875e-03 8.879922468905691057e+05 -5.512097849104978797e-01
2.320000000000000000e+02 1.109600067138671875e-03 1.106324778794929851e+06 3.037372182534471277e-01
2.330000000000000000e+02 1.107931137084960938e-03 1.118229896666710032e+06 3.472442188025242626e-01
2.340000000000000000e+02 1.101016998291015625e-03 1.097844616489124950e+06 2.630428079871119929e-01
2.350000000000000000e+02 1.102685928344726562e-03 1.004640245644339826e+06 -1.112119080727593384e-01
2.360000000000000000e+02 1.105546951293945312e-03 1.025550584679551655e+06 -2.604208772204832587e-02
2.370000000000000000e+02 1.116752624511718750e-03 1.030606111163703026e+06 -5.277610572508641476e-03
2.380000000000000000e+02 1.142024993896484375e-03 9.703782666255120421e+05 -2.520850504954492699e-01
2.390000000000000000e+02 1.111030578613281250e-03 9.055901970593762817e+05 -5.175567413111074044e-01
2.400000000000000000e+02 1.136779785156250000e-03 8.880932822489619721e+05 -5.848214186073504850e-01
2.410000000000000000e+02 1.126527786254882812e-03 1.328152393934002845e+06 1.262375840980995090e+00
2.420000000000000000e+02 1.117706298828125000e-03 1.738535151028248714e+06 2.944370056852861239e+00
2.430000000000000000e+02 1.114130020141601562e-03 1.334028050816705683e+06 1.144256667256323245e+00
2.440000000000000000e+02 1.105070114135742188e-03 7.703846186943588546e+05 -1.085301110678373426e+00
2.450000000000000000e+02 1.112461090087890625e-03 6.997718497014564928e+05 -1.343358653918552470e+00
2.460000000000000000e+02 1.107931137084960938e-03 7.512642489347729133e+05 -1.114416972143452256e+00
2.470000000000000000e+02 1.122236251831054688e-03 7.808310607104196679e+05 -9.808270897229411922e-01
2.480000000000000000e+02 1.109838485717773438e-03 9.198976082551768050e+05 -4.262764867109391509e-01
2.490000000000000000e+02 1.123905181884765625e-03 1.004454698165860842e+06 -9.205627747471960276e-02
2.500000000000000000e+02 1.120567321777343750e-03 1.028161843563252361e+06 1.967672433067507807e-03
2.510000000000000000e+02 1.130104064941406250e-03 1.007825547444605851e+06 -7.871717074546942527e-02
2.520000000000000000e+02 1.111745834350585938e-03 9.655357088921308750e+05 -2.471264071772254489e-01
2.530000000000000000e+02 1.120567321777343750e-03 1.002303024458482512e+06 -9.744430652702473772e-02
2.540000000000000000e+02 1.116991043090820312e-03 1.161062812505587470e+06 5.461956894888156944e-01
2.550000000000000000e+02 1.123189926147460938e-03 1.182561499677526066e+06 6.289311866579383459e-01
2.560000000000000000e+02 1.119852066040039062e-03 1.138327686140685575e+06 4.423534863660260052e-01
2.570000000000000000e+02 1.149415969848632812e-03 1.153220517659228761e+06 5.000909882678974405e-01
2.580000000000000000e+02 8.671283721923828125e-04 1.252396919091706863e+06 9.055833303786808841e-01
2.590000000000000000e+02 1.838445663452148438e-03 1.315013215046335245e+06 1.153958701853336155e+00
2.600000000000000000e+02 4.906177520751953125e-03 1.289919056261254940e+06 1.033520252394870109e+00
2.610000000000000000e+02 1.124382019042968750e-03 1.233306527854586951e+06 7.867430050234541783e-01
2.620000000000000000e+02 1.116037368774414062e-03 1.177005266777446959e+06 5.461379243314948839e-01
2.630000000000000000e+02 1.119852066040039062e-03 1.191370797543772031e+06 6.014990609371817509e-01
2.640000000000000000e+02 1.118421554565429688e-03 1.167132790812516119e+06 4.955422599209069467e-01
2.650000000000000000e+02 1.124620437622070312e-03 1.191888413199339993e+06 5.955763587708727824e-01
2.660000000000000000e+02 1.125574111938476562e-03 1.159963905616354430e+06 4.566287442773916960e-01
2.670000000000000000e+02 1.122713088989257812e-03 1.069286985214003595e+06 7.038942587092475445e-02
2.680000000000000000e+02 1.121044158935546875e-03 9.670383995547142113e+05 -3.644695948808135411e-01
2.690000000000000000e+02 1.124858856201171875e-03 9.928780206172715407e+05 -2.517950993364532764e-01
2.700000000000000000e+02 1.125097274780273438e-03 9.532909884046822554e+05 -4.202621748630451237e-01
2.710000000000000000e+02 1.131534576416015625e-03 8.965925803857553983e+05 -6.620939041581596074e-01
2.720000000000000000e+02 1.136779785156250000e-03 8.209854632544678170e+05 -9.840406734950946088e-01
2.730000000000000000e+02 1.130819320678710938e-03 7.874530201038054656e+05 -1.118698851335567790e+00
2.740000000000000000e+02 1.121759414672851562e-03 8.058208323166734772e+05 -1.025847635416632819e+00
2.750000000000000000e+02 1.131534576416015625e-03 8.501508374624468852e+05 -8.231394535531203482e-01
2.760000000000000000e+02 1.125574111938476562e-03 9.518969002209836617e+05 -3.754420326352327919e-01
2.770000000000000000e+02 1.141786575317382812e-03 1.194254506623778725e+06 6.807384921358093921e-01
2.780000000000000000e+02 1.134634017944335938e-03 1.124092425216250587e+06 3.696437100039572932e-01
2.790000000000000000e+02 1.135587692260742188e-03 1.123841075607858365e+06 3.664126180193547078e-01
2.800000000000000000e+02 1.135587692260742188e-03 1.102260490042566089e+06 2.693681406469328743e-01
2.810000000000000000e+02 1.131057739257812500e-03 1.135608420277897036e+06 4.153633991580126250e-01
2.820000000000000000e+02 1.139640808105468750e-03 1.167030483028791845e+06 5.524619119401023015e-01
2.830000000000000000e+02 2.298593521118164062e-03 1.191982850490166573e+06 6.601035212120504037e-01
2.840000000000000000e+02 1.164197921752929688e-03 1.121733134377399692e+06 3.416982835590222090e-01
2.850000000000000000e+02 1.147985458374023438e-03 1.020128734799475526e+06 -1.159824914783339628e-01
2.860000000000000000e+02 1.159191131591796875e-03 9.850680174045936437e+05 -2.734814073593772044e-01
2.870000000000000000e+02 2.985477447509765625e-03 9.839959412743045250e+05 -2.769581859674883906e-01
2.880000000000000000e+02 1.138448715209960938e-03 9.556854749101707712e+05 -4.043267327702931846e-01
2.890000000000000000e+02 1.155138015747070312e-03 9.849640628359259572e+05 -2.684802796088133214e-01
2.900000000000000000e+02 1.137733459472656250e-03 9.700945186628797092e+05 -3.353535600595143884e-01
2.910000000000000000e+02 1.144409179687500000e-03 9.443458384260664461e+05 -4.522243526990620266e-01
2.920000000000000000e+02 1.154422760009765625e-03 9.202010733685672749e+05 -5.613600988458320451e-01
2.930000000000000000e+02 1.162052154541015625e-03 8.834216727722377982e+05 -7.285717338357723394e-01
2.940000000000000000e+02 1.159667968750000000e-03 8.495935733938149642e+05 -8.808010021725244387e-01
2.950000000000000000e+02 1.157999038696289062e-03 9.075185983960940503e+05 -6.046094141650937281e-01
2.960000000000000000e+02 1.153707504272460938e-03 9.242091074687214568e+05 -5.232041203494629533e-01
2.970000000000000000e+02 9.107589721679687500e-04 9.917135831931808498e+05 -2.045565028742671598e-01
2.980000000000000000e+02 1.998901367187500000e-03 9.651400749850990251e+05 -3.284798799467978370e-01
2.990000000000000000e+02 1.153230667114257812e-03 9.416984827180585125e+05 -4.374853949567706901e-01
