1.927655066028782725e+07
1.000000000000000000e+00 1.990830898284912109e-01 1.427361270142201392e+05 0.000000000000000000e+00
2.000000000000000000e+00 1.005752086639404297e-01 1.439404311710169131e+05 7.260990249927630202e-01
3.000000000000000000e+00 1.493682861328125000e-01 8.544004932174521673e+04 -5.334363709293873379e-01
4.000000000000000000e+00 1.029503345489501953e-01 1.265951546214425907e+05 4.534138457055148508e-01
5.000000000000000000e+00 2.598669528961181641e-01 1.008020853397350002e+05 -2.398662860875213632e-01
6.000000000000000000e+00 1.038999557495117188e-01 1.073703141538575728e+05 -3.884944512005963219e-02
7.000000000000000000e+00 9.973359107971191406e-02 1.176792242454313382e+05 2.786454415296168996e-01
8.000000000000000000e+00 1.153733730316162109e-01 1.031074991391208314e+05 -2.165387664509332843e-01
9.000000000000000000e+00 1.050281524658203125e-01 1.144460157789476798e+05 1.916239926090698431e-01
1.000000000000000000e+01 9.947347640991210938e-02 1.041467495124588604e+05 -1.989441519887756860e-01
1.100000000000000000e+01 1.030099391937255859e-01 9.209802581250254298e+04 -6.597564937854287770e-01
1.200000000000000000e+01 1.996440887451171875e-01 1.225947000311995653e+05 6.001942606828836180e-01
1.300000000000000000e+01 2.171928882598876953e-01 1.086385615617429721e+05 -5.442005204152090825e-03
1.400000000000000000e+01 1.974544525146484375e-01 1.187084169836164801e+05 4.269769370897607552e-01
1.500000000000000000e+01 1.045360565185546875e-01 9.592155013878877799e+04 -5.975681732922952794e-01
1.600000000000000000e+01 2.236182689666748047e-01 1.289663730700815504e+05 9.228901438024827986e-01
1.700000000000000000e+01 9.938120841979980469e-02 1.583949199068713060e+05 2.214624864017396888e+00
1.800000000000000000e+01 1.020658016204833984e-01 1.443375709178765246e+05 1.317306273494841529e+00
1.900000000000000000e+01 9.968328475952148438e-02 2.151803489082313608e+05 4.104570453325520951e+00
1.900000000000000000e+01 2.008919715881347656e-01 2.022147747815388138e+05 0.000000000000000000e+00
2.000000000000000000e+01 1.832225322723388672e-01 2.811981656280893949e+05 0.000000000000000000e+00
2.100000000000000000e+01 1.103870868682861328e-01 1.843831450613876514e+05 -1.026385712100593706e+00
2.200000000000000000e+01 1.403520107269287109e-01 2.321205030320110964e+05 1.847966468216273028e-01
2.300000000000000000e+01 1.137139797210693359e-01 1.848704599157904740e+05 -9.473175407511159607e-01
2.400000000000000000e+01 1.001803874969482422e-01 1.433888724846924015e+05 -1.802306860959351109e+00
2.500000000000000000e+01 1.021873950958251953e-01 1.363656902498870331e+05 -1.445350567952593313e+00
2.600000000000000000e+01 1.002979278564453125e-01 1.455659936121712672e+05 -9.815929602597147641e-01
2.700000000000000000e+01 2.210803031921386719e-01 1.379097103813638969e+05 -1.022650622850689084e+00
2.800000000000000000e+01 1.773700714111328125e-01 1.374241360540329479e+05 -9.228563071348353519e-01
2.900000000000000000e+01 1.079912185668945312e-01 9.978799287004144571e+04 -1.611818303145965636e+00
3.000000000000000000e+01 1.026391983032226562e-01 1.545283008991736569e+05 -3.236442701417852064e-01
3.100000000000000000e+01 1.025457382202148438e-01 2.254393946419224376e+05 1.111491913955422683e+00
3.200000000000000000e+01 1.614265441894531250e-01 1.958495884437655041e+05 4.304585878172785818e-01
3.300000000000000000e+01 1.060242652893066406e-01 1.581825597017207474e+05 -3.625489394529218812e-01
3.400000000000000000e+01 1.101391315460205078e-01 1.396706761258506158e+05 -7.432360357576720533e-01
3.500000000000000000e+01 1.452865600585937500e-01 1.348698547009919421e+05 -8.120492325613222206e-01
3.600000000000000000e+01 1.349649429321289062e-01 1.159864534774927597e+05 -1.186679334844617184e+00
3.700000000000000000e+01 1.883397102355957031e-01 1.229902929000863369e+05 -9.582520284418877266e-01
3.800000000000000000e+01 1.190063953399658203e-01 1.451327407162057934e+05 -4.295259230418609908e-01
3.900000000000000000e+01 1.774163246154785156e-01 1.735409833983245771e+05 2.145266679307154811e-01
4.000000000000000000e+01 1.798977851867675781e-01 1.393333383961527434e+05 -5.701819927031723800e-01
4.100000000000000000e+01 1.037423610687255859e-01 1.551867046853372885e+05 -1.860624058815959492e-01
4.200000000000000000e+01 1.018517017364501953e-01 1.772144031538736017e+05 3.400250652837469856e-01
4.300000000000000000e+01 1.033616065979003906e-01 1.955785278273411677e+05 7.762282226994067225e-01
4.400000000000000000e+01 2.049291133880615234e-01 1.772831445291706186e+05 3.056538556019149366e-01
4.500000000000000000e+01 1.937608718872070312e-01 1.802516206743616785e+05 3.731436582057688911e-01
4.600000000000000000e+01 1.122274398803710938e-01 1.539555879961904429e+05 -2.989629637882396662e-01
4.700000000000000000e+01 1.019971370697021484e-01 1.564925591553282866e+05 -2.280767210124681754e-01
4.800000000000000000e+01 1.037130355834960938e-01 1.423041096561082813e+05 -5.951182275593287496e-01
4.900000000000000000e+01 1.018171310424804688e-01 1.792864898347382841e+05 3.964481721403169123e-01
5.000000000000000000e+01 1.837749481201171875e-01 1.954812112858290493e+05 8.238145254773743265e-01
5.100000000000000000e+01 1.034655570983886719e-01 1.900475741741707607e+05 6.558822224379963206e-01
5.200000000000000000e+01 1.799106597900390625e-01 1.656171749472368683e+05 -2.349585149498289657e-02
5.300000000000000000e+01 1.016416549682617188e-01 1.588953119084251812e+05 -2.090687930284863549e-01
5.400000000000000000e+01 1.042337417602539062e-01 1.855666520218178630e+05 5.422602311697528599e-01
5.500000000000000000e+01 1.596462726593017578e-01 1.590443440318596258e+05 -2.191459459560351486e-01
5.600000000000000000e+01 1.087579727172851562e-01 1.286200307483370707e+05 -1.090165908404129969e+00
5.700000000000000000e+01 1.187131404876708984e-01 1.311169034458368842e+05 -9.876488022667437860e-01
5.800000000000000000e+01 1.276540756225585938e-01 1.855607836492884380e+05 5.988767577692551969e-01
5.900000000000000000e+01 1.057784557342529297e-01 2.613287942352743703e+05 2.780740162524685033e+00
6.000000000000000000e+01 1.096420288085937500e-01 2.081714172949882923e+05 1.089382119717500430e+00
6.100000000000000000e+01 1.692585945129394531e-01 1.844165717487181246e+05 4.255534284970720615e-01
6.200000000000000000e+01 2.041559219360351562e-01 2.035341789818525431e+05 9.365973239164833153e-01
6.300000000000000000e+01 1.110002994537353516e-01 1.918338167462715064e+05 6.000115107031982475e-01
6.400000000000000000e+01 1.181905269622802734e-01 2.064238276157566870e+05 9.890560301472357541e-01
6.500000000000000000e+01 1.545548439025878906e-01 2.467668955645069946e+05 2.069087558316269337e+00
6.600000000000000000e+01 1.087856292724609375e-01 2.267219434012756101e+05 1.429256462507918712e+00
6.700000000000000000e+01 1.749150753021240234e-01 2.437857800897773122e+05 1.830468797056397978e+00
6.800000000000000000e+01 1.980454921722412109e-01 2.568915760936534498e+05 2.086364924904874574e+00
6.900000000000000000e+01 2.157943248748779297e-01 2.164085781337082444e+05 9.795231580761509793e-01
7.000000000000000000e+01 1.045079231262207031e-01 2.290388939508490148e+05 1.273126879738526007e+00
7.100000000000000000e+01 1.346335411071777344e-01 2.243239010934946127e+05 1.125593671683968955e+00
7.200000000000000000e+01 2.130582332611083984e-01 2.285426334644368908e+05 1.205237992625179277e+00
7.300000000000000000e+01 1.506869792938232422e-01 1.943838055757646216e+05 3.438804241095532177e-01
7.400000000000000000e+01 2.189581394195556641e-01 2.130079041641271033e+05 7.990812928497572631e-01
7.500000000000000000e+01 2.168891429901123047e-01 2.037599316162718169e+05 5.589601416549077051e-01
7.600000000000000000e+01 1.574246883392333984e-01 2.044464381286192220e+05 5.696539556672832738e-01
7.700000000000000000e+01 1.069307327270507812e-01 2.334483200964713760e+05 1.288693659274556813e+00
7.800000000000000000e+01 1.067090034484863281e-01 2.592966714569992037e+05 1.903101660020103170e+00
7.900000000000000000e+01 1.056435108184814453e-01 2.820964021572265774e+05 2.387364809848674607e+00
8.000000000000000000e+01 1.029889583587646484e-01 3.287389021727871732e+05 3.357784845586402778e+00
8.000000000000000000e+01 2.110161781311035156e-01 1.494520174787359138e+05 0.000000000000000000e+00
8.100000000000000000e+01 2.941834926605224609e-01 1.409826048334321822e+05 0.000000000000000000e+00
8.200000000000000000e+01 6.954514980316162109e-01 2.219987349048517644e+05 1.282088089827965227e+01
8.200000000000000000e+01 3.283023834228515625e-04 3.278837250184795994e+04 0.000000000000000000e+00
8.300000000000000000e+01 4.949014186859130859e-01 3.388714199900860549e+05 1.249473167377055738e+01
8.300000000000000000e+01 3.235340118408203125e-04 4.018146473677111499e+04 0.000000000000000000e+00
8.400000000000000000e+01 5.654270648956298828e-01 3.276387897982950672e+05 9.410146294793927169e+00
8.400000000000000000e+01 3.232955932617187500e-04 4.486512699123379571e+04 0.000000000000000000e+00
8.500000000000000000e+01 7.202379703521728516e-01 3.469513364483439946e+05 8.815086580789184723e+00
8.500000000000000000e+01 3.514289855957031250e-04 4.218663665749000211e+04 0.000000000000000000e+00
8.600000000000000000e+01 6.418337821960449219e-01 3.224512256183573045e+05 8.688142856260169467e+00
8.600000000000000000e+01 3.838539123535156250e-04 4.788026762707704620e+04 0.000000000000000000e+00
8.700000000000000000e+01 1.794371604919433594e-01 1.805339711197414435e+05 3.211013895153492559e+00
8.700000000000000000e+01 2.808728218078613281e-01 1.770199387738921505e+05 0.000000000000000000e+00
8.800000000000000000e+01 1.283512115478515625e-01 1.409098265068295004e+05 0.000000000000000000e+00
8.900000000000000000e+01 1.696777343750000000e-01 1.665010360518791422e+05 2.951453123122737554e-01
9.000000000000000000e+01 1.014893054962158203e-01 2.422961952389981016e+05 4.351690967440622337e+00
9.000000000000000000e+01 2.003934383392333984e-01 2.401497413581179571e+05 0.000000000000000000e+00
9.100000000000000000e+01 9.911632537841796875e-02 1.633844809439897072e+05 0.000000000000000000e+00
9.200000000000000000e+01 1.026120185852050781e-01 1.663068599493495130e+05 -6.532690425860594452e-01
9.300000000000000000e+01 9.962821006774902344e-02 2.024518603481379687e+05 2.874583515656145005e-01
9.400000000000000000e+01 9.978413581848144531e-02 1.460132194792124210e+05 -1.304872624632693157e+00
9.500000000000000000e+01 1.022994518280029297e-01 1.719563860357469239e+05 -3.107858679090411691e-01
9.600000000000000000e+01 9.988808631896972656e-02 1.466350583416017762e+05 -1.030923903359848515e+00
9.700000000000000000e+01 1.813151836395263672e-01 1.590741108138625859e+05 -5.219309731298923394e-01
9.800000000000000000e+01 1.516993045806884766e-01 1.490851500761231873e+05 -7.970973776901597585e-01
9.900000000000000000e+01 9.975290298461914062e-02 1.236661622325912904e+05 -1.548582670928808636e+00
1.000000000000000000e+02 9.882259368896484375e-02 1.493898515716410184e+05 -5.308166657761925755e-01
1.010000000000000000e+02 2.126431465148925781e-01 1.438561548611642793e+05 -6.762153295979224099e-01
1.020000000000000000e+02 1.353700160980224609e-01 1.291999661654777738e+05 -1.112163997589044273e+00
1.030000000000000000e+02 1.029865741729736328e-01 1.316978451463241945e+05 -9.400776670184347594e-01
1.040000000000000000e+02 1.000351905822753906e-01 1.573539497619622853e+05 -4.616904698750610991e-02
1.050000000000000000e+02 1.005661487579345703e-01 1.092904382379077288e+05 -1.663720391248875830e+00
1.060000000000000000e+02 9.992456436157226562e-02 1.522232592001780577e+05 -1.079627695269040066e-01
1.070000000000000000e+02 1.024465560913085938e-01 1.558561385981643980e+05 1.520884225785747342e-02
1.080000000000000000e+02 1.010065078735351562e-01 1.598147611314629030e+05 1.497181930470177502e-01
1.090000000000000000e+02 2.086632251739501953e-01 1.533395597373494820e+05 -8.107568842836727907e-02
1.100000000000000000e+02 1.030502319335937500e-01 1.393691627947998350e+05 -5.820657294457255437e-01
1.110000000000000000e+02 1.234054565429687500e-01 1.774326164977630251e+05 8.301488157937767509e-01
1.120000000000000000e+02 1.779775619506835938e-01 1.326348336689567368e+05 -8.553666592277678893e-01
1.130000000000000000e+02 1.058466434478759766e-01 1.624847590763995540e+05 2.860961372219262833e-01
1.140000000000000000e+02 1.249363422393798828e-01 1.646547271574258921e+05 3.621918537534672966e-01
1.150000000000000000e+02 1.227347850799560547e-01 1.690142480336552253e+05 5.227606491128978794e-01
1.160000000000000000e+02 1.006662845611572266e-01 1.757381875517865410e+05 7.741128856967547378e-01
1.170000000000000000e+02 1.030452251434326172e-01 1.838912259460052301e+05 1.074178164451796258e+00
1.180000000000000000e+02 1.757674217224121094e-01 1.866138995152430725e+05 1.141166839167407243e+00
1.190000000000000000e+02 1.036179065704345703e-01 2.228921688809693442e+05 2.522716600480867211e+00
1.200000000000000000e+02 1.010622978210449219e-01 1.992228211598570924e+05 1.389880104648607340e+00
1.210000000000000000e+02 1.957499980926513672e-01 1.436303435915838927e+05 -6.590057535312756620e-01
1.220000000000000000e+02 1.024904251098632812e-01 1.643719508875923930e+05 1.031521620269296308e-01
1.230000000000000000e+02 1.173746585845947266e-01 1.677930783434633631e+05 2.268738781393740411e-01
1.240000000000000000e+02 1.317169666290283203e-01 1.983626117705376528e+05 1.359206798513330039e+00
1.250000000000000000e+02 1.061108112335205078e-01 1.822052360794106207e+05 7.117987419228034573e-01
1.260000000000000000e+02 1.400597095489501953e-01 1.715188115511203941e+05 3.017435774039553542e-01
1.270000000000000000e+02 1.400566101074218750e-01 1.735433057744443649e+05 3.732414193908428768e-01
1.280000000000000000e+02 1.125171184539794922e-01 1.945219157699636708e+05 1.163225610079314576e+00
1.290000000000000000e+02 1.076116561889648438e-01 2.716847053349878988e+05 4.042426224547776670e+00
1.290000000000000000e+02 2.097523212432861328e-01 1.386534335424123856e+05 0.000000000000000000e+00
1.300000000000000000e+02 1.040728092193603516e-01 1.393705531074303726e+05 0.000000000000000000e+00
1.310000000000000000e+02 6.277711391448974609e-01 2.687125731191299274e+05 2.557792702086197210e+02
1.310000000000000000e+02 3.311634063720703125e-04 3.263171176904508320e+04 0.000000000000000000e+00
1.320000000000000000e+02 4.935014247894287109e-01 2.451731083699017181e+05 8.504145382537938502e+00
1.320000000000000000e+02 3.237724304199218750e-04 4.221583970980012964e+04 0.000000000000000000e+00
1.330000000000000000e+02 5.706768035888671875e-01 2.715959196009836160e+05 6.977033156577859607e+00
1.330000000000000000e+02 3.249645233154296875e-04 3.692061410038241593e+04 0.000000000000000000e+00
1.340000000000000000e+02 9.860563278198242188e-02 1.673508464116926189e+05 4.288915304920027260e+00
1.340000000000000000e+02 3.139474391937255859e-01 1.684976530584125430e+05 0.000000000000000000e+00
1.350000000000000000e+02 9.976005554199218750e-02 1.249488237605092290e+05 0.000000000000000000e+00
1.360000000000000000e+02 9.900355339050292969e-02 1.282219469303967489e+05 -6.008147119667804903e-01
1.370000000000000000e+02 9.918475151062011719e-02 1.203131207032883831e+05 -8.346488510694516361e-01
1.380000000000000000e+02 9.894251823425292969e-02 8.228708006661647232e+04 -2.392515510970802506e+00
1.390000000000000000e+02 1.571917533874511719e-01 2.741246575460582972e+05 4.876024701760488966e+00
1.390000000000000000e+02 2.621033191680908203e-01 2.722367006486201426e+05 0.000000000000000000e+00
1.400000000000000000e+02 1.291265487670898438e-01 1.202392187420798728e+05 0.000000000000000000e+00
1.410000000000000000e+02 1.015641689300537109e-01 2.772964354462912888e+05 7.541835187951180242e-01
1.420000000000000000e+02 9.954667091369628906e-02 1.256752903649731597e+05 -1.093329757749010422e+00
1.430000000000000000e+02 9.978771209716796875e-02 1.166443546898638160e+05 -9.374909925269105937e-01
1.440000000000000000e+02 1.958169937133789062e-01 1.191883935608481697e+05 -7.493286977355643197e-01
1.450000000000000000e+02 2.709643840789794922e-01 1.190679282440174429e+05 -6.620878480845773240e-01
1.460000000000000000e+02 1.003777980804443359e-01 1.217292739742258273e+05 -5.643016005086529674e-01
1.470000000000000000e+02 1.971254348754882812e-01 1.237907274178093940e+05 -4.925288383962463934e-01
1.480000000000000000e+02 1.783692836761474609e-01 1.119708160527941072e+05 -6.350364120014786451e-01
1.490000000000000000e+02 1.568415164947509766e-01 1.370310987849204394e+05 -2.100855065984270076e-01
1.500000000000000000e+02 1.026470661163330078e-01 1.187183269451894448e+05 -4.950899854327907024e-01
1.510000000000000000e+02 1.143875122070312500e-01 1.637103979058516852e+05 2.790394301147819389e-01
1.520000000000000000e+02 1.224789619445800781e-01 1.406244210497628083e+05 -1.323597544422178973e-01
1.530000000000000000e+02 1.466114521026611328e-01 1.289943573026341619e+05 -3.377013227846715759e-01
1.540000000000000000e+02 1.949596405029296875e-01 1.380693089136880590e+05 -1.565078626146640950e-01
1.550000000000000000e+02 2.384853363037109375e-01 1.343762735938142869e+05 -2.229854055272974256e-01
1.560000000000000000e+02 1.096055507659912109e-01 1.555729666828819318e+05 2.051941036305847677e-01
1.570000000000000000e+02 1.322870254516601562e-01 1.531613474852314976e+05 1.501282269943890468e-01
1.580000000000000000e+02 1.692073345184326172e-01 1.436859208009747963e+05 -5.326993904785626288e-02
1.590000000000000000e+02 1.549119949340820312e-01 1.603013864150923910e+05 3.074504722302499604e-01
1.600000000000000000e+02 1.391744613647460938e-01 1.361381805161294760e+05 -2.353246737468445426e-01
1.610000000000000000e+02 1.535131931304931641e-01 1.388475633932680648e+05 -1.684789601142726023e-01
1.620000000000000000e+02 1.017343997955322266e-01 1.485727604336380027e+05 6.056682800799684935e-02
1.630000000000000000e+02 1.037807464599609375e-01 1.701532136912431743e+05 5.707261029524043350e-01
1.640000000000000000e+02 1.018588542938232422e-01 2.041248951924298017e+05 1.372708293901611976e+00
1.650000000000000000e+02 1.041610240936279297e-01 1.629421962873258162e+05 3.245142616367471811e-01
1.660000000000000000e+02 1.028714179992675781e-01 1.692869262320785783e+05 4.708334660088230317e-01
1.670000000000000000e+02 1.652405261993408203e-01 1.981693680452109547e+05 1.166678173906214422e+00
1.680000000000000000e+02 1.028358936309814453e-01 2.214913755064766738e+05 1.687010791706757384e+00
1.690000000000000000e+02 1.048803329467773438e-01 2.053740722684646607e+05 1.203257289300021515e+00
1.700000000000000000e+02 1.703243255615234375e-01 3.412796101715933182e+05 4.343195782372382574e+00
1.700000000000000000e+02 2.811720371246337891e-01 2.660612708684774116e+05 0.000000000000000000e+00
1.710000000000000000e+02 1.013717651367187500e-01 1.449042592918126611e+05 0.000000000000000000e+00
1.720000000000000000e+02 1.035134792327880859e-01 1.303998143309113075e+05 -8.764109139929360248e-01
1.730000000000000000e+02 1.029300689697265625e-01 2.379065343545252690e+05 7.712534352236071200e-01
1.740000000000000000e+02 1.044502258300781250e-01 2.628996609015826252e+05 1.012157471231615036e+00
1.750000000000000000e+02 1.090319156646728516e-01 2.596445139341941976e+05 7.791068454783602881e-01
1.760000000000000000e+02 1.037819385528564453e-01 3.043194718201382784e+05 1.399913465693593650e+00
1.770000000000000000e+02 1.014537811279296875e-01 3.055585226568474318e+05 1.156050680555003485e+00
1.780000000000000000e+02 1.053004264831542969e-01 2.489030926335921686e+05 1.492053106709221588e-01
1.790000000000000000e+02 2.588179111480712891e-01 2.834190161642635940e+05 6.946056299962640734e-01
1.800000000000000000e+02 1.065402030944824219e-01 2.369704578896813618e+05 -1.229921842942835186e-01
1.810000000000000000e+02 1.061122417449951172e-01 5.014629090583717334e+05 4.493086218791987108e+00
1.810000000000000000e+02 2.077929973602294922e-01 3.416864425996746286e+05 0.000000000000000000e+00
1.820000000000000000e+02 1.155381202697753906e-01 3.272431088526803069e+05 0.000000000000000000e+00
1.830000000000000000e+02 1.026425361633300781e-01 3.157519765132383327e+05 -1.832256659056311188e+00
1.840000000000000000e+02 1.071572303771972656e-01 2.934724080354089383e+05 -2.674429580554156693e+00
1.850000000000000000e+02 1.678185462951660156e-01 2.890301702376479516e+05 -1.498394018844323217e+00
1.860000000000000000e+02 1.868138313293457031e-01 3.566719446611768217e+05 1.939225218806925222e+00
1.870000000000000000e+02 1.470375061035156250e-01 3.664722376584788435e+05 1.720920953170483214e+00
1.880000000000000000e+02 1.071474552154541016e-01 4.339188867298442638e+05 3.575458128765943044e+00
1.880000000000000000e+02 2.368309497833251953e-01 2.799926612624788540e+05 0.000000000000000000e+00
1.890000000000000000e+02 2.681140899658203125e-01 3.239812125130305067e+05 0.000000000000000000e+00
1.900000000000000000e+02 1.055462360382080078e-01 3.542712482790091308e+05 1.680918788338656045e+00
1.910000000000000000e+02 1.186830997467041016e-01 3.456713919931664714e+05 7.029958908912846693e-01
1.920000000000000000e+02 1.940307617187500000e-01 2.899669029284973512e+05 -1.084663584636331057e+00
1.930000000000000000e+02 1.097517013549804688e-01 3.036601925746924244e+05 -4.586823802482787871e-01
1.940000000000000000e+02 1.872379779815673828e-01 4.224313158849121537e+05 3.525488697822797945e+00
1.940000000000000000e+02 2.957916259765625000e-01 2.047762282540861634e+05 0.000000000000000000e+00
1.950000000000000000e+02 1.050894260406494141e-01 2.525304122691019729e+05 0.000000000000000000e+00
1.960000000000000000e+02 1.054871082305908203e-01 1.818322432314628095e+05 -1.386580118720203370e+00
1.970000000000000000e+02 1.031806468963623047e-01 1.938662450707394455e+05 -5.317843678306063415e-01
1.980000000000000000e+02 1.051070690155029297e-01 2.029629643073011830e+05 -1.707505231805580004e-01
1.990000000000000000e+02 2.517735958099365234e-01 2.970341787366083008e+05 3.336603084667185026e+00
1.990000000000000000e+02 3.554162979125976562e-01 1.834595373377764772e+05 0.000000000000000000e+00
2.000000000000000000e+02 1.063342094421386719e-01 2.816584052770582493e+05 0.000000000000000000e+00
2.010000000000000000e+02 1.041612625122070312e-01 3.472817957644982380e+05 1.652183753903041286e+00
2.020000000000000000e+02 1.737785339355468750e-01 3.535821079630383756e+05 1.004039334606468881e+00
2.030000000000000000e+02 1.409235000610351562e-01 3.652896791959173279e+05 9.337949674771673925e-01
2.040000000000000000e+02 1.105191707611083984e-01 4.324745436139291269e+05 1.661228950827162043e+00
2.050000000000000000e+02 1.035783290863037109e-01 4.410743206981138792e+05 1.334144675150803927e+00
2.060000000000000000e+02 1.422526836395263672e-01 4.273217715440533939e+05 9.419053139072569580e-01
2.070000000000000000e+02 2.119965553283691406e-01 4.175846050275707385e+05 7.263924416965450437e-01
2.080000000000000000e+02 1.445178985595703125e-01 3.741252376151864300e+05 1.542697994102382175e-01
2.090000000000000000e+02 2.769017219543457031e-01 3.863198049940043711e+05 2.998305314997755655e-01
2.100000000000000000e+02 1.944880485534667969e-01 3.644965722768886480e+05 -8.478786129821084747e-04
2.110000000000000000e+02 1.086959838867187500e-01 3.734913892058280180e+05 1.231940873558340227e-01
2.120000000000000000e+02 1.724383831024169922e-01 3.459090879195551970e+05 -2.782279189169470368e-01
2.130000000000000000e+02 1.156332492828369141e-01 2.980754369746972807e+05 -9.824295897373755970e-01
2.140000000000000000e+02 1.044778823852539062e-01 2.572937753111293423e+05 -1.531384187140972353e+00
2.150000000000000000e+02 1.056613922119140625e-01 2.520707906402147491e+05 -1.456861857301326335e+00
2.160000000000000000e+02 1.110775470733642578e-01 2.236345800196792698e+05 -1.728199313147340765e+00
2.170000000000000000e+02 1.069955825805664062e-01 3.460444011804584297e+05 7.657873940275601587e-02
2.180000000000000000e+02 1.045477390289306641e-01 3.226116397221281077e+05 -2.459517636306055854e-01
2.190000000000000000e+02 1.071832180023193359e-01 3.661682538493828615e+05 3.715918475446818303e-01
2.200000000000000000e+02 2.903838157653808594e-01 4.906956182420731639e+05 2.148664024081269552e+00
2.210000000000000000e+02 1.059544086456298828e-01 4.601693627763279364e+05 1.496175602630710255e+00
2.220000000000000000e+02 1.069741249084472656e-01 3.905996934484855155e+05 4.925553428297874126e-01
2.230000000000000000e+02 1.049973964691162109e-01 3.345209906785716303e+05 -2.601013024294224762e-01
2.240000000000000000e+02 1.075665950775146484e-01 3.115574524667244987e+05 -5.638989873168769318e-01
2.250000000000000000e+02 1.052262783050537109e-01 2.963286071852697060e+05 -7.578549602967844523e-01
2.260000000000000000e+02 1.162436008453369141e-01 3.056521696585654281e+05 -6.077155074311136884e-01
2.270000000000000000e+02 1.876158714294433594e-01 2.826666293770170887e+05 -9.135789245659295954e-01
2.280000000000000000e+02 1.116416454315185547e-01 2.659379136317925877e+05 -1.119186444182765250e+00
2.290000000000000000e+02 1.637895107269287109e-01 3.181547202629955718e+05 -3.500927120014764582e-01
2.300000000000000000e+02 1.121594905853271484e-01 3.335327325302396202e+05 -1.263068228004882720e-01
2.310000000000000000e+02 2.942321300506591797e-01 4.467038882160416106e+05 1.502946168863579679e+00
2.320000000000000000e+02 2.144165039062500000e-01 6.656669155022284249e+05 4.522537133660242681e+00
2.320000000000000000e+02 3.242888450622558594e-01 2.790633662630039616e+05 0.000000000000000000e+00
2.330000000000000000e+02 1.076846122741699219e-01 1.927097920676212525e+05 0.000000000000000000e+00
2.340000000000000000e+02 1.455383300781250000e-01 2.683041084352966282e+05 5.309022814563419956e-01
2.350000000000000000e+02 1.391119956970214844e-01 2.588965811472557543e+05 2.593383292148774277e-01
2.360000000000000000e+02 1.061878204345703125e-01 3.142862025944546331e+05 1.658987490531228293e+00
2.370000000000000000e+02 1.088416576385498047e-01 3.322191046436963952e+05 1.568025408060214287e+00
2.380000000000000000e+02 1.059639453887939453e-01 3.895626784151876927e+05 2.363118311606100086e+00
2.390000000000000000e+02 1.080374717712402344e-01 4.078621795401726267e+05 1.879611481316000976e+00
2.400000000000000000e+02 1.076433658599853516e-01 3.772389141440748936e+05 1.011986301107237640e+00
2.410000000000000000e+02 7.232818603515625000e-01 1.014646187922342331e+06 9.929812346481893925e+00
2.410000000000000000e+02 3.607273101806640625e-04 3.527292729305766989e+04 0.000000000000000000e+00
2.420000000000000000e+02 5.022995471954345703e-01 9.140895553202048177e+05 3.452768912529310796e+01
2.420000000000000000e+02 3.249645233154296875e-04 4.385602687040610908e+04 0.000000000000000000e+00
2.430000000000000000e+02 7.441196441650390625e-01 8.427887687527711969e+05 2.505586354744554001e+01
2.430000000000000000e+02 3.352165222167968750e-04 4.527238020949161728e+04 0.000000000000000000e+00
2.440000000000000000e+02 5.125124454498291016e-01 7.962643881945316680e+05 2.275229778317915930e+01
2.440000000000000000e+02 3.230571746826171875e-04 5.278866424404583813e+04 0.000000000000000000e+00
2.450000000000000000e+02 1.412997245788574219e-01 2.063906171191118483e+05 3.407904804608841598e+00
2.450000000000000000e+02 2.419383525848388672e-01 2.063770389057454013e+05 0.000000000000000000e+00
2.460000000000000000e+02 9.956884384155273438e-02 1.718181290525255608e+05 0.000000000000000000e+00
2.470000000000000000e+02 1.029081344604492188e-01 1.508458112800589006e+05 -1.565332238939442844e+00
2.480000000000000000e+02 1.000618934631347656e-01 2.373708121093097434e+05 2.176215292537509338e+00
2.490000000000000000e+02 1.004314422607421875e-01 1.996636811219998635e+05 2.113077747004210583e-01
2.500000000000000000e+02 1.710162162780761719e-01 3.187138890581426676e+05 3.776413690022286218e+00
2.500000000000000000e+02 3.290324211120605469e-01 3.186966733626094065e+05 0.000000000000000000e+00
2.510000000000000000e+02 1.007876396179199219e-01 1.445771748176623369e+05 0.000000000000000000e+00
2.520000000000000000e+02 1.743884086608886719e-01 1.530509350730881270e+05 -6.382821706307815202e-01
2.530000000000000000e+02 1.028578281402587891e-01 1.779722576878904656e+05 -2.798047168109914495e-01
2.540000000000000000e+02 1.022028923034667969e-01 1.519465357126560993e+05 -5.733413644940006382e-01
2.550000000000000000e+02 1.023378372192382812e-01 1.852011493674260855e+05 -5.510436825400417959e-02
2.560000000000000000e+02 1.027486324310302734e-01 1.767128742173740757e+05 -1.804845855943308097e-01
2.570000000000000000e+02 1.154263019561767578e-01 1.956176619041708764e+05 1.452457540688642801e-01
2.580000000000000000e+02 1.024684906005859375e-01 2.010658264360841422e+05 2.347292254959498503e-01
2.590000000000000000e+02 1.006166934967041016e-01 2.059289524794146710e+05 3.151522637459798770e-01
2.600000000000000000e+02 1.028294563293457031e-01 2.112662254710979469e+05 4.066890487859458614e-01
2.610000000000000000e+02 1.076283454895019531e-01 1.899053171242484823e+05 -6.332387212521674302e-02
2.620000000000000000e+02 2.077374458312988281e-01 2.050283028450739803e+05 2.730783731973095985e-01
2.630000000000000000e+02 1.467957496643066406e-01 2.217783554450171068e+05 6.475811498572745517e-01
2.640000000000000000e+02 1.031880378723144531e-01 2.047102869001596991e+05 2.139789634683963993e-01
2.650000000000000000e+02 1.013560295104980469e-01 2.123741403808369651e+05 3.939179310812703783e-01
2.660000000000000000e+02 1.035325527191162109e-01 2.679016597275414388e+05 1.775536732615805802e+00
2.670000000000000000e+02 1.017100811004638672e-01 2.638409645484030480e+05 1.480678019641791021e+00
2.680000000000000000e+02 1.037011146545410156e-01 2.826931406053062528e+05 1.789935011409511167e+00
2.690000000000000000e+02 1.012296676635742188e-01 2.288702646896459628e+05 4.339958598700314751e-01
2.700000000000000000e+02 1.146981716156005859e-01 1.915846087134389381e+05 -4.094472233799645866e-01
2.710000000000000000e+02 2.083179950714111328e-01 1.861731010064557777e+05 -5.216272068742793255e-01
2.720000000000000000e+02 2.062826156616210938e-01 2.197031849206736661e+05 2.703566637344830270e-01
2.730000000000000000e+02 1.761555671691894531e-01 2.341330083089254913e+05 6.060611641849928954e-01
2.740000000000000000e+02 1.754832267761230469e-01 2.763301823991375277e+05 1.603117740147921522e+00
2.750000000000000000e+02 1.286294460296630859e-01 2.789484333702279837e+05 1.555078556751458674e+00
2.760000000000000000e+02 1.047556400299072266e-01 3.209581218456139322e+05 2.412096756741092918e+00
2.770000000000000000e+02 1.702432632446289062e-01 2.576535213460950763e+05 8.145732892695107807e-01
2.780000000000000000e+02 1.129100322723388672e-01 2.021704242574810341e+05 -3.795762124855883712e-01
2.790000000000000000e+02 1.021103858947753906e-01 2.521078264826118539e+05 6.976917844333211383e-01
2.800000000000000000e+02 1.045815944671630859e-01 2.570995907720081159e+05 7.886197707559562398e-01
2.810000000000000000e+02 1.030476093292236328e-01 2.670345326998078963e+05 9.845692995531284408e-01
2.820000000000000000e+02 1.050980091094970703e-01 2.671764975044985185e+05 9.578334943412851743e-01
2.830000000000000000e+02 1.028492450714111328e-01 2.706558436193974921e+05 1.006361412846675574e+00
2.840000000000000000e+02 1.051485538482666016e-01 2.881761147920705262e+05 1.359547228951982323e+00
2.850000000000000000e+02 1.524214744567871094e-01 2.904475192099575070e+05 1.354540565512737382e+00
2.860000000000000000e+02 1.538586616516113281e-01 3.504064885768420645e+05 2.582235182565562948e+00
2.870000000000000000e+02 2.082915306091308594e-01 2.705009102249116404e+05 7.516062013271814779e-01
2.880000000000000000e+02 1.801402568817138672e-01 2.229042326300079003e+05 -2.158661506104084526e-01
2.890000000000000000e+02 1.113748550415039062e-01 1.973199952151873149e+05 -7.313956517151717351e-01
2.900000000000000000e+02 1.037244796752929688e-01 1.746739833083454869e+05 -1.179205393619200182e+00
2.910000000000000000e+02 1.055541038513183594e-01 1.847666087052181829e+05 -9.405047450605290571e-01
2.920000000000000000e+02 1.033229827880859375e-01 2.508223037824817584e+05 4.232952504330663723e-01
2.930000000000000000e+02 1.068050861358642578e-01 2.352684402861615526e+05 9.820404082743748597e-02
2.940000000000000000e+02 1.421175003051757812e-01 2.375671870758293080e+05 1.448506166066825529e-01
2.950000000000000000e+02 1.071844100952148438e-01 2.514100214853519865e+05 4.340576715471113345e-01
2.960000000000000000e+02 1.277348995208740234e-01 2.118062626711850171e+05 -4.111531378475843379e-01
2.970000000000000000e+02 1.379275321960449219e-01 2.861444244921872159e+05 1.184501728332852943e+00
2.980000000000000000e+02 1.043550968170166016e-01 3.012106213139462634e+05 1.476335422132977193e+00
2.990000000000000000e+02 1.616721153259277344e-01 2.796838669125493616e+05 9.759487564826768713e-01
