1.850346311271378025e+07
1.000000000000000000e+00 3.351650238037109375e-01 1.431537187974059198e+05 0.000000000000000000e+00
2.000000000000000000e+00 2.347080707550048828e-01 1.441418914577656251e+05 7.226375335347146045e-01
3.000000000000000000e+00 1.976931095123291016e-01 8.347967605817964068e+04 -5.744679452877081705e-01
4.000000000000000000e+00 4.012963771820068359e-01 1.265850386663931276e+05 4.555628305527864019e-01
5.000000000000000000e+00 4.626948833465576172e-01 1.028344434918648185e+05 -1.807767332822527162e-01
6.000000000000000000e+00 1.984529495239257812e-01 1.072487957231058972e+05 -4.558307309225274884e-02
7.000000000000000000e+00 2.603940963745117188e-01 1.178150175090454431e+05 2.777637631309654576e-01
8.000000000000000000e+00 3.380184173583984375e-01 1.028616346888965054e+05 -2.262160191476875193e-01
9.000000000000000000e+00 2.677199840545654297e-01 1.152093096422521776e+05 2.144797470064171430e-01
1.000000000000000000e+01 3.761346340179443359e-01 1.034443830829722719e+05 -2.279647255795171634e-01
1.100000000000000000e+01 2.648596763610839844e-01 9.235284368169608933e+04 -6.462380622547291287e-01
1.200000000000000000e+01 3.957161903381347656e-01 1.233050297752636397e+05 6.206601989213476056e-01
1.300000000000000000e+01 2.986528873443603516e-01 1.097117373635722761e+05 3.347389226326867584e-02
1.400000000000000000e+01 3.001720905303955078e-01 1.191114450208270282e+05 4.321264531461739278e-01
1.500000000000000000e+01 3.150722980499267578e-01 9.545339608231134480e+04 -6.214802205720684203e-01
1.600000000000000000e+01 2.008159160614013672e-01 1.273279123566768103e+05 8.327435551363914223e-01
1.700000000000000000e+01 2.817349433898925781e-01 1.572083894377649704e+05 2.146013665325799735e+00
1.800000000000000000e+01 2.037866115570068359e-01 1.438994619194929837e+05 1.301436000689600414e+00
1.900000000000000000e+01 2.105321884155273438e-01 2.142264026449504890e+05 4.076920783187563124e+00
1.900000000000000000e+01 4.664151668548583984e-01 2.019385857057378162e+05 0.000000000000000000e+00
2.000000000000000000e+01 2.735264301300048828e-01 2.831259445763629046e+05 0.000000000000000000e+00
2.100000000000000000e+01 1.995260715484619141e-01 1.839797667769831605e+05 -1.019933872085260873e+00
2.200000000000000000e+01 4.065077304840087891e-01 2.310863786059385748e+05 1.527946040660239369e-01
2.300000000000000000e+01 2.626745700836181641e-01 1.886200673007391742e+05 -8.405280630292608635e-01
2.400000000000000000e+01 2.853760719299316406e-01 1.428115678960649238e+05 -1.832291771802869951e+00
2.500000000000000000e+01 2.943372726440429688e-01 1.359234156710951065e+05 -1.453973912371438582e+00
2.600000000000000000e+01 2.938895225524902344e-01 1.444351567111054610e+05 -1.002113495671471455e+00
2.700000000000000000e+01 2.051494121551513672e-01 1.376118745107741852e+05 -1.020008783183057988e+00
2.800000000000000000e+01 2.047619819641113281e-01 1.367497081260186096e+05 -9.281627438548201159e-01
2.900000000000000000e+01 2.501673698425292969e-01 9.884922817901651433e+04 -1.611584770003722689e+00
3.000000000000000000e+01 3.811826705932617188e-01 1.541175098198645283e+05 -3.270749642908159505e-01
3.100000000000000000e+01 2.058196067810058594e-01 2.287467720595050778e+05 1.163263088095038755e+00
3.200000000000000000e+01 2.673614025115966797e-01 1.969231139300187351e+05 4.397608473930764705e-01
3.300000000000000000e+01 2.037496566772460938e-01 1.582079609700732399e+05 -3.612028678012777494e-01
3.400000000000000000e+01 2.039930820465087891e-01 1.379062720126746572e+05 -7.723779694211290181e-01
3.500000000000000000e+01 2.728507518768310547e-01 1.343501871621730970e+05 -8.103943511014218837e-01
3.600000000000000000e+01 3.060667514801025391e-01 1.147428311297088367e+05 -1.192849502742084677e+00
3.700000000000000000e+01 2.048122882843017578e-01 1.214567040138759039e+05 -9.726845380991083756e-01
3.800000000000000000e+01 2.832825183868408203e-01 1.424438423226338928e+05 -4.768810213357644878e-01
3.900000000000000000e+01 2.637395858764648438e-01 1.703848318887042406e+05 1.454702931748440564e-01
4.000000000000000000e+01 2.083187103271484375e-01 1.375275419236940215e+05 -5.912823958359842980e-01
4.100000000000000000e+01 3.071196079254150391e-01 1.537992430510186532e+05 -2.045044785407053589e-01
4.200000000000000000e+01 3.259747028350830078e-01 1.769747709414002020e+05 3.374988530364095851e-01
4.300000000000000000e+01 2.999963760375976562e-01 1.947316155607620894e+05 7.499491554671690041e-01
4.400000000000000000e+01 3.416688442230224609e-01 1.771265023722294427e+05 3.064308819507364223e-01
4.500000000000000000e+01 2.217793464660644531e-01 1.811206698758416751e+05 3.973475570034932791e-01
4.600000000000000000e+01 3.458106517791748047e-01 1.555115025469233806e+05 -2.445419909014914794e-01
4.700000000000000000e+01 3.896243572235107422e-01 1.577149281211900234e+05 -1.845447445019659516e-01
4.800000000000000000e+01 2.330522537231445312e-01 1.423303314608716173e+05 -5.756449842134989670e-01
4.900000000000000000e+01 4.045050144195556641e-01 1.767127386055632378e+05 3.286323604946259080e-01
5.000000000000000000e+01 2.154018878936767578e-01 1.939708252048303257e+05 7.773186258135112991e-01
5.100000000000000000e+01 2.266936302185058594e-01 1.945126923821253877e+05 7.724793666089030397e-01
5.200000000000000000e+01 2.249453067779541016e-01 1.685124904871137987e+05 6.021837579082549297e-02
5.300000000000000000e+01 2.331299781799316406e-01 1.623745881805375975e+05 -1.069744389024060993e-01
5.400000000000000000e+01 3.869514465332031250e-01 1.940563255148667959e+05 7.658113594775020072e-01
5.500000000000000000e+01 2.513251304626464844e-01 1.678904227805168484e+05 2.510917283672700964e-02
5.600000000000000000e+01 2.073285579681396484e-01 1.302695361347546423e+05 -1.030998750880146142e+00
5.700000000000000000e+01 2.100949287414550781e-01 1.319608341988210159e+05 -9.559515277136571010e-01
5.800000000000000000e+01 3.182449340820312500e-01 1.802872622461492138e+05 4.247433412096436323e-01
5.900000000000000000e+01 2.633895874023437500e-01 2.541616295829396986e+05 2.516041769547856966e+00
6.000000000000000000e+01 2.827646732330322266e-01 2.030412425894972112e+05 9.440226651540952751e-01
6.100000000000000000e+01 2.517659664154052734e-01 1.796431710651252652e+05 2.969048377588133780e-01
6.200000000000000000e+01 3.631641864776611328e-01 1.997153836139391933e+05 8.362581590590622005e-01
6.300000000000000000e+01 2.945365905761718750e-01 1.886974796474832401e+05 5.210863143213855242e-01
6.400000000000000000e+01 2.118074893951416016e-01 2.037114188363177818e+05 9.249626934391980138e-01
6.500000000000000000e+01 2.091345787048339844e-01 2.450992122237705044e+05 2.041941909543062650e+00
6.600000000000000000e+01 4.429450035095214844e-01 2.261755594576537842e+05 1.432158316244388496e+00
6.700000000000000000e+01 2.859671115875244141e-01 2.453898083755802654e+05 1.892445550275523747e+00
6.800000000000000000e+01 3.527233600616455078e-01 2.591571958598626952e+05 2.159900992386104779e+00
6.900000000000000000e+01 2.974317073822021484e-01 2.166383837504549883e+05 9.919356992622444524e-01
7.000000000000000000e+01 2.073111534118652344e-01 2.297641008645560360e+05 1.297576290842054059e+00
7.100000000000000000e+01 2.551941871643066406e-01 2.247824543457755935e+05 1.142101076468108101e+00
7.200000000000000000e+01 2.175045013427734375e-01 2.340813705819102761e+05 1.345548407065789931e+00
7.300000000000000000e+01 1.668407917022705078e-01 1.963121881691542221e+05 3.917127209175946811e-01
7.400000000000000000e+01 1.958425045013427734e-01 2.114472874111932761e+05 7.589881258394702845e-01
7.500000000000000000e+01 2.199082374572753906e-01 2.013933152933883830e+05 5.007430945420796586e-01
7.600000000000000000e+01 1.918628215789794922e-01 2.043670241393728647e+05 5.690493654582226002e-01
7.700000000000000000e+01 2.150149345397949219e-01 2.313597625981997990e+05 1.236063822431295423e+00
7.800000000000000000e+01 2.626683712005615234e-01 2.549166263977126800e+05 1.795090654426748422e+00
7.900000000000000000e+01 2.342040538787841797e-01 2.760012232450530864e+05 2.248015523520584757e+00
8.000000000000000000e+01 2.119560241699218750e-01 3.183271284368133638e+05 3.141532406577657976e+00
8.000000000000000000e+01 4.209995269775390625e-01 1.465120339203094773e+05 0.000000000000000000e+00
8.100000000000000000e+01 2.308547496795654297e-01 1.415061707210458117e+05 0.000000000000000000e+00
8.200000000000000000e+01 7.392830848693847656e-01 2.234824964105694089e+05 2.245214207737012302e+01
8.200000000000000000e+01 3.309249877929687500e-04 3.132551245626596574e+04 0.000000000000000000e+00
8.300000000000000000e+01 5.957317352294921875e-01 3.385403444737376412e+05 1.316233534231732882e+01
8.300000000000000000e+01 3.263950347900390625e-04 4.074195047387507657e+04 0.000000000000000000e+00
8.400000000000000000e+01 6.308212280273437500e-01 3.270037744712919812e+05 9.229465944913030739e+00
8.400000000000000000e+01 3.278255462646484375e-04 4.551054992718881840e+04 0.000000000000000000e+00
8.500000000000000000e+01 6.804149150848388672e-01 3.466712999255300383e+05 8.651286333893425606e+00
8.500000000000000000e+01 3.249645233154296875e-04 3.929167804926538520e+04 0.000000000000000000e+00
8.600000000000000000e+01 7.660150527954101562e-01 3.241093074996029027e+05 9.544248578759772172e+00
8.600000000000000000e+01 3.254413604736328125e-04 4.974391033366761985e+04 0.000000000000000000e+00
8.700000000000000000e+01 1.980738639831542969e-01 1.796448649386121251e+05 2.985962190176313591e+00
8.800000000000000000e+01 2.851181030273437500e-01 1.410253936219136231e+05 4.790861030689879119e-01
8.900000000000000000e+01 1.995639801025390625e-01 1.616705729422837903e+05 7.924578619591892137e-01
9.000000000000000000e+01 3.948438167572021484e-01 2.416195322894885321e+05 2.209521127068999391e+00
9.100000000000000000e+01 2.281222343444824219e-01 1.660736212811143196e+05 3.098687509262970652e-01
9.200000000000000000e+01 4.001762866973876953e-01 1.655836596351031621e+05 2.805561023937858112e-01
9.300000000000000000e+01 4.100933074951171875e-01 2.006150121753866842e+05 8.802997698316343822e-01
9.400000000000000000e+01 2.022860050201416016e-01 1.449482747548676853e+05 -2.013613992703709443e-01
9.500000000000000000e+01 4.047400951385498047e-01 1.774401274226821843e+05 4.256109200764657818e-01
9.600000000000000000e+01 4.153959751129150391e-01 1.503488087558879342e+05 -1.335551213748169541e-01
9.700000000000000000e+01 4.736135005950927734e-01 1.658236796025648946e+05 1.935859922780530096e-01
9.800000000000000000e+01 4.533770084381103516e-01 1.434395651112333289e+05 -2.991890614301026541e-01
9.900000000000000000e+01 5.102365016937255859e-01 1.220552632026967185e+05 -7.692930238083313110e-01
1.000000000000000000e+02 2.691500186920166016e-01 1.443278660408045980e+05 -2.204471070464804339e-01
1.010000000000000000e+02 2.971429824829101562e-01 1.360224329841140425e+05 -4.098481507382806810e-01
1.020000000000000000e+02 3.125562667846679688e-01 1.281259547664188722e+05 -5.880273489634861850e-01
1.030000000000000000e+02 2.099709510803222656e-01 1.293778217905479396e+05 -5.356822028086509757e-01
1.040000000000000000e+02 2.950794696807861328e-01 1.410943082842186268e+05 -2.217450566498554154e-01
1.050000000000000000e+02 2.076342105865478516e-01 9.709617302620646660e+04 -1.357951644888133691e+00
1.060000000000000000e+02 2.882628440856933594e-01 1.488687667460346711e+05 4.934610518764010606e-02
1.070000000000000000e+02 3.580429553985595703e-01 1.546310273250747705e+05 1.986675633212952874e-01
1.080000000000000000e+02 2.047984600067138672e-01 1.602363693293270480e+05 3.439439705854177021e-01
1.090000000000000000e+02 3.035941123962402344e-01 1.468413738097991445e+05 -2.847824090899150201e-02
1.100000000000000000e+02 2.055182456970214844e-01 1.308754755740642431e+05 -4.718852591950025710e-01
1.110000000000000000e+02 2.028176784515380859e-01 1.594463435499806073e+05 3.462102490246407038e-01
1.120000000000000000e+02 2.088925838470458984e-01 1.198378904358883156e+05 -7.994393181767877055e-01
1.130000000000000000e+02 3.008513450622558594e-01 1.486070359032211127e+05 5.655875869431051944e-02
1.140000000000000000e+02 3.326923847198486328e-01 1.462329291106695309e+05 -1.439007552062689446e-02
1.150000000000000000e+02 2.268648147583007812e-01 1.430218423971864104e+05 -1.105067012200718068e-01
1.160000000000000000e+02 2.032728195190429688e-01 1.447777413236860011e+05 -5.517168895832613024e-02
1.170000000000000000e+02 2.111301422119140625e-01 1.697773747896305285e+05 7.210361197837618086e-01
1.180000000000000000e+02 3.409268856048583984e-01 1.551595135870321828e+05 2.477400011378161626e-01
1.190000000000000000e+02 3.827040195465087891e-01 1.651090936336317682e+05 5.594888783330932425e-01
1.200000000000000000e+02 2.844188213348388672e-01 1.826157926615945180e+05 1.110118627185746609e+00
1.210000000000000000e+02 4.119186401367187500e-01 1.394190527531963598e+05 -3.040090925462631821e-01
1.220000000000000000e+02 2.485373020172119141e-01 1.548247405079577002e+05 1.989908397430215636e-01
1.230000000000000000e+02 2.056739330291748047e-01 1.677909459457525809e+05 6.215250409025682155e-01
1.240000000000000000e+02 3.027846813201904297e-01 1.896404447430932196e+05 1.333087161018011724e+00
1.250000000000000000e+02 3.481943607330322266e-01 1.716225188260563591e+05 6.974646739992315103e-01
1.260000000000000000e+02 2.714388370513916016e-01 1.710221673017809226e+05 6.651692243372764324e-01
1.270000000000000000e+02 4.062964916229248047e-01 1.659544578533787280e+05 4.855917036808746756e-01
1.280000000000000000e+02 2.855794429779052734e-01 1.901827796761487552e+05 1.290742368461889500e+00
1.290000000000000000e+02 4.016356468200683594e-01 2.367054992049698485e+05 2.800284258615678201e+00
1.300000000000000000e+02 2.038309574127197266e-01 2.079898517035416735e+05 1.661155016812025487e+00
1.310000000000000000e+02 2.027537822723388672e-01 2.633898059983762796e+05 3.281463417398009952e+00
1.310000000000000000e+02 4.179246425628662109e-01 1.867902335770283826e+05 0.000000000000000000e+00
1.320000000000000000e+02 2.647552490234375000e-01 1.731879971067256702e+05 0.000000000000000000e+00
1.330000000000000000e+02 2.032406330108642578e-01 1.760478297095263551e+05 -4.097722905072029853e-01
1.340000000000000000e+02 3.122727870941162109e-01 1.696777824266990065e+05 -1.254595856667420017e+00
1.350000000000000000e+02 3.713479042053222656e-01 1.950444072945100779e+05 2.521357245471855357e+00
1.360000000000000000e+02 2.035384178161621094e-01 2.178174596066354716e+05 3.587814408627095997e+00
1.360000000000000000e+02 4.022676944732666016e-01 1.447282208734631131e+05 0.000000000000000000e+00
1.370000000000000000e+02 2.002186775207519531e-01 1.422650967843883263e+05 0.000000000000000000e+00
1.380000000000000000e+02 2.140312194824218750e-01 1.146596051195689506e+05 -1.655692160843280902e+01
1.390000000000000000e+02 7.290911674499511719e-01 4.040400148144245613e+05 1.618225108377514587e+01
1.390000000000000000e+02 3.662109375000000000e-04 2.705540189017273224e+04 0.000000000000000000e+00
1.400000000000000000e+02 6.383905410766601562e-01 2.859026353793130256e+05 1.282310318091578871e+01
1.400000000000000000e+02 3.318786621093750000e-04 3.646204708103732264e+04 0.000000000000000000e+00
1.410000000000000000e+02 7.042312622070312500e-01 3.303182962430286570e+05 1.069037433196528042e+01
1.410000000000000000e+02 3.252029418945312500e-04 3.250163896317156832e+04 0.000000000000000000e+00
1.420000000000000000e+02 6.360583305358886719e-01 3.250995880950737046e+05 1.202443541746293398e+01
1.420000000000000000e+02 3.371238708496093750e-04 3.218337239829900864e+04 0.000000000000000000e+00
1.430000000000000000e+02 1.975317001342773438e-01 1.535129927544118837e+05 4.624403928805499220e+00
1.430000000000000000e+02 3.956711292266845703e-01 1.546619707250537176e+05 0.000000000000000000e+00
1.440000000000000000e+02 1.989848613739013672e-01 9.752898689868857036e+04 0.000000000000000000e+00
1.450000000000000000e+02 3.313574790954589844e-01 9.764617007863467734e+04 -7.042061442643549052e-01
1.460000000000000000e+02 1.984977722167968750e-01 9.944093058002786711e+04 -5.211053075391338663e-01
1.470000000000000000e+02 2.001533508300781250e-01 1.153828019140240940e+05 1.084661970936287440e-01
1.480000000000000000e+02 1.995515823364257812e-01 1.001404620902847964e+05 -5.221850774485290447e-01
1.490000000000000000e+02 2.030837535858154297e-01 1.258988185332430294e+05 6.703312860500536541e-01
1.500000000000000000e+02 2.014055252075195312e-01 1.033237579566169443e+05 -4.514496531143743496e-01
1.510000000000000000e+02 1.997234821319580078e-01 1.350831466753624263e+05 1.163752548168419221e+00
1.520000000000000000e+02 2.992346286773681641e-01 1.029945441663390520e+05 -5.591152552736478043e-01
1.530000000000000000e+02 2.034075260162353516e-01 9.891515887722975458e+04 -7.340644960091563531e-01
1.540000000000000000e+02 2.071123123168945312e-01 1.279618769941219507e+05 8.461147792025803804e-01
1.550000000000000000e+02 2.021803855895996094e-01 1.279349661061216466e+05 7.865743878797943900e-01
1.560000000000000000e+02 2.093350887298583984e-01 1.097230785490204144e+05 -2.538789958234132227e-01
1.570000000000000000e+02 2.029664516448974609e-01 1.159775553130195331e+05 1.094064456883452607e-01
1.580000000000000000e+02 2.061457633972167969e-01 1.251149789533342409e+05 6.426416521825774053e-01
1.590000000000000000e+02 3.409414291381835938e-01 1.401272782686917926e+05 1.515560429049051860e+00
1.600000000000000000e+02 2.033379077911376953e-01 1.277064231811316713e+05 6.579790166443704180e-01
1.610000000000000000e+02 2.023782730102539062e-01 1.197501684322672518e+05 1.635393313324847719e-01
1.620000000000000000e+02 2.028658390045166016e-01 1.421912485254224157e+05 1.519425058619689128e+00
1.630000000000000000e+02 2.040348052978515625e-01 1.500545041863638326e+05 1.862442630009888633e+00
1.640000000000000000e+02 2.070140838623046875e-01 1.921250062622813275e+05 4.021805683246577168e+00
1.640000000000000000e+02 4.111206531524658203e-01 1.730417061143825704e+05 0.000000000000000000e+00
1.650000000000000000e+02 3.051757812500000000e-01 1.480995814716286550e+05 0.000000000000000000e+00
1.660000000000000000e+02 2.059841156005859375e-01 1.622469441275229328e+05 9.504589932252065221e-02
1.670000000000000000e+02 2.203359603881835938e-01 1.698766980776475975e+05 6.993041548533542873e-01
1.680000000000000000e+02 2.254443168640136719e-01 2.089097152877928165e+05 4.103723590310383251e+00
1.680000000000000000e+02 4.273014068603515625e-01 1.951185829476890212e+05 0.000000000000000000e+00
1.690000000000000000e+02 2.031590938568115234e-01 1.807184076079119695e+05 0.000000000000000000e+00
1.700000000000000000e+02 7.156927585601806641e-01 2.865488298135010991e+05 9.686295720059126424e+00
1.700000000000000000e+02 3.397464752197265625e-04 4.666702663787704660e+04 0.000000000000000000e+00
1.710000000000000000e+02 5.992472171783447266e-01 2.886284629330857424e+05 6.625375475187270879e+00
1.710000000000000000e+02 3.273487091064453125e-04 4.599728714751731604e+04 0.000000000000000000e+00
1.720000000000000000e+02 2.015211582183837891e-01 1.257298730518681841e+05 1.744318321067487965e+00
1.730000000000000000e+02 2.743713855743408203e-01 1.138887680770703446e+05 6.491626875370021255e-01
1.740000000000000000e+02 3.190698623657226562e-01 1.216172146501432435e+05 7.738851705711908835e-01
1.750000000000000000e+02 2.340915203094482422e-01 1.137768774741814414e+05 4.247787948701688965e-01
1.760000000000000000e+02 2.027058601379394531e-01 1.146766562139722664e+05 4.186416013998181529e-01
1.770000000000000000e+02 2.407858371734619141e-01 1.175388281511382083e+05 4.906975720999917634e-01
1.780000000000000000e+02 2.010047435760498047e-01 1.241981105097084219e+05 7.112049013289697408e-01
1.790000000000000000e+02 2.035942077636718750e-01 1.316329682592941099e+05 9.505834127439838355e-01
1.800000000000000000e+02 2.068071365356445312e-01 1.514298529085527989e+05 1.659569301683543552e+00
1.810000000000000000e+02 7.473809719085693359e-01 3.307842456114712986e+05 8.122113807316342360e+00
1.810000000000000000e+02 3.633499145507812500e-04 3.743508449862240377e+04 0.000000000000000000e+00
1.820000000000000000e+02 6.040599346160888672e-01 5.030681482112173690e+05 1.688346641001113468e+01
1.820000000000000000e+02 3.259181976318359375e-04 6.183501220350880612e+04 0.000000000000000000e+00
1.830000000000000000e+02 7.006933689117431641e-01 3.619594651036246214e+05 6.156966768184633843e+00
1.830000000000000000e+02 3.278255462646484375e-04 5.409867549786502059e+04 0.000000000000000000e+00
1.840000000000000000e+02 2.001452445983886719e-01 2.169579167870171950e+05 3.550257113018231880e+00
1.840000000000000000e+02 4.000473022460937500e-01 2.190061012199235556e+05 0.000000000000000000e+00
1.850000000000000000e+02 2.389349937438964844e-01 1.602445604858339648e+05 0.000000000000000000e+00
1.860000000000000000e+02 1.984524726867675781e-01 2.063115070475345128e+05 4.015860779657768331e-01
1.870000000000000000e+02 1.999251842498779297e-01 1.820960906847869628e+05 -4.233941938405937910e-01
1.880000000000000000e+02 3.098616600036621094e-01 2.543960171226963575e+05 2.395693287955597217e+00
1.890000000000000000e+02 2.376344203948974609e-01 2.883245596979928087e+05 2.335499872072314798e+00
1.900000000000000000e+02 2.039802074432373047e-01 2.358578666215157718e+05 3.717431556984474583e-01
1.910000000000000000e+02 2.022039890289306641e-01 1.838679631230467348e+05 -8.533790134903171953e-01
1.920000000000000000e+02 3.989176750183105469e-01 1.870362282835619699e+05 -6.918441787701594681e-01
1.930000000000000000e+02 3.444244861602783203e-01 1.930738535632121784e+05 -4.899748087048436673e-01
1.940000000000000000e+02 3.887853622436523438e-01 1.850177797831440403e+05 -6.687036252536037173e-01
1.950000000000000000e+02 2.395174503326416016e-01 2.096634196673411643e+05 2.667144183422577933e-02
1.960000000000000000e+02 2.631492614746093750e-01 1.439715664947590849e+05 -1.801103899465194447e+00
1.970000000000000000e+02 2.955310344696044922e-01 1.645222343866984593e+05 -1.010352640722891771e+00
1.980000000000000000e+02 2.126264572143554688e-01 1.771048350118886738e+05 -6.154155553778692944e-01
1.990000000000000000e+02 3.637049198150634766e-01 1.960822441787240095e+05 -8.676195531575082998e-02
2.000000000000000000e+02 2.110538482666015625e-01 2.142982975040219317e+05 4.138444248933170200e-01
2.010000000000000000e+02 2.030339241027832031e-01 2.456857725239388528e+05 1.281666094894482244e+00
2.020000000000000000e+02 2.034292221069335938e-01 1.908848340032238630e+05 -3.234504498196005828e-01
2.030000000000000000e+02 2.115488052368164062e-01 1.800469260594806401e+05 -6.217550572038949008e-01
2.040000000000000000e+02 2.021238803863525391e-01 1.482154136729418242e+05 -1.518905024506764123e+00
2.050000000000000000e+02 2.037262916564941406e-01 1.576223977070923138e+05 -1.141569764234333872e+00
2.060000000000000000e+02 4.791421890258789062e-01 1.909226392322896281e+05 -1.557832353061143205e-01
2.070000000000000000e+02 2.515227794647216797e-01 2.045891200312717701e+05 2.370092035161352195e-01
2.080000000000000000e+02 2.050712108612060547e-01 1.950010689699718496e+05 -4.706667314597665075e-02
2.090000000000000000e+02 2.085442543029785156e-01 2.272775308160525456e+05 9.132803112399865419e-01
2.100000000000000000e+02 2.848653793334960938e-01 2.061819262278827664e+05 2.520769378590529408e-01
2.110000000000000000e+02 3.521177768707275391e-01 2.122544599974280572e+05 4.318370360236381544e-01
2.120000000000000000e+02 2.223124504089355469e-01 2.260021946681865666e+05 8.472828653224265816e-01
2.130000000000000000e+02 2.037620544433593750e-01 1.925892327006808773e+05 -2.145794584273396644e-01
2.140000000000000000e+02 2.058966159820556641e-01 2.126154673344826151e+05 4.212008599422308319e-01
2.150000000000000000e+02 2.113022804260253906e-01 2.239742124901180505e+05 7.769556528113092941e-01
2.160000000000000000e+02 2.035622596740722656e-01 2.020521794607671327e+05 5.129227429415476880e-02
2.170000000000000000e+02 2.038407325744628906e-01 2.352288606683223043e+05 1.136770637226863112e+00
2.180000000000000000e+02 3.561096191406250000e-01 1.895370816107106511e+05 -3.911560605020371062e-01
2.190000000000000000e+02 2.085480690002441406e-01 2.426164553950129775e+05 1.368479571418713014e+00
2.200000000000000000e+02 2.113220691680908203e-01 3.084217745291797328e+05 3.463760218370124377e+00
2.200000000000000000e+02 5.000751018524169922e-01 1.699460008384118846e+05 0.000000000000000000e+00
2.210000000000000000e+02 4.131286144256591797e-01 1.681560772862281883e+05 0.000000000000000000e+00
2.220000000000000000e+02 2.484939098358154297e-01 1.641879099221731885e+05 -3.842344650517058202e+00
2.230000000000000000e+02 2.483093738555908203e-01 1.685847613783128909e+05 3.918558938821666837e-01
2.240000000000000000e+02 8.993804454803466797e-01 1.836954595703895320e+05 6.456696253186904322e+00
2.240000000000000000e+02 3.314018249511718750e-04 3.054628424805761097e+04 0.000000000000000000e+00
2.250000000000000000e+02 1.977419853210449219e-01 1.354765558059244067e+05 4.150892048902358411e+00
2.250000000000000000e+02 5.167157649993896484e-01 1.351202019999272889e+05 0.000000000000000000e+00
2.260000000000000000e+02 2.213022708892822266e-01 8.318296495419481653e+04 0.000000000000000000e+00
2.270000000000000000e+02 2.358090877532958984e-01 1.142618614358361810e+05 1.391491886723286164e-01
2.280000000000000000e+02 2.198414802551269531e-01 8.102292922410200117e+04 -1.141430886649608789e+00
2.290000000000000000e+02 2.103788852691650391e-01 1.213992714776454814e+05 6.914392569888732076e-01
2.300000000000000000e+02 2.621479034423828125e-01 9.457209373182129639e+04 -5.189770528533430571e-01
2.310000000000000000e+02 1.297090291976928711e+00 3.258255427197008394e+05 1.003767697642617129e+01
2.310000000000000000e+02 1.114130020141601562e-03 2.767183670347878433e+04 0.000000000000000000e+00
2.320000000000000000e+02 9.492273330688476562e-01 4.015295133581926348e+05 1.839948893878327496e+01
2.320000000000000000e+02 3.366470336914062500e-04 4.108282454099103779e+04 0.000000000000000000e+00
2.330000000000000000e+02 2.144055366516113281e-01 1.916171793428086094e+05 4.474808740503100957e+00
2.330000000000000000e+02 4.832870960235595703e-01 1.880616730984741007e+05 0.000000000000000000e+00
2.340000000000000000e+02 3.468308448791503906e-01 1.442906448021905962e+05 0.000000000000000000e+00
2.350000000000000000e+02 4.519052505493164062e-01 1.122952147560906014e+05 -1.740858394214020333e+00
2.360000000000000000e+02 2.228417396545410156e-01 1.430524463545892795e+05 -1.357522960621747876e-01
2.370000000000000000e+02 2.011463642120361328e-01 1.495883999648945755e+05 8.546710185967805462e-02
2.380000000000000000e+02 3.901510238647460938e-01 1.543404042026388634e+05 2.547822469972803594e-01
2.390000000000000000e+02 2.731263637542724609e-01 1.328847260689799732e+05 -6.462507786327240655e-01
2.400000000000000000e+02 2.246043682098388672e-01 1.484101166026456631e+05 8.922708666767929786e-02
2.410000000000000000e+02 8.785464763641357422e-01 8.498092720273344312e+05 3.302313001200663223e+01
2.410000000000000000e+02 3.848075866699218750e-04 3.342205096096055058e+04 0.000000000000000000e+00
2.420000000000000000e+02 7.202515602111816406e-01 9.139089841723163845e+05 3.654963021243109011e+01
2.420000000000000000e+02 3.638267517089843750e-04 4.246444217031123844e+04 0.000000000000000000e+00
2.430000000000000000e+02 9.400770664215087891e-01 8.432770219447577838e+05 2.596273634765603688e+01
2.430000000000000000e+02 3.855228424072265625e-04 4.644629642789104400e+04 0.000000000000000000e+00
2.440000000000000000e+02 1.067695379257202148e+00 7.966758370956185972e+05 2.213615248604999763e+01
2.440000000000000000e+02 3.516674041748046875e-04 5.438376947892457247e+04 0.000000000000000000e+00
2.450000000000000000e+02 2.416558265686035156e-01 2.066234332390666823e+05 3.251783882031419992e+00
2.450000000000000000e+02 4.410016536712646484e-01 2.091318149121869938e+05 0.000000000000000000e+00
2.460000000000000000e+02 1.982152462005615234e-01 1.776047838494447060e+05 0.000000000000000000e+00
2.470000000000000000e+02 2.025711536407470703e-01 1.463271451272460981e+05 -2.110133307595268182e+00
2.480000000000000000e+02 1.986787319183349609e-01 2.263572140732206171e+05 1.549858369008089820e+00
2.490000000000000000e+02 3.408296108245849609e-01 1.918349213050831750e+05 5.600319826420026292e-02
2.500000000000000000e+02 2.043313980102539062e-01 3.170576948624432553e+05 4.140443353168983265e+00
2.500000000000000000e+02 6.249754428863525391e-01 3.194617629878602456e+05 0.000000000000000000e+00
2.510000000000000000e+02 4.034242630004882812e-01 1.454655438688117429e+05 0.000000000000000000e+00
2.520000000000000000e+02 2.161154747009277344e-01 1.513562259906783293e+05 -6.592282549142463033e-01
2.530000000000000000e+02 4.698476791381835938e-01 1.763070499059089634e+05 -2.947443389171784389e-01
2.540000000000000000e+02 1.993978023529052734e-01 1.498325374631946033e+05 -5.893990639792819897e-01
2.550000000000000000e+02 2.633595466613769531e-01 1.791414385539188224e+05 -1.259078303030714552e-01
2.560000000000000000e+02 1.980073451995849609e-01 1.736423254164603713e+05 -1.998304448253438170e-01
2.570000000000000000e+02 2.027597427368164062e-01 1.809123890034585202e+05 -6.760897627886212902e-02
2.580000000000000000e+02 2.015843391418457031e-01 1.978439206887041801e+05 2.363374969027453032e-01
2.590000000000000000e+02 2.963855266571044922e-01 1.935284017820690933e+05 1.422769569395350431e-01
2.600000000000000000e+02 2.250556945800781250e-01 1.943887283650412282e+05 1.528787365486633798e-01
2.610000000000000000e+02 2.048418521881103516e-01 1.893140243987609865e+05 3.940667779117432851e-02
2.620000000000000000e+02 1.995115280151367188e-01 2.006485123162431992e+05 2.883281570647484582e-01
2.630000000000000000e+02 2.017326354980468750e-01 2.201092361219075101e+05 7.245819099796545482e-01
2.640000000000000000e+02 2.075245380401611328e-01 2.045733289993813669e+05 3.219366149816569878e-01
2.650000000000000000e+02 2.382907867431640625e-01 2.087268745928016142e+05 4.114328487131599932e-01
2.660000000000000000e+02 2.835061550140380859e-01 2.677461397814200027e+05 1.870813984017131393e+00
2.670000000000000000e+02 2.070481777191162109e-01 2.560205344326285121e+05 1.372837167241281353e+00
2.680000000000000000e+02 2.028322219848632812e-01 2.801252693906839122e+05 1.818252012236115212e+00
2.690000000000000000e+02 2.971279621124267578e-01 2.275417272724019713e+05 4.933851443780791213e-01
2.700000000000000000e+02 2.072346210479736328e-01 1.889053738382521551e+05 -3.731634961420661756e-01
2.710000000000000000e+02 2.035868167877197266e-01 1.892424853627653210e+05 -3.557629208250496777e-01
2.720000000000000000e+02 2.050473690032958984e-01 2.178191588384618808e+05 3.110230125526355360e-01
2.730000000000000000e+02 2.932620048522949219e-01 2.285545547768895922e+05 5.562675652123757475e-01
2.740000000000000000e+02 2.351903915405273438e-01 2.747123961828300380e+05 1.643790565794547742e+00
2.750000000000000000e+02 2.045834064483642578e-01 2.767766831103545846e+05 1.575849871163625071e+00
2.760000000000000000e+02 2.116398811340332031e-01 3.208634705578733119e+05 2.467265527743403464e+00
2.770000000000000000e+02 2.097768783569335938e-01 2.565001370178470679e+05 8.508950294650168278e-01
2.780000000000000000e+02 4.150257110595703125e-01 2.081827011641394638e+05 -1.787958083004534682e-01
2.790000000000000000e+02 3.405518531799316406e-01 2.557624538387843932e+05 8.304675906093362814e-01
2.800000000000000000e+02 2.168602943420410156e-01 2.560449148660263745e+05 8.134467225880480656e-01
2.810000000000000000e+02 4.086728096008300781e-01 2.661907427819399745e+05 1.009070040763767828e+00
2.820000000000000000e+02 2.124717235565185547e-01 2.682998419553508866e+05 1.022891794824855483e+00
2.830000000000000000e+02 2.067441940307617188e-01 2.729066206151930382e+05 1.090244576120406927e+00
2.840000000000000000e+02 2.100558280944824219e-01 2.879231050187396468e+05 1.376300040012336412e+00
2.850000000000000000e+02 4.308447837829589844e-01 3.011798395819505095e+05 1.600336088692426717e+00
2.860000000000000000e+02 2.060639858245849609e-01 3.376800891908203484e+05 2.277675061957513236e+00
2.870000000000000000e+02 2.119119167327880859e-01 2.309473856455612986e+05 1.102072279482238168e-02
2.880000000000000000e+02 2.365493774414062500e-01 1.819592628159020096e+05 -9.616755903303620956e-01
2.890000000000000000e+02 2.056186199188232422e-01 1.726047629039562016e+05 -1.124194596589852990e+00
2.900000000000000000e+02 2.064988613128662109e-01 1.641915276564258384e+05 -1.259589839957968138e+00
2.910000000000000000e+02 3.415646553039550781e-01 1.787820391727505776e+05 -9.333168103043589792e-01
2.920000000000000000e+02 2.730157375335693359e-01 2.475285458542054112e+05 4.430215188505531310e-01
2.930000000000000000e+02 2.362198829650878906e-01 2.316028879901061882e+05 1.197992806420057343e-01
2.940000000000000000e+02 2.215270996093750000e-01 2.357700800505466177e+05 2.023961357151169149e-01
2.950000000000000000e+02 2.075293064117431641e-01 2.493237980030261388e+05 4.761796294067796587e-01
2.960000000000000000e+02 2.377054691314697266e-01 2.110804635785627761e+05 -3.159244726918286061e-01
2.970000000000000000e+02 3.236000537872314453e-01 2.952048035619141883e+05 1.433533699793040794e+00
2.980000000000000000e+02 2.767078876495361328e-01 2.974135855819274439e+05 1.434145958669789778e+00
2.990000000000000000e+02 2.146303653717041016e-01 2.712851146335857920e+05 8.593488763192205226e-01
