1.913367685628392920e+07
1.000000000000000000e+00 2.768702507019042969e-01 1.419982705660793290e+05 0.000000000000000000e+00
2.000000000000000000e+00 2.249922752380371094e-01 1.439279130302078265e+05 7.384665289651325404e-01
3.000000000000000000e+00 1.411540508270263672e-01 8.592074873322574422e+04 -5.454744730938084762e-01
4.000000000000000000e+00 2.245247364044189453e-01 1.269323717015824514e+05 4.624466903682182828e-01
5.000000000000000000e+00 1.935219764709472656e-01 1.008945389674523758e+05 -2.531158129767318576e-01
6.000000000000000000e+00 1.443386077880859375e-01 1.064334618823258061e+05 -7.629757907532699890e-02
7.000000000000000000e+00 2.050740718841552734e-01 1.179717951550375874e+05 2.886997108213163465e-01
8.000000000000000000e+00 1.506707668304443359e-01 1.031004370240301214e+05 -2.273610961919575735e-01
9.000000000000000000e+00 1.423127651214599609e-01 1.152863458812955505e+05 2.199732330820528547e-01
1.000000000000000000e+01 1.407382488250732422e-01 1.040784698286695784e+05 -2.141018470217026237e-01
1.100000000000000000e+01 1.522874832153320312e-01 9.184751503319846233e+04 -6.907469341218046566e-01
1.200000000000000000e+01 1.409261226654052734e-01 1.227947176038687176e+05 6.125161962250951220e-01
1.300000000000000000e+01 1.747047901153564453e-01 1.092133457228648040e+05 1.164643209667525804e-02
1.400000000000000000e+01 1.426992416381835938e-01 1.186489639283950528e+05 4.232938746760272486e-01
1.500000000000000000e+01 1.673841476440429688e-01 9.550127238363290962e+04 -6.349201112824399695e-01
1.600000000000000000e+01 1.319861412048339844e-01 1.266495433495432371e+05 8.245888415867822507e-01
1.700000000000000000e+01 1.867330074310302734e-01 1.578936856351445022e+05 2.238388391503313368e+00
1.800000000000000000e+01 2.450230121612548828e-01 1.444603896093805670e+05 1.348463400268756107e+00
1.900000000000000000e+01 1.472675800323486328e-01 2.165447443844215886e+05 4.229879992752644036e+00
1.900000000000000000e+01 2.863733768463134766e-01 2.021989453001656220e+05 0.000000000000000000e+00
2.000000000000000000e+01 1.401028633117675781e-01 2.823845956085975049e+05 0.000000000000000000e+00
2.100000000000000000e+01 1.414167881011962891e-01 1.845423663532519422e+05 -1.018511294535126899e+00
2.200000000000000000e+01 1.395850181579589844e-01 2.321944928592770302e+05 1.755206993104346525e-01
2.300000000000000000e+01 2.768774032592773438e-01 1.842847408675359038e+05 -9.585237596901889923e-01
2.400000000000000000e+01 1.413252353668212891e-01 1.429498513353297894e+05 -1.792494604244250000e+00
2.500000000000000000e+01 1.430561542510986328e-01 1.356437659586663067e+05 -1.445355112543702525e+00
2.600000000000000000e+01 1.514852046966552734e-01 1.459146381830383616e+05 -9.626288435465687465e-01
2.700000000000000000e+01 1.435225009918212891e-01 1.382050092586378159e+05 -1.007557709405120239e+00
2.800000000000000000e+01 1.424658298492431641e-01 1.369498359316277492e+05 -9.262894379357157204e-01
2.900000000000000000e+01 1.435933113098144531e-01 9.912437913450598717e+04 -1.612637642479633593e+00
3.000000000000000000e+01 1.419119834899902344e-01 1.542394726156456745e+05 -3.251925361129736070e-01
3.100000000000000000e+01 1.429927349090576172e-01 2.247014156269696832e+05 1.090028823743657282e+00
3.200000000000000000e+01 1.430964469909667969e-01 1.972393400115092518e+05 4.582409615850771556e-01
3.300000000000000000e+01 1.761033535003662109e-01 1.595158621608843096e+05 -3.320784988197809651e-01
3.400000000000000000e+01 1.416928768157958984e-01 1.411127068539370957e+05 -7.093695907615228391e-01
3.500000000000000000e+01 1.453266143798828125e-01 1.353802944657937041e+05 -8.004227743083599522e-01
3.600000000000000000e+01 1.898009777069091797e-01 1.159870415118941164e+05 -1.185477182070735491e+00
3.700000000000000000e+01 3.730823993682861328e-01 1.226887379284139897e+05 -9.643368614653085036e-01
3.800000000000000000e+01 2.146534919738769531e-01 1.452589335283315158e+05 -4.278205086620488484e-01
3.900000000000000000e+01 1.441187858581542969e-01 1.742001843813601881e+05 2.252958373053572383e-01
4.000000000000000000e+01 1.416490077972412109e-01 1.392464432581140136e+05 -5.732344147384166311e-01
4.100000000000000000e+01 2.825167179107666016e-01 1.548560836019626586e+05 -1.962306339721816006e-01
4.200000000000000000e+01 1.530923843383789062e-01 1.770701636434758257e+05 3.321321102377806644e-01
4.300000000000000000e+01 2.441642284393310547e-01 1.955851937188413867e+05 7.702265961379748394e-01
4.400000000000000000e+01 2.097933292388916016e-01 1.778979413956350763e+05 3.166313856564019202e-01
4.500000000000000000e+01 1.422920227050781250e-01 1.802731505773421668e+05 3.688589754669326370e-01
4.600000000000000000e+01 1.518247127532958984e-01 1.531438023621746688e+05 -3.212501252298382570e-01
4.700000000000000000e+01 1.591928005218505859e-01 1.549559886572709947e+05 -2.687036307731258677e-01
4.800000000000000000e+01 1.417984962463378906e-01 1.409107570154103159e+05 -6.293843073135758637e-01
4.900000000000000000e+01 1.422221660614013672e-01 1.784893920036279596e+05 3.735719840673152325e-01
5.000000000000000000e+01 2.554731369018554688e-01 1.941803782922694227e+05 7.857024654705399014e-01
5.100000000000000000e+01 1.659977436065673828e-01 1.882532038699821860e+05 6.068770647350442138e-01
5.200000000000000000e+01 2.975568771362304688e-01 1.651602846963901538e+05 -3.231605211651573939e-02
5.300000000000000000e+01 1.731135845184326172e-01 1.580558416210675787e+05 -2.276720578260096606e-01
5.400000000000000000e+01 2.001142501831054688e-01 1.852409659228889504e+05 5.356737573243274264e-01
5.500000000000000000e+01 1.440229415893554688e-01 1.591232645681046415e+05 -2.115510791747271246e-01
5.600000000000000000e+01 2.050120830535888672e-01 1.281504697858175641e+05 -1.095427476437127012e+00
5.700000000000000000e+01 1.941964626312255859e-01 1.307507028305204585e+05 -9.899014130103531706e-01
5.800000000000000000e+01 3.110852241516113281e-01 1.857628802004893078e+05 6.073628106864540355e-01
5.900000000000000000e+01 3.176448345184326172e-01 2.622965229581563035e+05 2.802905735166809631e+00
6.000000000000000000e+01 2.688066959381103516e-01 2.096142039250426460e+05 1.125974413481378278e+00
6.100000000000000000e+01 1.463606357574462891e-01 1.844307172194218438e+05 4.259372422104488187e-01
6.200000000000000000e+01 2.153217792510986328e-01 2.048158955083212641e+05 9.679480384379541835e-01
6.300000000000000000e+01 1.470496654510498047e-01 1.939053497800865443e+05 6.534078235397258183e-01
6.400000000000000000e+01 1.802549362182617188e-01 2.070121573043664102e+05 9.980622971954677958e-01
6.500000000000000000e+01 1.579434871673583984e-01 2.476031986568611173e+05 2.076068252146848536e+00
6.600000000000000000e+01 2.012944221496582031e-01 2.281483851087653602e+05 1.454918770734298983e+00
6.700000000000000000e+01 1.942312717437744141e-01 2.460937661796076573e+05 1.873250061387447651e+00
6.800000000000000000e+01 1.615700721740722656e-01 2.591769546687511320e+05 2.120583705294002641e+00
6.900000000000000000e+01 1.464207172393798828e-01 2.155663114176053205e+05 9.443850970172660286e-01
7.000000000000000000e+01 1.496124267578125000e-01 2.290178165791031788e+05 1.255972311738775771e+00
7.100000000000000000e+01 1.469688415527343750e-01 2.251506199512054445e+05 1.131200079838491579e+00
7.200000000000000000e+01 1.509833335876464844e-01 2.338763520410842902e+05 1.318862069494890932e+00
7.300000000000000000e+01 1.444542407989501953e-01 1.958023184567741409e+05 3.681600216877967124e-01
7.400000000000000000e+01 1.855845451354980469e-01 2.127744390529849625e+05 7.768193077858855933e-01
7.500000000000000000e+01 1.567215919494628906e-01 2.027285401924481848e+05 5.207679250443857377e-01
7.600000000000000000e+01 1.550495624542236328e-01 2.063351753222971165e+05 6.035640256880911991e-01
7.700000000000000000e+01 1.488819122314453125e-01 2.327044521789191931e+05 1.247607343730454232e+00
7.800000000000000000e+01 1.457703113555908203e-01 2.556149592911129293e+05 1.784007405644956412e+00
7.900000000000000000e+01 2.374365329742431641e-01 2.772544249263224192e+05 2.245970787000706181e+00
8.000000000000000000e+01 1.727075576782226562e-01 3.207574901212668628e+05 3.157053364515829408e+00
8.000000000000000000e+01 4.102249145507812500e-01 1.473005368685876019e+05 0.000000000000000000e+00
8.100000000000000000e+01 1.985316276550292969e-01 1.413252435566507920e+05 0.000000000000000000e+00
8.200000000000000000e+01 9.270939826965332031e-01 2.231463173837187933e+05 1.865804673571468797e+01
8.200000000000000000e+01 3.616809844970703125e-04 3.178778936998779318e+04 0.000000000000000000e+00
8.300000000000000000e+01 5.368282794952392578e-01 3.385603457248901250e+05 1.294096118325567524e+01
8.300000000000000000e+01 3.666877746582031250e-04 4.178502742209697317e+04 0.000000000000000000e+00
8.400000000000000000e+01 6.344430446624755859e-01 3.275564283680200460e+05 8.964821559881468005e+00
8.400000000000000000e+01 3.235340118408203125e-04 4.714095857125410839e+04 0.000000000000000000e+00
8.500000000000000000e+01 5.243196487426757812e-01 3.485429201470645494e+05 8.334854916348488629e+00
8.500000000000000000e+01 3.256797790527343750e-04 4.252393442912668252e+04 0.000000000000000000e+00
8.600000000000000000e+01 8.826985359191894531e-01 3.242322878185622976e+05 8.661635301254726471e+00
8.600000000000000000e+01 3.900527954101562500e-04 4.729023679426940362e+04 0.000000000000000000e+00
8.700000000000000000e+01 1.939673423767089844e-01 1.812333295106212317e+05 3.298458662051324985e+00
8.700000000000000000e+01 3.532383441925048828e-01 1.791729426433780463e+05 0.000000000000000000e+00
8.800000000000000000e+01 2.169306278228759766e-01 1.390324715738675150e+05 0.000000000000000000e+00
8.900000000000000000e+01 2.800137996673583984e-01 1.588512702685779368e+05 -8.858525567771027148e-03
9.000000000000000000e+01 1.611957550048828125e-01 2.437484962657371652e+05 4.221544138596350138e+00
9.000000000000000000e+01 3.735139369964599609e-01 2.380034494447391480e+05 0.000000000000000000e+00
9.100000000000000000e+01 1.405370235443115234e-01 1.636722114028307842e+05 0.000000000000000000e+00
9.200000000000000000e+01 2.719707489013671875e-01 1.606229372603749216e+05 -7.651217552573864600e-01
9.300000000000000000e+01 1.383249759674072266e-01 1.959405364808372688e+05 1.941418019119695582e-01
9.400000000000000000e+01 1.385865211486816406e-01 1.380195049315034121e+05 -1.430385464982097066e+00
9.500000000000000000e+01 1.389558315277099609e-01 1.665428779269073275e+05 -3.275920062797874621e-01
9.600000000000000000e+01 1.896133422851562500e-01 1.434921772756490973e+05 -9.588591326589828157e-01
9.700000000000000000e+01 1.389853954315185547e-01 1.609776330041829788e+05 -3.293720987426121405e-01
9.800000000000000000e+01 1.793086528778076172e-01 1.435172712747288169e+05 -8.518682708847713503e-01
9.900000000000000000e+01 2.836358547210693359e-01 1.197872151960574993e+05 -1.529527415622592867e+00
1.000000000000000000e+02 2.295846939086914062e-01 1.394923490009310481e+05 -7.074945459955690463e-01
1.010000000000000000e+02 1.407158374786376953e-01 1.361900517361903621e+05 -7.634138442785542988e-01
1.020000000000000000e+02 1.417071819305419922e-01 1.235352970510252198e+05 -1.114370648596056501e+00
1.030000000000000000e+02 1.391983032226562500e-01 1.273747088642587478e+05 -9.020303153208841795e-01
1.040000000000000000e+02 1.432340145111083984e-01 1.541431667063915229e+05 1.890785799349516561e-03
1.050000000000000000e+02 1.405889987945556641e-01 1.076054076600788248e+05 -1.527153294357808555e+00
1.060000000000000000e+02 1.402516365051269531e-01 1.505482828039887536e+05 -2.005249963490014081e-02
1.070000000000000000e+02 1.413044929504394531e-01 1.482402419813963352e+05 -9.488273908324201811e-02
1.080000000000000000e+02 1.748580932617187500e-01 1.498660619056205323e+05 -3.761830612982550864e-02
1.090000000000000000e+02 1.403310298919677734e-01 1.524968697087706823e+05 5.444894835729557209e-02
1.100000000000000000e+02 1.476759910583496094e-01 1.384946882491694996e+05 -4.450819033532867341e-01
1.110000000000000000e+02 1.675207614898681641e-01 1.751915353862068732e+05 9.002995174915392473e-01
1.120000000000000000e+02 1.460475921630859375e-01 1.335887785977023013e+05 -6.554328978615328039e-01
1.130000000000000000e+02 1.432106494903564453e-01 1.646398706383138488e+05 5.140879629589257815e-01
1.140000000000000000e+02 1.505875587463378906e-01 1.638696514683324785e+05 4.718754072566249680e-01
1.150000000000000000e+02 1.401522159576416016e-01 1.582294264645846270e+05 2.447528898507968231e-01
1.160000000000000000e+02 1.650714874267578125e-01 1.607283605990036740e+05 3.373954715664077564e-01
1.170000000000000000e+02 1.439199447631835938e-01 1.585028894882978930e+05 2.422612679090090093e-01
1.180000000000000000e+02 2.438237667083740234e-01 1.380963603550120315e+05 -5.868473235621651796e-01
1.190000000000000000e+02 1.462001800537109375e-01 1.563060089541621564e+05 1.713127865103322434e-01
1.200000000000000000e+02 2.410795688629150391e-01 1.736880020695649437e+05 8.916147115306592985e-01
1.210000000000000000e+02 1.482169628143310547e-01 1.390753709249996464e+05 -5.794147061910185359e-01
1.220000000000000000e+02 2.061793804168701172e-01 1.558955165128578083e+05 1.427512265657734647e-01
1.230000000000000000e+02 1.891956329345703125e-01 1.676267918304221530e+05 6.437421867412400633e-01
1.240000000000000000e+02 1.816201210021972656e-01 1.911735398610250268e+05 1.649723375057735142e+00
1.250000000000000000e+02 2.305274009704589844e-01 1.727602924836162128e+05 7.868091551683835672e-01
1.260000000000000000e+02 1.866824626922607422e-01 1.710688547270996205e+05 6.974286738736749092e-01
1.270000000000000000e+02 1.604533195495605469e-01 1.667210281614418782e+05 4.973800372057199382e-01
1.280000000000000000e+02 1.780238151550292969e-01 1.893682556630422187e+05 1.469430875418621829e+00
1.290000000000000000e+02 1.617920398712158203e-01 2.358681849053104816e+05 3.395149967461814189e+00
1.290000000000000000e+02 3.199424743652343750e-01 1.479421968026031391e+05 0.000000000000000000e+00
1.300000000000000000e+02 1.598231792449951172e-01 1.516556312552992604e+05 0.000000000000000000e+00
1.310000000000000000e+02 5.958755016326904297e-01 2.695224897572955815e+05 4.559517791081428584e+01
1.310000000000000000e+02 3.890991210937500000e-04 3.074000174566856367e+04 0.000000000000000000e+00
1.320000000000000000e+02 7.164714336395263672e-01 2.446221388906567008e+05 9.132678577394472086e+00
1.320000000000000000e+02 3.464221954345703125e-04 4.075709066335868556e+04 0.000000000000000000e+00
1.330000000000000000e+02 8.472039699554443359e-01 2.719907845202882309e+05 7.316376264527727713e+00
1.330000000000000000e+02 3.559589385986328125e-04 3.897445152339089691e+04 0.000000000000000000e+00
1.340000000000000000e+02 1.597070693969726562e-01 1.682380901126152894e+05 3.983309213631551327e+00
1.340000000000000000e+02 3.551828861236572266e-01 1.681965064555647841e+05 0.000000000000000000e+00
1.350000000000000000e+02 1.558811664581298828e-01 1.248096949642456457e+05 0.000000000000000000e+00
1.360000000000000000e+02 1.558656692504882812e-01 1.284823118453672214e+05 -5.873961035830156385e-01
1.370000000000000000e+02 2.615916728973388672e-01 1.203647584519233205e+05 -8.367388478099159199e-01
1.380000000000000000e+02 3.148581981658935547e-01 8.183217823029326973e+04 -2.429708298581203962e+00
1.390000000000000000e+02 1.927819252014160156e-01 2.736336688818231341e+05 4.854727163087888542e+00
1.390000000000000000e+02 4.528508186340332031e-01 2.723806369251979049e+05 0.000000000000000000e+00
1.400000000000000000e+02 3.136363029479980469e-01 1.188915306708042772e+05 0.000000000000000000e+00
1.410000000000000000e+02 1.548974514007568359e-01 2.764246819119824213e+05 7.443676878835913113e-01
1.420000000000000000e+02 1.818487644195556641e-01 1.222012534113178408e+05 -1.117554160666990537e+00
1.430000000000000000e+02 1.556029319763183594e-01 1.128615784201551724e+05 -9.522632847677561241e-01
1.440000000000000000e+02 1.574337482452392578e-01 1.104209515647085209e+05 -8.178452070082938841e-01
1.450000000000000000e+02 1.585507392883300781e-01 1.181124460220142064e+05 -6.199155245553267246e-01
1.460000000000000000e+02 1.863541603088378906e-01 1.230176810458182736e+05 -5.002217582056897038e-01
1.470000000000000000e+02 2.137689590454101562e-01 1.244866286685350060e+05 -4.441683588628737023e-01
1.480000000000000000e+02 1.576123237609863281e-01 1.106863090829559951e+05 -6.172543228877814814e-01
1.490000000000000000e+02 2.190270423889160156e-01 1.342055163368422072e+05 -2.223220350826891067e-01
1.500000000000000000e+02 1.563129425048828125e-01 1.191789393755693309e+05 -4.507777406971432144e-01
1.510000000000000000e+02 2.238600254058837891e-01 1.634526641408083669e+05 3.001125083069518529e-01
1.520000000000000000e+02 1.628079414367675781e-01 1.390963754062110675e+05 -1.293391475168009785e-01
1.530000000000000000e+02 1.637170314788818359e-01 1.324382770104898373e+05 -2.436637711556296493e-01
1.540000000000000000e+02 1.568057537078857422e-01 1.387484868775538343e+05 -1.189673055571932869e-01
1.550000000000000000e+02 1.580750942230224609e-01 1.379613210870871262e+05 -1.304320891021543971e-01
1.560000000000000000e+02 2.140703201293945312e-01 1.584794597561696719e+05 2.779619940461482974e-01
1.570000000000000000e+02 3.434767723083496094e-01 1.570279443718403054e+05 2.405418183477157634e-01
1.580000000000000000e+02 1.613345146179199219e-01 1.439023377166511491e+05 -3.940447294173698295e-02
1.590000000000000000e+02 2.250485420227050781e-01 1.584434738033019821e+05 2.728450134433058616e-01
1.600000000000000000e+02 1.593906879425048828e-01 1.328739093190435669e+05 -2.944740939472151875e-01
1.610000000000000000e+02 2.482957839965820312e-01 1.362706133557859575e+05 -2.112861201234763342e-01
1.620000000000000000e+02 2.103462219238281250e-01 1.479613558515080949e+05 6.134239610954390215e-02
1.630000000000000000e+02 2.579689025878906250e-01 1.669300996947215172e+05 5.046613281253996552e-01
1.640000000000000000e+02 2.233843803405761719e-01 2.039066222470585199e+05 1.372851516406453642e+00
1.650000000000000000e+02 1.407675743103027344e-01 1.616005521873693506e+05 3.076073240122815244e-01
1.660000000000000000e+02 2.063846588134765625e-01 1.695163274790358846e+05 4.903800752998182522e-01
1.670000000000000000e+02 1.448531150817871094e-01 1.973195824982689810e+05 1.152689514437286844e+00
1.680000000000000000e+02 2.295215129852294922e-01 2.199485647202913242e+05 1.652327796337448307e+00
1.690000000000000000e+02 1.400971412658691406e-01 2.056146998479833128e+05 1.218100324004143031e+00
1.700000000000000000e+02 2.147471904754638672e-01 3.420261012773498660e+05 4.343428261704499249e+00
1.700000000000000000e+02 4.037704467773437500e-01 2.656171538932482945e+05 0.000000000000000000e+00
1.710000000000000000e+02 2.836287021636962891e-01 1.479728887862074771e+05 0.000000000000000000e+00
1.720000000000000000e+02 2.030467987060546875e-01 1.323518482314200373e+05 -8.948888833643305896e-01
1.730000000000000000e+02 3.227045536041259766e-01 2.388815858036923164e+05 7.810566320700998988e-01
1.740000000000000000e+02 1.815633773803710938e-01 2.638219276630366803e+05 1.025471045322848829e+00
1.750000000000000000e+02 1.446011066436767578e-01 2.585845160893213178e+05 7.560993488013076913e-01
1.760000000000000000e+02 1.485207080841064453e-01 3.037322800698708161e+05 1.404366103168562585e+00
1.770000000000000000e+02 2.612204551696777344e-01 3.024826084417622187e+05 1.120578314536346376e+00
1.780000000000000000e+02 2.008917331695556641e-01 2.470945869406024867e+05 1.217269183962838563e-01
1.790000000000000000e+02 1.422088146209716797e-01 2.798703308028391912e+05 6.539968492855868787e-01
1.800000000000000000e+02 1.413772106170654297e-01 2.313972011347752996e+05 -2.151924522143283114e-01
1.810000000000000000e+02 1.416423320770263672e-01 4.998754449445299688e+05 4.599617481847899647e+00
1.810000000000000000e+02 2.847216129302978516e-01 3.392262826569866156e+05 0.000000000000000000e+00
1.820000000000000000e+02 1.642067432403564453e-01 3.258013598576955264e+05 0.000000000000000000e+00
1.830000000000000000e+02 1.457741260528564453e-01 3.115409713703746093e+05 -2.209330302691142833e+00
1.840000000000000000e+02 1.432571411132812500e-01 2.919778653630799381e+05 -2.422939396933078804e+00
1.850000000000000000e+02 2.416851520538330078e-01 2.866818236041630735e+05 -1.505705545927277678e+00
1.860000000000000000e+02 1.437568664550781250e-01 3.560479568806132884e+05 2.028190011388882219e+00
1.870000000000000000e+02 1.694583892822265625e-01 3.671830237189260079e+05 1.798418356478728608e+00
1.880000000000000000e+02 1.440761089324951172e-01 4.324907956636821618e+05 3.476129833825971627e+00
1.880000000000000000e+02 2.922837734222412109e-01 2.808610240786152426e+05 0.000000000000000000e+00
1.890000000000000000e+02 1.440358161926269531e-01 3.262148584242226207e+05 0.000000000000000000e+00
1.900000000000000000e+02 1.438083648681640625e-01 3.563421640688033658e+05 1.646529982225163113e+00
1.910000000000000000e+02 1.446959972381591797e-01 3.470603778088428080e+05 6.822100100495017694e-01
1.920000000000000000e+02 1.442048549652099609e-01 2.913817875331707764e+05 -1.077808652336726514e+00
1.930000000000000000e+02 1.437163352966308594e-01 3.045806891623576521e+05 -4.738810188607943119e-01
1.940000000000000000e+02 1.444122791290283203e-01 4.249505591181127820e+05 3.515712765358595782e+00
1.940000000000000000e+02 3.480513095855712891e-01 2.059564272609537002e+05 0.000000000000000000e+00
1.950000000000000000e+02 1.810207366943359375e-01 2.524967249309563776e+05 0.000000000000000000e+00
1.960000000000000000e+02 1.454610824584960938e-01 1.835850164619997086e+05 -1.386903734477044958e+00
1.970000000000000000e+02 1.454617977142333984e-01 1.948242825572621077e+05 -5.458217699856207084e-01
1.980000000000000000e+02 1.903162002563476562e-01 2.041296484592877387e+05 -1.680475967156255523e-01
1.990000000000000000e+02 1.470987796783447266e-01 2.992312507132696337e+05 3.460168708646833124e+00
1.990000000000000000e+02 2.950952053070068359e-01 1.849492687932422559e+05 0.000000000000000000e+00
2.000000000000000000e+02 1.459815502166748047e-01 2.820356144122053520e+05 0.000000000000000000e+00
2.010000000000000000e+02 1.455974578857421875e-01 3.472327472731462913e+05 1.656804382141197518e+00
2.020000000000000000e+02 1.666395664215087891e-01 3.534306627869104850e+05 1.004439285536529169e+00
2.030000000000000000e+02 1.459271907806396484e-01 3.656028949649307760e+05 9.413690785682373718e-01
2.040000000000000000e+02 1.946351528167724609e-01 4.335807537708864547e+05 1.683905179998883783e+00
2.050000000000000000e+02 1.473479270935058594e-01 4.394038074178912793e+05 1.312398492841730713e+00
2.060000000000000000e+02 2.293205261230468750e-01 4.228921811791820801e+05 8.958547850735250062e-01
2.070000000000000000e+02 1.936800479888916016e-01 4.131727230746736168e+05 6.886619669946150157e-01
2.080000000000000000e+02 1.479301452636718750e-01 3.708973948687620577e+05 1.278111373772946036e-01
2.090000000000000000e+02 1.461744308471679688e-01 3.872601209442426334e+05 3.301473322930552068e-01
2.100000000000000000e+02 1.472492218017578125e-01 3.702239343198681017e+05 8.733819397787273564e-02
2.110000000000000000e+02 1.770789623260498047e-01 3.803652805648088106e+05 2.258028151912434001e-01
2.120000000000000000e+02 2.802951335906982422e-01 3.614925402604992851e+05 -5.791950919927880276e-02
2.130000000000000000e+02 1.728372573852539062e-01 3.142414833526797011e+05 -7.729091286620202172e-01
2.140000000000000000e+02 1.545059680938720703e-01 2.637251111142036389e+05 -1.511946785940615046e+00
2.150000000000000000e+02 1.627042293548583984e-01 2.560448933675307489e+05 -1.480491392195588007e+00
2.160000000000000000e+02 1.647315025329589844e-01 2.273742881392795534e+05 -1.761939700547924925e+00
2.170000000000000000e+02 1.484587192535400391e-01 3.444418057148079970e+05 1.971984449390968425e-02
2.180000000000000000e+02 2.367286682128906250e-01 3.213873536315045785e+05 -3.043085034839088654e-01
2.190000000000000000e+02 1.537022590637207031e-01 3.628105447486916091e+05 2.994906532097219021e-01
2.200000000000000000e+02 3.638064861297607422e-01 4.848011666782446555e+05 2.088100456104660996e+00
2.210000000000000000e+02 1.538307666778564453e-01 4.470783472715345561e+05 1.340403117228154306e+00
2.220000000000000000e+02 1.738936901092529297e-01 3.804093076093065320e+05 3.611586703362726358e-01
2.230000000000000000e+02 2.301483154296875000e-01 3.243156071755725425e+05 -4.196305194358757040e-01
2.240000000000000000e+02 1.482880115509033203e-01 3.050484398913145415e+05 -6.800681174672611462e-01
2.250000000000000000e+02 1.818962097167968750e-01 2.868075442968634306e+05 -9.198624332586733399e-01
2.260000000000000000e+02 1.488766670227050781e-01 2.947945392518859589e+05 -7.753437957824103055e-01
2.270000000000000000e+02 2.336645126342773438e-01 2.730393357386540738e+05 -1.065463380390828219e+00
2.280000000000000000e+02 2.212543487548828125e-01 2.590019960214340826e+05 -1.227883511442551256e+00
2.290000000000000000e+02 2.887334823608398438e-01 3.143688474773488124e+05 -3.913975705523122239e-01
2.300000000000000000e+02 1.489408016204833984e-01 3.321311829199443455e+05 -1.283513424996931829e-01
2.310000000000000000e+02 1.621522903442382812e-01 4.482965435385879246e+05 1.574529484580981187e+00
2.320000000000000000e+02 1.473293304443359375e-01 6.682363274976873072e+05 4.646335649147114388e+00
2.320000000000000000e+02 3.819808959960937500e-01 2.799198006549076526e+05 0.000000000000000000e+00
2.330000000000000000e+02 1.532716751098632812e-01 1.912856329517729755e+05 0.000000000000000000e+00
2.340000000000000000e+02 2.913565635681152344e-01 2.678478041312567657e+05 5.144905288869942028e-01
2.350000000000000000e+02 2.472910881042480469e-01 2.573158073061300965e+05 2.281060554209577151e-01
2.360000000000000000e+02 1.518692970275878906e-01 3.131262712432721746e+05 1.615842688830836149e+00
2.370000000000000000e+02 1.519417762756347656e-01 3.309944311594000319e+05 1.545828838574076824e+00
2.380000000000000000e+02 1.860315799713134766e-01 3.864027939102708478e+05 2.309233355594685122e+00
2.390000000000000000e+02 2.407517433166503906e-01 4.053823970258238842e+05 1.874328445813350896e+00
2.400000000000000000e+02 1.496553421020507812e-01 3.772861258277173620e+05 1.041134589197592053e+00
2.410000000000000000e+02 9.418673515319824219e-01 1.018384859856336494e+06 1.006041682873850540e+01
2.410000000000000000e+02 3.678798675537109375e-04 3.504539880504992470e+04 0.000000000000000000e+00
2.420000000000000000e+02 5.486280918121337891e-01 9.141182774219891289e+05 3.476678792807532403e+01
2.420000000000000000e+02 3.845691680908203125e-04 4.162189241408597445e+04 0.000000000000000000e+00
2.430000000000000000e+02 7.168693542480468750e-01 8.426406192845187616e+05 2.650961695604607371e+01
2.430000000000000000e+02 3.914833068847656250e-04 4.406311775056466286e+04 0.000000000000000000e+00
2.440000000000000000e+02 5.378825664520263672e-01 7.963882195086205611e+05 2.343890050415419424e+01
2.440000000000000000e+02 3.418922424316406250e-04 5.493207650627495605e+04 0.000000000000000000e+00
2.450000000000000000e+02 2.177219390869140625e-01 2.064414371398866642e+05 3.193466549771623253e+00
2.450000000000000000e+02 4.361860752105712891e-01 2.071265793250599527e+05 0.000000000000000000e+00
2.460000000000000000e+02 1.428244113922119141e-01 1.744673292483270925e+05 0.000000000000000000e+00
2.470000000000000000e+02 2.479274272918701172e-01 1.494586474488026288e+05 -1.790034799890728001e+00
2.480000000000000000e+02 1.998639106750488281e-01 2.336436998790615180e+05 1.958135169422656530e+00
2.490000000000000000e+02 2.802307605743408203e-01 1.933555432117176824e+05 5.917220122400326798e-02
2.500000000000000000e+02 1.541180610656738281e-01 3.160762143219855498e+05 3.896579854098158879e+00
2.500000000000000000e+02 3.306443691253662109e-01 3.217300765120044816e+05 0.000000000000000000e+00
2.510000000000000000e+02 1.468238830566406250e-01 1.451741340353315754e+05 0.000000000000000000e+00
2.520000000000000000e+02 1.822714805603027344e-01 1.650967396619557112e+05 -5.475266578570541220e-01
2.530000000000000000e+02 1.551425457000732422e-01 1.782345005216420977e+05 -3.354000445944782527e-01
2.540000000000000000e+02 3.233094215393066406e-01 1.498691505333720415e+05 -6.537052549016630909e-01
2.550000000000000000e+02 1.576304435729980469e-01 2.097818744610327121e+05 2.410782472460916148e-01
2.560000000000000000e+02 1.577911376953125000e-01 2.033228009271727933e+05 1.258313881009195390e-01
2.570000000000000000e+02 1.399700641632080078e-01 2.235056242590719194e+05 4.510457044964662487e-01
2.580000000000000000e+02 2.137124538421630859e-01 2.345827667744230421e+05 6.146758479474789816e-01
2.590000000000000000e+02 1.467399597167968750e-01 2.246264065393345372e+05 3.879425280458013159e-01
2.600000000000000000e+02 2.318980693817138672e-01 2.118617440913035825e+05 1.209572564227783253e-01
2.610000000000000000e+02 1.416492462158203125e-01 1.812003342190775438e+05 -5.072803160290748625e-01
2.620000000000000000e+02 2.005765438079833984e-01 1.960310372598296672e+05 -1.696131272935976764e-01
2.630000000000000000e+02 1.851098537445068359e-01 2.302566533046602854e+05 5.888529372793204208e-01
2.640000000000000000e+02 1.464109420776367188e-01 2.386709846419024107e+05 7.515774271390719408e-01
2.650000000000000000e+02 1.411676406860351562e-01 2.580585988693209365e+05 1.158859575525581720e+00
2.660000000000000000e+02 2.454864978790283203e-01 2.857309541256913217e+05 1.707245549900266335e+00
2.670000000000000000e+02 2.183809280395507812e-01 2.914105735633788281e+05 1.648648800787934965e+00
2.680000000000000000e+02 1.444373130798339844e-01 2.948452330252400716e+05 1.560962178318616056e+00
2.690000000000000000e+02 1.501779556274414062e-01 2.738195483904670691e+05 1.007817383062385108e+00
2.700000000000000000e+02 1.412725448608398438e-01 2.467599138518574473e+05 4.172712333933351614e-01
2.710000000000000000e+02 2.267160415649414062e-01 2.454280725425801356e+05 3.787546602982415633e-01
2.720000000000000000e+02 2.635638713836669922e-01 2.713823459577024914e+05 9.105585758566843158e-01
2.730000000000000000e+02 2.939159870147705078e-01 2.641715864275372005e+05 7.239801493428115187e-01
2.740000000000000000e+02 1.489198207855224609e-01 2.676769940145174041e+05 7.757149882006260100e-01
2.750000000000000000e+02 1.447451114654541016e-01 2.821213485400709906e+05 1.060091379798421940e+00
2.760000000000000000e+02 1.415143013000488281e-01 3.108823468770410400e+05 1.631491739262997287e+00
2.770000000000000000e+02 1.711480617523193359e-01 2.567748377009816468e+05 4.043366313452761429e-01
2.780000000000000000e+02 1.408872604370117188e-01 1.879590987126325199e+05 -1.053059747772068455e+00
2.790000000000000000e+02 1.502406597137451172e-01 2.421230836651433201e+05 1.237306214680079230e-01
2.800000000000000000e+02 1.416752338409423828e-01 2.567415860036098748e+05 4.345124774400801471e-01
2.810000000000000000e+02 2.905256748199462891e-01 2.629398693210026249e+05 5.608250078834382535e-01
2.820000000000000000e+02 1.452729701995849609e-01 2.667452375353847747e+05 6.330017990587327725e-01
2.830000000000000000e+02 2.096498012542724609e-01 2.798761327287601889e+05 9.107079498750636493e-01
2.840000000000000000e+02 1.593072414398193359e-01 2.903972520745582879e+05 1.120351567273710991e+00
2.850000000000000000e+02 2.474348545074462891e-01 3.019730337689379812e+05 1.341265522123397780e+00
2.860000000000000000e+02 2.985765933990478516e-01 4.105808746036054217e+05 3.670731717710248088e+00
2.860000000000000000e+02 4.630911350250244141e-01 1.909084005002694612e+05 0.000000000000000000e+00
2.870000000000000000e+02 1.988272666931152344e-01 1.452762846926160855e+05 0.000000000000000000e+00
2.880000000000000000e+02 1.443672180175781250e-01 1.570392279110567470e+05 -3.425540196388716652e-01
2.890000000000000000e+02 1.477863788604736328e-01 1.703337308517901110e+05 2.501197367023914597e-01
2.900000000000000000e+02 1.667940616607666016e-01 1.626407049399014213e+05 -1.660062874754451856e-01
2.910000000000000000e+02 1.519629955291748047e-01 1.874624857599579846e+05 1.306449529317972980e+00
2.920000000000000000e+02 7.918860912322998047e-01 2.605626305283766415e+05 5.172153355680980447e+00
2.920000000000000000e+02 3.771781921386718750e-04 2.922311198334403889e+04 0.000000000000000000e+00
2.930000000000000000e+02 1.685698032379150391e-01 1.420841380437725165e+05 4.754652178946519037e+00
2.930000000000000000e+02 3.176469802856445312e-01 1.429393558569507150e+05 0.000000000000000000e+00
2.940000000000000000e+02 1.355085372924804688e-01 1.045738393906383280e+05 0.000000000000000000e+00
2.950000000000000000e+02 1.371505260467529297e-01 1.174457655115496891e+05 -2.326272440730189628e-01
2.960000000000000000e+02 1.419441699981689453e-01 9.876631967707247532e+04 -1.172129225742399861e+00
2.970000000000000000e+02 1.387579441070556641e-01 1.484579783702664427e+05 1.657455764374342833e+00
2.980000000000000000e+02 1.374034881591796875e-01 1.840159276299760095e+05 2.752709054440822367e+00
2.990000000000000000e+02 1.399128437042236328e-01 1.322373199780186405e+05 -1.439593822349328860e-02
