1.748546912018783391e+07
1.000000000000000000e+00 1.109521389007568359e-01 1.429021464696945040e+05 0.000000000000000000e+00
2.000000000000000000e+00 1.120645999908447266e-01 1.437905132038800803e+05 7.213487169116450382e-01
3.000000000000000000e+00 1.219062805175781250e-01 8.462671558239884325e+04 -5.697889459005079926e-01
4.000000000000000000e+00 1.790547370910644531e-01 1.268540888841838896e+05 4.597642211149647329e-01
5.000000000000000000e+00 1.439428329467773438e-01 1.008260890332784038e+05 -2.473545105428998081e-01
6.000000000000000000e+00 1.576008796691894531e-01 1.048648295611661888e+05 -1.151273393466016870e-01
7.000000000000000000e+00 2.094340324401855469e-01 1.163104543259082857e+05 2.451466616146135979e-01
8.000000000000000000e+00 1.952276229858398438e-01 1.015220732298135554e+05 -2.599845980164360304e-01
9.000000000000000000e+00 1.806287765502929688e-01 1.133851512508477899e+05 1.729891648896716427e-01
1.000000000000000000e+01 1.901667118072509766e-01 1.040135695342119725e+05 -1.856240952691955715e-01
1.100000000000000000e+01 2.059645652770996094e-01 9.120705364337519859e+04 -6.815414326914727150e-01
1.200000000000000000e+01 2.694771289825439453e-01 1.225725974520317686e+05 6.261388020940080734e-01
1.300000000000000000e+01 2.634260654449462891e-01 1.015571759640571690e+05 -2.790317784858179495e-01
1.400000000000000000e+01 2.251572608947753906e-01 1.122402600138328125e+05 1.916566314699816309e-01
1.500000000000000000e+01 3.226094245910644531e-01 9.713127638016548008e+04 -4.896308500263403807e-01
1.600000000000000000e+01 3.032767772674560547e-01 1.212947509435961401e+05 6.371985267523981866e-01
1.700000000000000000e+01 2.463908195495605469e-01 1.643431619856282778e+05 2.625888156105290250e+00
1.800000000000000000e+01 3.158614635467529297e-01 1.402360767524962430e+05 1.174901101045520591e+00
1.900000000000000000e+01 2.854020595550537109e-01 2.137624773395700031e+05 4.068042868714516480e+00
1.900000000000000000e+01 6.019644737243652344e-01 2.042144626638638147e+05 0.000000000000000000e+00
2.000000000000000000e+01 3.238036632537841797e-01 2.872477979184621363e+05 0.000000000000000000e+00
2.100000000000000000e+01 2.842938899993896484e-01 1.859268507005439315e+05 -1.018579140843583364e+00
2.200000000000000000e+01 3.773150444030761719e-01 2.317570104492218525e+05 1.103856742475493175e-01
2.300000000000000000e+01 3.317556381225585938e-01 1.839932921360188338e+05 -9.797055194274012502e-01
2.400000000000000000e+01 3.478875160217285156e-01 1.418306669742885861e+05 -1.790620992923611654e+00
2.500000000000000000e+01 4.001421928405761719e-01 1.338654730901962903e+05 -1.452532141726545767e+00
2.600000000000000000e+01 3.670272827148437500e-01 1.414298530859813618e+05 -1.025442696910347173e+00
2.700000000000000000e+01 3.450953960418701172e-01 1.321707236321695382e+05 -1.078882306793787382e+00
2.800000000000000000e+01 4.144787788391113281e-01 1.295277888224138296e+05 -1.007194609552547027e+00
2.900000000000000000e+01 3.760957717895507812e-01 1.030364125344339700e+05 -1.417106384238330463e+00
3.000000000000000000e+01 4.069766998291015625e-01 1.546025275055716920e+05 -2.911331718817982694e-01
3.100000000000000000e+01 4.006311893463134766e-01 1.944717910531497910e+05 4.861811685604228717e-01
3.200000000000000000e+01 4.148929119110107422e-01 1.967422057934078039e+05 5.092137792006132813e-01
3.300000000000000000e+01 4.080657958984375000e-01 1.546665861542808125e+05 -3.732116810369979776e-01
3.400000000000000000e+01 5.105276107788085938e-01 1.380976409290121228e+05 -7.095868990661770015e-01
3.500000000000000000e+01 4.085536003112792969e-01 1.318793659278943378e+05 -8.109538724697110679e-01
3.600000000000000000e+01 4.919223785400390625e-01 1.160156661899582250e+05 -1.117703427264558069e+00
3.700000000000000000e+01 4.664764404296875000e-01 1.234495691294878488e+05 -8.891537168745202724e-01
3.800000000000000000e+01 4.664914608001708984e-01 1.385364311176032934e+05 -5.194190900017359169e-01
3.900000000000000000e+01 4.652836322784423828e-01 1.439058432895933511e+05 -3.839924778977734654e-01
4.000000000000000000e+01 4.797570705413818359e-01 1.301011012622449925e+05 -6.876385857161820825e-01
4.100000000000000000e+01 5.494408607482910156e-01 1.472270472213475441e+05 -2.706332966472501655e-01
4.200000000000000000e+01 5.362870693206787109e-01 1.276030591504339536e+05 -7.264226824991624198e-01
4.300000000000000000e+01 5.832400321960449219e-01 1.424027658114874503e+05 -3.516015297954321328e-01
4.400000000000000000e+01 4.881591796875000000e-01 1.359209802910950093e+05 -5.010565071599156761e-01
4.500000000000000000e+01 6.221122741699218750e-01 1.517928885975625017e+05 -9.848973548720951765e-02
4.600000000000000000e+01 6.497788429260253906e-01 1.354383037112619495e+05 -5.072591296792063886e-01
4.700000000000000000e+01 5.640938282012939453e-01 1.404740067206816748e+05 -3.678875747055271872e-01
4.800000000000000000e+01 6.787095069885253906e-01 1.332072554763756925e+05 -5.488034303259726743e-01
4.900000000000000000e+01 6.146843433380126953e-01 1.518029833512534969e+05 -5.014488832966780552e-02
5.000000000000000000e+01 6.777024269104003906e-01 1.542582856704501901e+05 1.603911470764013761e-02
5.100000000000000000e+01 6.216590404510498047e-01 1.599594610840715759e+05 1.701477715643484878e-01
5.200000000000000000e+01 6.415073871612548828e-01 1.657802656786166190e+05 3.275970787234285808e-01
5.300000000000000000e+01 8.906314373016357422e-01 1.459287629001761670e+05 -2.310057722727286711e-01
5.400000000000000000e+01 7.785208225250244141e-01 1.521781455676062324e+05 -5.091502490795423580e-02
5.500000000000000000e+01 6.356675624847412109e-01 1.168996695029678522e+05 -1.062161543660333107e+00
5.600000000000000000e+01 6.525917053222656250e-01 1.224020728583561140e+05 -8.744359301827746567e-01
5.700000000000000000e+01 7.578165531158447266e-01 1.187815036928779300e+05 -9.584522591606816633e-01
5.800000000000000000e+01 6.108407974243164062e-01 1.878078956998462672e+05 1.051734347233342914e+00
5.900000000000000000e+01 6.813855171203613281e-01 2.259438702965684934e+05 2.121039629128959270e+00
6.000000000000000000e+01 6.581628322601318359e-01 1.648799399427491589e+05 3.008799299866215526e-01
6.100000000000000000e+01 7.612452507019042969e-01 1.395662448747248563e+05 -4.097733732683337404e-01
6.200000000000000000e+01 8.972520828247070312e-01 1.608104781033192703e+05 1.948881765916103403e-01
6.300000000000000000e+01 8.114960193634033203e-01 1.447159343447544961e+05 -2.664745987231585955e-01
6.400000000000000000e+01 7.310950756072998047e-01 1.675037637602286122e+05 3.936628696444945952e-01
6.500000000000000000e+01 7.958142757415771484e-01 1.983192415762748278e+05 1.285750580699934087e+00
6.600000000000000000e+01 7.443308830261230469e-01 1.866576212102482386e+05 9.128416657975685355e-01
6.700000000000000000e+01 7.690777778625488281e-01 2.226264207237691444e+05 1.937623515088287007e+00
6.800000000000000000e+01 8.044536113739013672e-01 2.628402241602170980e+05 2.981081067425126019e+00
6.900000000000000000e+01 9.746787548065185547e-01 2.047505930321998021e+05 1.193188565299473813e+00
7.000000000000000000e+01 7.639334201812744141e-01 2.053318412032739434e+05 1.180363928658670902e+00
7.100000000000000000e+01 8.436651229858398438e-01 2.231777275222474709e+05 1.617738029507741260e+00
7.200000000000000000e+01 8.589920997619628906e-01 2.498636810223258508e+05 2.247743534627014039e+00
7.300000000000000000e+01 9.522500038146972656e-01 1.980896213978402375e+05 8.481116804110031548e-01
7.400000000000000000e+01 1.040484189987182617e+00 2.012844988930700056e+05 9.141655177290350931e-01
7.500000000000000000e+01 8.345377445220947266e-01 2.177253848166567332e+05 1.307535829015828099e+00
7.600000000000000000e+01 8.444993495941162109e-01 2.056612500587790855e+05 9.791196402782073038e-01
7.700000000000000000e+01 8.508188724517822266e-01 2.366967571349207137e+05 1.729095384449634176e+00
7.800000000000000000e+01 8.671369552612304688e-01 2.624254458468797966e+05 2.297032046861477994e+00
7.900000000000000000e+01 8.903415203094482422e-01 2.964216657891700743e+05 2.980554457647154543e+00
8.000000000000000000e+01 9.839906692504882812e-01 3.214338588676498039e+05 3.311695180592510113e+00
8.000000000000000000e+01 1.858302354812622070e+00 1.189816550523988117e+05 0.000000000000000000e+00
8.100000000000000000e+01 9.167804718017578125e-01 1.750921679852950328e+05 0.000000000000000000e+00
8.200000000000000000e+01 1.196896553039550781e+00 2.373147780495652405e+05 2.275370096554560018e+00
8.300000000000000000e+01 1.386166810989379883e+00 4.819281526002298924e+05 5.149246015667696241e+00
8.300000000000000000e+01 1.017570495605468750e-03 4.138110018989082164e+04 0.000000000000000000e+00
8.400000000000000000e+01 5.239775180816650391e-01 3.261785502676362521e+05 9.025945616671526395e+00
8.400000000000000000e+01 7.753372192382812500e-04 4.690762350504210917e+04 0.000000000000000000e+00
8.500000000000000000e+01 5.233244895935058594e-01 3.472055675351929385e+05 8.346547901501574884e+00
8.500000000000000000e+01 7.750988006591796875e-04 4.257507915401514765e+04 0.000000000000000000e+00
8.600000000000000000e+01 5.581493377685546875e-01 3.242767791114932625e+05 8.650159782717210533e+00
8.600000000000000000e+01 7.722377777099609375e-04 4.464004176645512780e+04 0.000000000000000000e+00
8.700000000000000000e+01 1.737191677093505859e-01 1.807594360065915389e+05 3.605207585442632645e+00
8.700000000000000000e+01 2.805399894714355469e-01 1.792870948493488249e+05 0.000000000000000000e+00
8.800000000000000000e+01 1.107778549194335938e-01 1.391039872831140819e+05 0.000000000000000000e+00
8.900000000000000000e+01 1.170544624328613281e-01 1.567603516106844763e+05 -8.570461976605084353e-02
9.000000000000000000e+01 1.357274055480957031e-01 2.384421751547137101e+05 3.974957072103689981e+00
9.000000000000000000e+01 2.721571922302246094e-01 2.357584348560166545e+05 0.000000000000000000e+00
9.100000000000000000e+01 1.446788311004638672e-01 1.623299558186060458e+05 0.000000000000000000e+00
9.200000000000000000e+01 2.388901710510253906e-01 1.614000255832286784e+05 -7.250169976062754706e-01
9.300000000000000000e+01 1.939821243286132812e-01 1.946556719522211642e+05 1.912468277565255448e-01
9.400000000000000000e+01 1.689152717590332031e-01 1.405508707345269504e+05 -1.368117273422167157e+00
9.500000000000000000e+01 2.262091636657714844e-01 1.673921119378283329e+05 -3.104777913485987639e-01
9.600000000000000000e+01 1.884734630584716797e-01 1.426852130837557197e+05 -1.021805327989330880e+00
9.700000000000000000e+01 1.963365077972412109e-01 1.592731380369111139e+05 -3.854867048301034438e-01
9.800000000000000000e+01 2.376806735992431641e-01 1.427274264846665028e+05 -8.913787849247760686e-01
9.900000000000000000e+01 2.176816463470458984e-01 1.186361077819642524e+05 -1.594959237347673753e+00
1.000000000000000000e+02 2.443697452545166016e-01 1.378319554672085796e+05 -7.555415205051227989e-01
1.010000000000000000e+02 2.277951240539550781e-01 1.367287934865344723e+05 -7.385715372232969367e-01
1.020000000000000000e+02 3.393564224243164062e-01 1.244960913481594180e+05 -1.085358848541419396e+00
1.030000000000000000e+02 2.942709922790527344e-01 1.268973122000112780e+05 -9.214934898608378999e-01
1.040000000000000000e+02 2.579398155212402344e-01 1.487093289339235926e+05 -1.598202867499853574e-01
1.050000000000000000e+02 3.677034378051757812e-01 1.043473773370885756e+05 -1.636839180848745245e+00
1.060000000000000000e+02 2.749333381652832031e-01 1.491247427123867092e+05 -3.666928960629210754e-02
1.070000000000000000e+02 3.154551982879638672e-01 1.469755474536548136e+05 -1.063251475002214008e-01
1.080000000000000000e+02 2.948470115661621094e-01 1.474463775446273794e+05 -8.751833387421731336e-02
1.090000000000000000e+02 3.005757331848144531e-01 1.507315063072677876e+05 2.923448030130702813e-02
1.100000000000000000e+02 3.352391719818115234e-01 1.312184254633780802e+05 -6.703934039891348284e-01
1.110000000000000000e+02 3.195276260375976562e-01 1.552395781438541017e+05 2.251715491166755567e-01
1.120000000000000000e+02 3.724684715270996094e-01 1.173515901790628850e+05 -1.189238130935208693e+00
1.130000000000000000e+02 3.365581035614013672e-01 1.527103081621277961e+05 1.762027851166327042e-01
1.140000000000000000e+02 3.502054214477539062e-01 1.496307112915652106e+05 5.642815454569045236e-02
1.150000000000000000e+02 5.028784275054931641e-01 1.353013043106274854e+05 -4.965184252428888056e-01
1.160000000000000000e+02 3.668088912963867188e-01 1.431197641055368003e+05 -1.790724519717425411e-01
1.170000000000000000e+02 3.815481662750244141e-01 1.659378358974072908e+05 7.338549906055473748e-01
1.180000000000000000e+02 4.222624301910400391e-01 1.441236217780804145e+05 -1.633998024699740703e-01
1.190000000000000000e+02 4.012484550476074219e-01 1.574567153426080476e+05 3.852921572535887851e-01
1.200000000000000000e+02 4.411296844482421875e-01 1.772736168097222399e+05 1.201659438923701861e+00
1.210000000000000000e+02 3.984086513519287109e-01 1.418918004913209297e+05 -3.055460006712887866e-01
1.220000000000000000e+02 4.171347618103027344e-01 1.566447647549421818e+05 3.178077128883705638e-01
1.230000000000000000e+02 4.428124427795410156e-01 1.635563368448855763e+05 6.064257410883469035e-01
1.240000000000000000e+02 4.254653453826904297e-01 1.783786367231071636e+05 1.230736059347742106e+00
1.250000000000000000e+02 5.800433158874511719e-01 1.420072659522856993e+05 -3.633525831269533990e-01
1.260000000000000000e+02 4.456491470336914062e-01 1.570859688973226584e+05 2.933078975044623449e-01
1.270000000000000000e+02 5.012128353118896484e-01 1.346238508284648124e+05 -6.933421671299629940e-01
1.280000000000000000e+02 4.821469783782958984e-01 1.793146804289970605e+05 1.288844208327523777e+00
1.290000000000000000e+02 5.514800548553466797e-01 2.610061030061243800e+05 4.815663294594646260e+00
1.290000000000000000e+02 1.064834594726562500e+00 1.295244123471258499e+05 0.000000000000000000e+00
1.300000000000000000e+02 5.336289405822753906e-01 1.564388835159727023e+05 0.000000000000000000e+00
1.310000000000000000e+02 9.817433357238769531e-01 2.768291525376490317e+05 7.032980700837292432e+00
1.310000000000000000e+02 9.965896606445312500e-04 3.252386527293722247e+04 0.000000000000000000e+00
1.320000000000000000e+02 5.466508865356445312e-01 2.440572484495763783e+05 8.490858370636605201e+00
1.320000000000000000e+02 7.841587066650390625e-04 4.051581208251976204e+04 0.000000000000000000e+00
1.330000000000000000e+02 6.044485569000244141e-01 2.701736406987898517e+05 7.309151544644002740e+00
1.330000000000000000e+02 7.679462432861328125e-04 3.749609527962862194e+04 0.000000000000000000e+00
1.340000000000000000e+02 1.064743995666503906e-01 1.683084907202998002e+05 4.226651317599195323e+00
1.340000000000000000e+02 2.510113716125488281e-01 1.684902493985671317e+05 0.000000000000000000e+00
1.350000000000000000e+02 1.091361045837402344e-01 1.264961069742387626e+05 0.000000000000000000e+00
1.360000000000000000e+02 1.163275241851806641e-01 1.281084695064074476e+05 -6.528081378801852130e-01
1.370000000000000000e+02 1.346375942230224609e-01 1.206707858050759824e+05 -8.557289529748582924e-01
1.380000000000000000e+02 1.442575454711914062e-01 8.115303865474050690e+04 -2.497971995400702028e+00
1.390000000000000000e+02 1.554369926452636719e-01 2.733160414539322956e+05 4.784540191311052126e+00
1.390000000000000000e+02 3.848567008972167969e-01 2.723177803276157356e+05 0.000000000000000000e+00
1.400000000000000000e+02 1.986348628997802734e-01 1.194495864314482169e+05 0.000000000000000000e+00
1.410000000000000000e+02 1.647877693176269531e-01 2.765066949924199726e+05 7.458592500919724033e-01
1.420000000000000000e+02 2.128014564514160156e-01 1.202732609070311300e+05 -1.145180394133386681e+00
1.430000000000000000e+02 1.856994628906250000e-01 1.121881726181346748e+05 -9.518379697423625663e-01
1.440000000000000000e+02 1.924426555633544922e-01 1.087179850801243156e+05 -8.293932393017350302e-01
1.450000000000000000e+02 2.368443012237548828e-01 1.190192864637940802e+05 -5.976208739882062915e-01
1.460000000000000000e+02 2.078623771667480469e-01 1.169794475403065298e+05 -5.710458641706934735e-01
1.470000000000000000e+02 2.940313816070556641e-01 1.208052337381990073e+05 -4.751820016642028799e-01
1.480000000000000000e+02 2.328121662139892578e-01 1.063054034350778820e+05 -6.534430858703702549e-01
1.490000000000000000e+02 2.572441101074218750e-01 1.341590157468797115e+05 -1.948749034930509494e-01
1.500000000000000000e+02 2.469913959503173828e-01 1.150105192481547856e+05 -4.861334673936598683e-01
1.510000000000000000e+02 3.032896518707275391e-01 1.631071219851641217e+05 3.188397962643721439e-01
1.520000000000000000e+02 3.398492336273193359e-01 1.286509086604304175e+05 -2.759816677060729639e-01
1.530000000000000000e+02 2.868263721466064453e-01 1.112716321251628833e+05 -5.706355394978070983e-01
1.540000000000000000e+02 3.014783859252929688e-01 1.341368167629410455e+05 -1.351339106621564090e-01
1.550000000000000000e+02 3.177168369293212891e-01 1.289403910306228063e+05 -2.277296345957408874e-01
1.560000000000000000e+02 3.184053897857666016e-01 1.496212964368907269e+05 1.757204522858931695e-01
1.570000000000000000e+02 3.481912612915039062e-01 1.348046641208078945e+05 -1.217999289059900486e-01
1.580000000000000000e+02 3.627867698669433594e-01 1.416212512298966758e+05 1.982634990745519438e-02
1.590000000000000000e+02 3.926148414611816406e-01 1.536397987517896108e+05 2.702554835735266336e-01
1.600000000000000000e+02 3.496832847595214844e-01 1.295500403106132435e+05 -2.514407220684218291e-01
1.610000000000000000e+02 3.385348320007324219e-01 1.332617420878968551e+05 -1.643762234728173288e-01
1.620000000000000000e+02 3.990859985351562500e-01 1.454538111356718873e+05 1.119752906947706073e-01
1.630000000000000000e+02 3.857669830322265625e-01 1.655592196487600449e+05 5.695487789235327281e-01
1.640000000000000000e+02 3.637614250183105469e-01 2.097611269404325285e+05 1.580606761882555888e+00
1.650000000000000000e+02 3.762028217315673828e-01 1.621195344451978453e+05 4.030156010517289555e-01
1.660000000000000000e+02 4.670307636260986328e-01 1.687128161978537100e+05 5.459144282783067181e-01
1.670000000000000000e+02 5.042939186096191406e-01 1.931464508520219533e+05 1.102017478860623845e+00
1.680000000000000000e+02 3.966138362884521484e-01 2.096854823232488707e+05 1.444396598787831554e+00
1.690000000000000000e+02 4.457573890686035156e-01 2.020421170088312065e+05 1.198130400034310705e+00
1.700000000000000000e+02 4.126451015472412109e-01 3.402293591098103789e+05 4.282460800211113749e+00
1.700000000000000000e+02 9.177660942077636719e-01 2.655978665292030782e+05 0.000000000000000000e+00
1.710000000000000000e+02 4.669811725616455078e-01 1.467585663689904031e+05 0.000000000000000000e+00
1.720000000000000000e+02 4.396131038665771484e-01 1.286724050455932011e+05 -9.223360412068740688e-01
1.730000000000000000e+02 4.992620944976806641e-01 2.365500812906317296e+05 7.556279935183775054e-01
1.740000000000000000e+02 5.099527835845947266e-01 2.592320643890541396e+05 9.688519893759826029e-01
1.750000000000000000e+02 4.840347766876220703e-01 2.546986847367721202e+05 7.304462959342130635e-01
1.760000000000000000e+02 4.825053215026855469e-01 2.481464125142299454e+05 5.383774850695858261e-01
1.770000000000000000e+02 4.834108352661132812e-01 2.235943556447414448e+05 6.375837209150223006e-02
1.780000000000000000e+02 5.453524589538574219e-01 2.081466594433061255e+05 -2.316554926219911437e-01
1.790000000000000000e+02 5.097615718841552734e-01 2.468660865685386816e+05 5.601105336803998691e-01
1.800000000000000000e+02 5.036294460296630859e-01 2.300626567979045503e+05 1.728480803598924642e-01
1.810000000000000000e+02 1.001643419265747070e+00 5.103966884665564867e+05 6.357380311106244797e+00
1.810000000000000000e+02 8.115768432617187500e-04 3.689649692211286310e+04 0.000000000000000000e+00
1.820000000000000000e+02 5.985248088836669922e-01 5.025657001001753379e+05 1.714162569073551623e+01
1.820000000000000000e+02 7.667541503906250000e-04 5.847927085923882260e+04 0.000000000000000000e+00
1.830000000000000000e+02 6.124050617218017578e-01 3.642894089231241378e+05 6.688348709394521308e+00
1.830000000000000000e+02 7.743835449218750000e-04 5.465582365970163664e+04 0.000000000000000000e+00
1.840000000000000000e+02 1.053674221038818359e-01 2.123366828070653137e+05 3.372868500519063506e+00
1.840000000000000000e+02 2.500038146972656250e-01 2.107355747971795790e+05 0.000000000000000000e+00
1.850000000000000000e+02 1.121373176574707031e-01 1.551117730091181584e+05 0.000000000000000000e+00
1.860000000000000000e+02 1.166911125183105469e-01 2.027675295755949628e+05 5.045223253289178311e-01
1.870000000000000000e+02 1.367101669311523438e-01 1.752581737068285292e+05 -4.747498049028510692e-01
1.880000000000000000e+02 1.466612815856933594e-01 2.466103139356178581e+05 2.371011453220583043e+00
1.890000000000000000e+02 1.602015495300292969e-01 2.666495200071756844e+05 1.957767825948253826e+00
1.900000000000000000e+02 1.612882614135742188e-01 2.299770805993032700e+05 4.870035870456482785e-01
1.910000000000000000e+02 1.681983470916748047e-01 1.778293643757849059e+05 -8.849810351323311730e-01
1.920000000000000000e+02 2.110471725463867188e-01 1.965159026823249296e+05 -3.035107947793786454e-01
1.930000000000000000e+02 3.093359470367431641e-01 2.025078789383417461e+05 -1.201329444995655887e-01
1.940000000000000000e+02 2.383983135223388672e-01 1.835352707258010632e+05 -6.736744528702316437e-01
1.950000000000000000e+02 2.058877944946289062e-01 2.071230143417756481e+05 8.519801295324345991e-02
1.960000000000000000e+02 2.120995521545410156e-01 1.403080845130625821e+05 -2.045889635302855059e+00
1.970000000000000000e+02 2.174997329711914062e-01 1.656506092377794557e+05 -9.717137472828030198e-01
1.980000000000000000e+02 2.841892242431640625e-01 1.649127939539194340e+05 -9.278250348234324818e-01
1.990000000000000000e+02 2.361667156219482422e-01 1.828239739956845297e+05 -3.535028022991427710e-01
2.000000000000000000e+02 2.513585090637207031e-01 2.168841385558254551e+05 6.749517576285638532e-01
2.010000000000000000e+02 3.083665370941162109e-01 2.295117615494076745e+05 1.030701623184448357e+00
2.020000000000000000e+02 2.778346538543701172e-01 1.882795504078271624e+05 -2.797310561675889207e-01
2.030000000000000000e+02 2.805624008178710938e-01 1.689851198904014018e+05 -8.741587583144960760e-01
2.040000000000000000e+02 3.297381401062011719e-01 1.496218914125320152e+05 -1.445117567314449847e+00
2.050000000000000000e+02 3.080084323883056641e-01 1.552542563905934803e+05 -1.170676326230004394e+00
2.060000000000000000e+02 2.983708381652832031e-01 1.890874063692745403e+05 -7.882109151787164425e-02
2.070000000000000000e+02 4.520771503448486328e-01 2.051221171031453996e+05 4.226704779412028268e-01
2.080000000000000000e+02 3.848998546600341797e-01 1.866593480450129719e+05 -1.736118746169404981e-01
2.090000000000000000e+02 3.500900268554687500e-01 2.035172559083579981e+05 3.762426938558260381e-01
2.100000000000000000e+02 3.469717502593994141e-01 1.719570563564026670e+05 -6.728650128050732704e-01
2.110000000000000000e+02 3.332958221435546875e-01 1.776233354969081702e+05 -4.661179961865072330e-01
2.120000000000000000e+02 3.460984230041503906e-01 1.960967193983187317e+05 1.691107032056990145e-01
2.130000000000000000e+02 4.305379390716552734e-01 1.698272110956440156e+05 -7.388658470298846703e-01
2.140000000000000000e+02 4.631278514862060547e-01 1.974474019255388412e+05 2.393107362885965039e-01
2.150000000000000000e+02 3.752114772796630859e-01 2.165506211788527726e+05 9.096091652244034931e-01
2.160000000000000000e+02 4.325182437896728516e-01 1.957398081348494161e+05 1.470990193154168291e-01
2.170000000000000000e+02 3.921661376953125000e-01 2.332518689371389337e+05 1.493989869507309720e+00
2.180000000000000000e+02 4.032108783721923828e-01 1.758638528170880745e+05 -6.033318769330939801e-01
2.190000000000000000e+02 4.076552391052246094e-01 2.302314920317137148e+05 1.348443876104846728e+00
2.200000000000000000e+02 4.517168998718261719e-01 2.815397062931042165e+05 3.108090629739208133e+00
2.200000000000000000e+02 8.867466449737548828e-01 1.284795656100612541e+05 0.000000000000000000e+00
2.210000000000000000e+02 4.642333984375000000e-01 1.908239509322381055e+05 0.000000000000000000e+00
2.220000000000000000e+02 4.417519569396972656e-01 1.527796863950825646e+05 -1.558853647929027975e-01
2.230000000000000000e+02 6.157987117767333984e-01 1.574457195904363180e+05 2.693890613500478284e-03
2.240000000000000000e+02 4.954645633697509766e-01 1.749475879715857445e+05 6.846128486674665226e-01
2.250000000000000000e+02 6.462166309356689453e-01 2.092343583297397709e+05 2.051077989556855385e+00
2.260000000000000000e+02 7.138247489929199219e-01 2.056880076863663562e+05 1.272230032968244773e+00
2.270000000000000000e+02 4.926562309265136719e-01 2.418978800327299978e+05 2.272285993371625512e+00
2.280000000000000000e+02 5.484228134155273438e-01 2.263028204374610214e+05 1.194989016100348911e+00
2.290000000000000000e+02 5.049884319305419922e-01 2.668063507122406154e+05 2.135645153628875637e+00
2.300000000000000000e+02 5.191793441772460938e-01 2.733645104193805601e+05 1.809645349467565056e+00
2.310000000000000000e+02 7.211160659790039062e-01 3.946830741864591837e+05 4.077616009815393738e+00
2.310000000000000000e+02 1.343345880508422852e+00 3.502794268148876727e+05 0.000000000000000000e+00
2.320000000000000000e+02 5.993454456329345703e-01 1.726790219709149387e+05 0.000000000000000000e+00
2.330000000000000000e+02 6.084094047546386719e-01 1.776519593271993217e+05 -6.675077979507395565e-01
2.340000000000000000e+02 6.114525794982910156e-01 2.406768261412683350e+05 7.060057747439402176e-02
2.350000000000000000e+02 6.682879924774169922e-01 2.095678447036279249e+05 -3.115966803427819842e-01
2.360000000000000000e+02 6.399507522583007812e-01 2.611904271158148185e+05 4.278593038941887472e-01
2.370000000000000000e+02 6.889157295227050781e-01 2.485032336943330884e+05 1.992173473385975280e-01
2.380000000000000000e+02 6.074197292327880859e-01 2.556228642170219100e+05 3.040668275087854977e-01
2.390000000000000000e+02 6.069424152374267578e-01 2.560734623890153016e+05 2.934465321401835691e-01
2.400000000000000000e+02 7.381715774536132812e-01 2.532511084157408623e+05 2.241374306401204830e-01
2.410000000000000000e+02 1.343869686126708984e+00 9.734055518192620948e+05 1.457125126729257936e+01
2.410000000000000000e+02 1.076698303222656250e-03 3.388567120759392128e+04 0.000000000000000000e+00
2.420000000000000000e+02 7.412078380584716797e-01 9.141774001592119457e+05 3.603174057117892914e+01
2.420000000000000000e+02 8.563995361328125000e-04 4.677362886569706461e+04 0.000000000000000000e+00
2.430000000000000000e+02 7.273976802825927734e-01 8.426278134414065862e+05 2.335576387462814907e+01
2.430000000000000000e+02 8.590221405029296875e-04 4.546603176263542991e+04 0.000000000000000000e+00
2.440000000000000000e+02 8.045220375061035156e-01 7.963009140937294578e+05 2.264749076185380616e+01
2.440000000000000000e+02 8.630752563476562500e-04 5.621356656930384634e+04 0.000000000000000000e+00
2.450000000000000000e+02 1.223516464233398438e-01 2.076589779443933803e+05 3.102937088948850342e+00
2.450000000000000000e+02 3.743369579315185547e-01 2.064488401641482196e+05 0.000000000000000000e+00
2.460000000000000000e+02 2.713143825531005859e-01 1.722103219241934130e+05 0.000000000000000000e+00
2.470000000000000000e+02 1.339662075042724609e-01 1.536615601051833655e+05 -1.473258819245857998e+00
2.480000000000000000e+02 1.562192440032958984e-01 2.281546585045200773e+05 1.893782040806022859e+00
2.490000000000000000e+02 1.614794731140136719e-01 1.967855044028345146e+05 1.991085504339023815e-01
2.500000000000000000e+02 1.792435646057128906e-01 3.145310398946637870e+05 4.222317741751368203e+00
2.500000000000000000e+02 4.319956302642822266e-01 3.202321871758539346e+05 0.000000000000000000e+00
2.510000000000000000e+02 1.731283664703369141e-01 1.552514789515901648e+05 0.000000000000000000e+00
2.520000000000000000e+02 1.831622123718261719e-01 1.551326748880693340e+05 -7.081251688495936447e-01
2.530000000000000000e+02 2.407481670379638672e-01 1.883129560124450654e+05 -2.297556592543945897e-01
2.540000000000000000e+02 2.056260108947753906e-01 1.571616641646642529e+05 -6.054793366280244449e-01
2.550000000000000000e+02 2.470774650573730469e-01 2.036718508580311900e+05 1.185824028316814771e-01
2.560000000000000000e+02 2.156918048858642578e-01 1.822082765729918319e+05 -2.258011884908085187e-01
2.570000000000000000e+02 2.848713397979736328e-01 1.918408729525943636e+05 -4.656824326887610416e-02
2.580000000000000000e+02 2.312333583831787109e-01 2.157669842102274415e+05 3.973347258484167255e-01
2.590000000000000000e+02 2.571160793304443359e-01 2.086107066082513484e+05 2.341185021219315543e-01
2.600000000000000000e+02 3.535335063934326172e-01 1.862352744586316694e+05 -2.391525704415828624e-01
2.610000000000000000e+02 3.023614883422851562e-01 1.927900370037888060e+05 -8.627552960155467077e-02
2.620000000000000000e+02 4.167826175689697266e-01 1.956447936507502745e+05 -1.796858945372018304e-02
2.630000000000000000e+02 2.642331123352050781e-01 2.326891869979501062e+05 8.629446311198624153e-01
2.640000000000000000e+02 3.211619853973388672e-01 1.845319365891907655e+05 -3.471764815074931398e-01
2.650000000000000000e+02 2.804334163665771484e-01 1.809275762857967638e+05 -4.243866748064269445e-01
2.660000000000000000e+02 2.910633087158203125e-01 2.598028275333956699e+05 1.607367975050700837e+00
2.670000000000000000e+02 3.341679573059082031e-01 2.361254745711191208e+05 8.693578181899168644e-01
2.680000000000000000e+02 3.070838451385498047e-01 2.625812562021224294e+05 1.481651094085492559e+00
2.690000000000000000e+02 3.992784023284912109e-01 2.100438278212340374e+05 1.026953707338479488e-01
2.700000000000000000e+02 4.025928974151611328e-01 1.960207254413834016e+05 -2.454141233553610857e-01
2.710000000000000000e+02 5.180861949920654297e-01 2.123269368854530621e+05 1.722718704027300929e-01
2.720000000000000000e+02 5.906102657318115234e-01 2.125162391165556910e+05 1.732772127491656322e-01
2.730000000000000000e+02 6.385736465454101562e-01 2.209290566918241675e+05 3.919983841727480711e-01
2.740000000000000000e+02 4.078724384307861328e-01 2.756867908532691654e+05 1.858468490230816617e+00
2.750000000000000000e+02 3.705444335937500000e-01 2.784213834916700725e+05 1.774197973394435524e+00
2.760000000000000000e+02 4.066028594970703125e-01 2.584373060308888089e+05 1.146108049771178861e+00
2.770000000000000000e+02 3.876850605010986328e-01 1.793760644788533682e+05 -8.489308856445598739e-01
2.780000000000000000e+02 4.224481582641601562e-01 1.749061206132402294e+05 -9.339827114100197614e-01
2.790000000000000000e+02 4.014747142791748047e-01 2.375978420199691318e+05 6.527459918588006671e-01
2.800000000000000000e+02 4.192981719970703125e-01 2.544230901034056151e+05 1.059676539510479687e+00
2.810000000000000000e+02 5.583953857421875000e-01 2.652698236498710467e+05 1.295796740793645929e+00
2.820000000000000000e+02 4.963669776916503906e-01 2.394487492248862400e+05 6.022594342141923685e-01
2.830000000000000000e+02 6.637663841247558594e-01 2.062478832524822210e+05 -2.420723897357927867e-01
2.840000000000000000e+02 4.753041267395019531e-01 2.201614796780178440e+05 1.154146905825526176e-01
2.850000000000000000e+02 4.783504009246826172e-01 1.962485992557141290e+05 -5.033052153377109983e-01
2.860000000000000000e+02 4.974908828735351562e-01 2.148943525698588055e+05 -8.249063705608352184e-03
2.870000000000000000e+02 4.852504730224609375e-01 1.822288195824272407e+05 -8.724066279424358417e-01
2.880000000000000000e+02 4.884095191955566406e-01 1.794725875845948758e+05 -9.256176542847458499e-01
2.890000000000000000e+02 5.599331855773925781e-01 1.719822787685854128e+05 -1.103160571546184077e+00
2.900000000000000000e+02 5.534069538116455078e-01 1.601193103738816862e+05 -1.387928362683426009e+00
2.910000000000000000e+02 6.220216751098632812e-01 1.719571386973221961e+05 -1.028589112299128194e+00
2.920000000000000000e+02 5.398755073547363281e-01 2.215951800943592098e+05 2.992048476452580097e-01
2.930000000000000000e+02 6.230363845825195312e-01 2.144888555113640323e+05 1.068869367607362814e-01
2.940000000000000000e+02 5.965752601623535156e-01 2.071653789905347803e+05 -9.094409904554347224e-02
2.950000000000000000e+02 6.305754184722900391e-01 2.205510312216487655e+05 2.735619489488364531e-01
2.960000000000000000e+02 5.716974735260009766e-01 1.882313888499847963e+05 -6.164476433168536440e-01
2.970000000000000000e+02 6.129341125488281250e-01 2.475748496241133544e+05 1.032143116730973365e+00
2.980000000000000000e+02 6.444315910339355469e-01 2.905099453355161240e+05 2.195912691361475488e+00
2.990000000000000000e+02 6.177754402160644531e-01 2.633799124161596992e+05 1.350447168375132678e+00
