2.995294138013234362e+07
1.000000000000000000e+00 1.166167259216308594e-01 1.433125512928694079e+05 0.000000000000000000e+00
2.000000000000000000e+00 2.158734798431396484e-01 1.464300279297891248e+05 7.835191297647946529e-01
3.000000000000000000e+00 1.175255775451660156e-01 8.851968297181349772e+04 -1.068698559624421174e+00
4.000000000000000000e+00 1.244409084320068359e-01 1.310350375506876881e+05 4.508195335952534522e-01
5.000000000000000000e+00 1.902422904968261719e-01 1.070447136236021615e+05 -4.017435124685833636e-01
6.000000000000000000e+00 2.945282459259033203e-01 1.229905132267209265e+05 2.219607805826806224e-01
7.000000000000000000e+00 2.008128166198730469e-01 1.413462272483530105e+05 9.485616520319958278e-01
8.000000000000000000e+00 1.204488277435302734e-01 1.403433961047713819e+05 8.017823079347842219e-01
9.000000000000000000e+00 1.666502952575683594e-01 1.394377892208713165e+05 6.944240919766141440e-01
1.000000000000000000e+01 2.780985832214355469e-01 1.470566197114206443e+05 9.772860051736557141e-01
1.100000000000000000e+01 1.371352672576904297e-01 1.564266393230415415e+05 1.304975226744258476e+00
1.200000000000000000e+01 1.589210033416748047e-01 1.662083424811930163e+05 1.584973817923777339e+00
1.300000000000000000e+01 1.174025535583496094e-01 1.514845594222269137e+05 7.913104080720758660e-01
1.400000000000000000e+01 1.228938102722167969e-01 1.602002555652329756e+05 1.106382751021679045e+00
1.500000000000000000e+01 1.229906082153320312e-01 1.417520033258287294e+05 2.703676333171420310e-01
1.600000000000000000e+01 1.325497627258300781e-01 1.573470351139077684e+05 9.225292570095479094e-01
1.700000000000000000e+01 1.172349452972412109e-01 1.930433957280430768e+05 2.395758093622069484e+00
1.800000000000000000e+01 2.253575325012207031e-01 2.171008773514216591e+05 2.929520554552035083e+00
1.900000000000000000e+01 1.840882301330566406e-01 2.725354802861760254e+05 4.130914354982391679e+00
1.900000000000000000e+01 3.070728778839111328e-01 2.248605462877658429e+05 0.000000000000000000e+00
2.000000000000000000e+01 1.180222034454345703e-01 3.303247164733140962e+05 0.000000000000000000e+00
2.100000000000000000e+01 1.246554851531982422e-01 2.380594657016583951e+05 -5.301169010124919811e-01
2.200000000000000000e+01 1.195828914642333984e-01 3.150247960913036368e+05 8.807875603663850583e-01
2.300000000000000000e+01 1.236555576324462891e-01 3.286024729232452810e+05 9.667959514060788795e-01
2.400000000000000000e+01 2.111227512359619141e-01 2.617135351371477591e+05 -4.973331623422783676e-01
2.500000000000000000e+01 1.447870731353759766e-01 3.083043559677004814e+05 5.326447140952013104e-01
2.600000000000000000e+01 1.870493888854980469e-01 3.255024699241628987e+05 8.771507452109517100e-01
2.700000000000000000e+01 2.248866558074951172e-01 2.725902620106022805e+05 -4.389251567181029490e-01
2.800000000000000000e+01 1.211471557617187500e-01 3.428933570304347668e+05 1.307019821093118539e+00
2.900000000000000000e+01 1.559855937957763672e-01 3.584574687701402581e+05 1.512398455415676191e+00
3.000000000000000000e+01 1.541419029235839844e-01 3.494343000401195022e+05 1.102590859733290962e+00
3.100000000000000000e+01 2.264130115509033203e-01 3.377488511843545130e+05 7.431483772720304248e-01
3.200000000000000000e+01 1.218461990356445312e-01 3.117416630773443612e+05 1.042586961884102853e-01
3.300000000000000000e+01 1.915972232818603516e-01 3.056635293723035138e+05 -4.423922172352102306e-02
3.400000000000000000e+01 2.367982864379882812e-01 3.324854042882335489e+05 6.209490995472076724e-01
3.500000000000000000e+01 1.190130710601806641e-01 3.158413830508936662e+05 1.739723454304008821e-01
3.600000000000000000e+01 1.576004028320312500e-01 2.500946311179093900e+05 -1.546854516136156654e+00
3.700000000000000000e+01 2.607524394989013672e-01 2.102001968575601641e+05 -2.414192823454478720e+00
3.800000000000000000e+01 1.261739730834960938e-01 2.120874392685543571e+05 -2.002206495043018730e+00
3.900000000000000000e+01 1.595983505249023438e-01 2.688489647730133729e+05 -5.827218609390805160e-01
4.000000000000000000e+01 2.354922294616699219e-01 2.938452353684535483e+05 -3.026342133026407172e-02
4.100000000000000000e+01 2.537269592285156250e-01 2.702877819575747708e+05 -5.456102407038115887e-01
4.200000000000000000e+01 1.520044803619384766e-01 2.599056469211873773e+05 -7.617872647902957928e-01
4.300000000000000000e+01 1.223151683807373047e-01 2.771154694362879382e+05 -3.501908937011647960e-01
4.400000000000000000e+01 1.182756423950195312e-01 2.606546478619932022e+05 -7.196957343514182037e-01
4.500000000000000000e+01 1.193370819091796875e-01 3.035363431036943221e+05 2.934699108936471013e-01
4.600000000000000000e+01 1.188642978668212891e-01 2.907079425893379375e+05 -1.458472602996596125e-02
4.700000000000000000e+01 1.264610290527343750e-01 3.299729553705067374e+05 9.285826598354185446e-01
4.800000000000000000e+01 1.186845302581787109e-01 3.052699155142792733e+05 3.042522694918217141e-01
4.900000000000000000e+01 1.196808815002441406e-01 3.029233360107140616e+05 2.414102464398546477e-01
5.000000000000000000e+01 1.182854175567626953e-01 2.974008831168606412e+05 1.000551148516141547e-01
5.100000000000000000e+01 1.205515861511230469e-01 2.957787125514986110e+05 5.751482345921177242e-02
5.200000000000000000e+01 1.192855834960937500e-01 2.795202516489529517e+05 -3.608199894287758558e-01
5.300000000000000000e+01 1.518836021423339844e-01 2.704578383561311639e+05 -5.907830360108384804e-01
5.400000000000000000e+01 1.687586307525634766e-01 3.092478033188009285e+05 4.398860476116976392e-01
5.500000000000000000e+01 1.578993797302246094e-01 3.499997064784631366e+05 1.516370121746734911e+00
5.600000000000000000e+01 1.438779830932617188e-01 3.232331097824987373e+05 7.508296013949711245e-01
5.700000000000000000e+01 1.852905750274658203e-01 3.106425825101075461e+05 4.043510915482799728e-01
5.800000000000000000e+01 1.913685798645019531e-01 3.351090556099515525e+05 1.049291571159359115e+00
5.900000000000000000e+01 1.675612926483154297e-01 3.976665521328927716e+05 2.684735505032903813e+00
6.000000000000000000e+01 1.204857826232910156e-01 3.490045988036551862e+05 1.236004298655137390e+00
6.100000000000000000e+01 1.271679401397705078e-01 3.035118891558768810e+05 7.900896790951014714e-02
6.200000000000000000e+01 1.194853782653808594e-01 2.864493080899727647e+05 -3.471807851688140101e-01
6.300000000000000000e+01 1.605942249298095703e-01 2.834982385394240846e+05 -4.171465750258172567e-01
6.400000000000000000e+01 2.585420608520507812e-01 2.920862119951495552e+05 -1.934253879235723061e-01
6.500000000000000000e+01 1.527028083801269531e-01 3.193183821837833384e+05 5.086432600425989659e-01
6.600000000000000000e+01 1.896917819976806641e-01 3.643990482866967795e+05 1.670098275884254413e+00
6.700000000000000000e+01 2.145485877990722656e-01 4.063194713055495522e+05 2.672820791175770427e+00
6.800000000000000000e+01 2.029447555541992188e-01 4.338186256597186439e+05 3.128382158864797535e+00
6.800000000000000000e+01 3.253602981567382812e-01 1.956363451859513007e+05 0.000000000000000000e+00
6.900000000000000000e+01 1.329681873321533203e-01 1.482825428036411176e+05 0.000000000000000000e+00
7.000000000000000000e+01 1.772983074188232422e-01 2.132306959360637411e+05 1.232559188388665961e+00
7.100000000000000000e+01 3.325023651123046875e-01 2.218059889054517553e+05 1.074372952977815876e+00
7.200000000000000000e+01 1.327853202819824219e-01 2.952095973230074160e+05 3.060263214339125071e+00
7.200000000000000000e+01 2.983150482177734375e-01 1.749921267700888275e+05 0.000000000000000000e+00
7.300000000000000000e+01 1.229197978973388672e-01 1.933393867965481768e+05 0.000000000000000000e+00
7.400000000000000000e+01 4.942078590393066406e-01 2.778783685156384017e+05 7.223402638111864782e+00
7.400000000000000000e+01 3.187656402587890625e-04 4.619504129056457896e+04 0.000000000000000000e+00
7.500000000000000000e+01 1.166412830352783203e-01 1.605770326959756203e+05 2.794579958723672597e+00
7.600000000000000000e+01 1.340622901916503906e-01 1.165559676661500125e+05 2.925718209556045224e-01
7.700000000000000000e+01 1.177301406860351562e-01 1.193755302552170760e+05 3.236039695743059830e-01
7.800000000000000000e+01 1.790120601654052734e-01 1.033785378461305663e+05 -8.685820677389353983e-02
7.900000000000000000e+01 1.523838043212890625e-01 1.217193175605151773e+05 4.080361120063242253e-01
8.000000000000000000e+01 1.407158374786376953e-01 1.302528040159484372e+05 6.234742945138286307e-01
8.100000000000000000e+01 1.209976673126220703e-01 1.243980204216346610e+05 3.960973824062016813e-01
8.200000000000000000e+01 1.207389831542968750e-01 1.615373614825349359e+05 1.562098095451993851e+00
8.300000000000000000e+01 3.472700119018554688e-01 2.971784697172379238e+05 5.402044979537173219e+00
8.300000000000000000e+01 3.006458282470703125e-04 6.323647195574023499e+04 0.000000000000000000e+00
8.400000000000000000e+01 3.462557792663574219e-01 3.272980800965509843e+05 5.198338225235661803e+00
8.400000000000000000e+01 2.977848052978515625e-04 7.766695616143802181e+04 0.000000000000000000e+00
8.500000000000000000e+01 1.387963294982910156e-01 3.465718987329185475e+05 4.189300076618975410e+00
8.500000000000000000e+01 3.981502056121826172e-01 3.449924894633134245e+05 0.000000000000000000e+00
8.600000000000000000e+01 1.177346706390380859e-01 1.667836676691255998e+05 0.000000000000000000e+00
8.700000000000000000e+01 1.154391765594482422e-01 1.701077785140492779e+05 -6.807276008946104850e-01
8.800000000000000000e+01 1.174280643463134766e-01 1.998672436471670226e+05 -2.690467787496512164e-01
8.900000000000000000e+01 1.180450916290283203e-01 2.099658603173682350e+05 -1.241365981260681844e-01
9.000000000000000000e+01 1.147618293762207031e-01 3.052757948436727165e+05 1.187499400426917928e+00
9.100000000000000000e+01 1.163995265960693359e-01 2.442212205368141294e+05 1.529202168862966449e-01
9.200000000000000000e+01 1.174087524414062500e-01 2.398727788032586977e+05 7.946693980155254688e-02
9.300000000000000000e+01 1.157944202423095703e-01 3.324610082729128771e+05 1.542398804341379437e+00
9.400000000000000000e+01 1.152620315551757812e-01 2.323589985984187806e+05 -2.017855668900068455e-01
9.500000000000000000e+01 1.446547508239746094e-01 2.398710139999090170e+05 -7.415523026909459636e-02
9.600000000000000000e+01 2.292735576629638672e-01 2.232448627972965478e+05 -3.463241141097582743e-01
9.700000000000000000e+01 1.177041530609130859e-01 2.762934159121191478e+05 5.850428943751055932e-01
9.800000000000000000e+01 1.490492820739746094e-01 2.955803891942482442e+05 8.991429645402319037e-01
9.900000000000000000e+01 1.565935611724853516e-01 2.408960787013438530e+05 -1.389845360801578722e-01
1.000000000000000000e+02 1.171963214874267578e-01 1.872858291238388338e+05 -1.132909923501433269e+00
1.010000000000000000e+02 1.158795356750488281e-01 2.747438501117256819e+05 5.628332350569499321e-01
1.020000000000000000e+02 1.176073551177978516e-01 2.233975690932153375e+05 -4.296145612907841804e-01
1.030000000000000000e+02 1.162776947021484375e-01 1.735609379826740478e+05 -1.382535649882892237e+00
1.040000000000000000e+02 1.174499988555908203e-01 2.365245067049351637e+05 -8.668722534958168968e-02
1.050000000000000000e+02 1.158502101898193359e-01 2.622749583799608517e+05 4.172324024196938930e-01
1.060000000000000000e+02 1.179342269897460938e-01 2.726093732181299129e+05 6.116534100604916757e-01
1.070000000000000000e+02 1.165778636932373047e-01 2.893812996261722292e+05 9.321186441326801964e-01
1.080000000000000000e+02 3.062784671783447266e-01 3.632674205468290602e+05 2.394745146737341734e+00
1.090000000000000000e+02 1.450500488281250000e-01 2.980006189332545036e+05 8.873477701165228826e-01
1.100000000000000000e+02 1.709465980529785156e-01 1.864725195295378508e+05 -1.224814357064833326e+00
1.110000000000000000e+02 1.681184768676757812e-01 1.859099305285073351e+05 -1.177826244812766099e+00
1.120000000000000000e+02 1.683905124664306641e-01 1.356552676336856675e+05 -2.050526178442358294e+00
1.130000000000000000e+02 1.178193092346191406e-01 1.872047400692726951e+05 -9.761796922134251542e-01
1.140000000000000000e+02 1.865768432617187500e-01 2.112040626537672651e+05 -5.252226223982260356e-01
1.150000000000000000e+02 1.205890178680419922e-01 1.998756644450269814e+05 -7.144184054902156245e-01
1.160000000000000000e+02 1.562185287475585938e-01 1.961974103702342254e+05 -7.628244724118767861e-01
1.170000000000000000e+02 2.085497379302978516e-01 2.548867903758967004e+05 3.090266815658259669e-01
1.180000000000000000e+02 1.193220615386962891e-01 3.023352484826701111e+05 1.167872915530411948e+00
1.190000000000000000e+02 1.602263450622558594e-01 3.560492168015046627e+05 2.101182379945577772e+00
1.200000000000000000e+02 1.659979820251464844e-01 4.876544388723247102e+05 4.225878914833598010e+00
1.200000000000000000e+02 2.916836738586425781e-01 2.011020448157489882e+05 0.000000000000000000e+00
1.210000000000000000e+02 1.239781379699707031e-01 1.423904314084276266e+05 0.000000000000000000e+00
1.220000000000000000e+02 1.205756664276123047e-01 1.809663849606798030e+05 2.220899062999292239e-01
1.230000000000000000e+02 1.186604499816894531e-01 2.145017611219399550e+05 1.330073341941267140e+00
1.240000000000000000e+02 1.191973686218261719e-01 2.608652902858544840e+05 2.423005833245083007e+00
1.250000000000000000e+02 1.187076568603515625e-01 2.619035118789645203e+05 1.421221379400206652e+00
1.260000000000000000e+02 1.213274002075195312e-01 2.157644352748063102e+05 1.178606811484554512e-01
1.270000000000000000e+02 2.535154819488525391e-01 2.246038723418835434e+05 3.186899245630733235e-01
1.280000000000000000e+02 1.682026386260986328e-01 2.471185440740456979e+05 8.674639434325231990e-01
1.290000000000000000e+02 1.764669418334960938e-01 2.825446761136546847e+05 1.701131103703493297e+00
1.300000000000000000e+02 1.179995536804199219e-01 2.968732332584818359e+05 1.750859018307314940e+00
1.310000000000000000e+02 1.528708934783935547e-01 4.199784104235951672e+05 4.159969444718807807e+00
1.310000000000000000e+02 2.741863727569580078e-01 2.624775585417042603e+05 0.000000000000000000e+00
1.320000000000000000e+02 1.565895080566406250e-01 3.057292623408190557e+05 0.000000000000000000e+00
1.330000000000000000e+02 2.003688812255859375e-01 2.698718630750192679e+05 -4.653330512105052219e-01
1.340000000000000000e+02 2.055401802062988281e-01 2.572166731163967052e+05 -9.571507853216112416e-01
1.350000000000000000e+02 3.223891258239746094e-01 2.517639516246348794e+05 -1.007552863283038613e+00
1.360000000000000000e+02 1.606245040893554688e-01 2.642984261473407969e+05 -2.392343116503486966e-01
1.370000000000000000e+02 1.213295459747314453e-01 2.717474673167293658e+05 1.657635378097868373e-01
1.380000000000000000e+02 1.196403503417968750e-01 2.776506917785188416e+05 4.907470285406398403e-01
1.390000000000000000e+02 5.895760059356689453e-01 6.875908484619646333e+05 2.518792771932355734e+01
1.390000000000000000e+02 3.173351287841796875e-04 3.892975245965290378e+04 0.000000000000000000e+00
1.400000000000000000e+02 3.687019348144531250e-01 2.844260610313065117e+05 8.211116098714555278e+00
1.400000000000000000e+02 3.809928894042968750e-04 4.882022697356684512e+04 0.000000000000000000e+00
1.410000000000000000e+02 7.040996551513671875e-01 3.307909272617560346e+05 7.460958245534938804e+00
1.410000000000000000e+02 3.571510314941406250e-04 6.993365995036755339e+04 0.000000000000000000e+00
1.420000000000000000e+02 2.369308471679687500e-01 3.253118918953065877e+05 4.457206932806289323e+00
1.420000000000000000e+02 3.575859069824218750e-01 3.233909307757717324e+05 0.000000000000000000e+00
1.430000000000000000e+02 1.502017974853515625e-01 1.089438822795063461e+05 0.000000000000000000e+00
1.440000000000000000e+02 1.882236003875732422e-01 1.220435964034737844e+05 -6.207181201756791777e-01
1.450000000000000000e+02 2.341449260711669922e-01 1.344355109072643681e+05 -4.189177152001217208e-01
1.460000000000000000e+02 2.350564002990722656e-01 1.588190513162449060e+05 -1.320906354805704286e-01
1.470000000000000000e+02 1.701109409332275391e-01 1.695065520105665782e+05 -2.278671290108036189e-04
1.480000000000000000e+02 1.226260662078857422e-01 2.053059977788987744e+05 4.548437218414941308e-01
1.490000000000000000e+02 1.151556968688964844e-01 1.745207506710039743e+05 -1.564401024392471319e-03
1.500000000000000000e+02 1.627504825592041016e-01 1.534120135598631750e+05 -3.134730102733209178e-01
1.510000000000000000e+02 1.468439102172851562e-01 2.043225283822464407e+05 5.034170857891862028e-01
1.520000000000000000e+02 2.226638793945312500e-01 1.733356377011623408e+05 -3.505454715833455220e-02
1.530000000000000000e+02 1.173443794250488281e-01 1.886084143204763532e+05 2.307910235177765834e-01
1.540000000000000000e+02 1.506011486053466797e-01 2.040801374973327911e+05 5.015580021004091282e-01
1.550000000000000000e+02 3.065245151519775391e-01 1.996587885608130309e+05 3.957706237781880576e-01
1.560000000000000000e+02 1.344938278198242188e-01 2.562272749302973971e+05 1.475799216655292234e+00
1.570000000000000000e+02 1.788763999938964844e-01 2.560339561371237214e+05 1.325641964655869476e+00
1.580000000000000000e+02 1.179077625274658203e-01 3.310234130524523207e+05 2.589078385066197807e+00
1.590000000000000000e+02 1.535904407501220703e-01 3.666615474247373058e+05 2.676628183451938092e+00
1.600000000000000000e+02 1.396656036376953125e-01 3.500113112475153757e+05 1.956303629898670238e+00
1.610000000000000000e+02 1.197257041931152344e-01 3.106431523409213405e+05 1.227424467428916754e+00
1.620000000000000000e+02 1.153316497802734375e-01 3.038693795536060934e+05 1.067300879294687199e+00
1.630000000000000000e+02 1.176614761352539062e-01 2.489287662755428173e+05 3.203749974655849542e-01
1.640000000000000000e+02 1.187312602996826172e-01 3.731876290186924743e+05 1.916940659229795951e+00
1.650000000000000000e+02 1.161832809448242188e-01 2.826143558067830163e+05 6.291891512748994941e-01
1.660000000000000000e+02 1.883010864257812500e-01 2.467684108666901884e+05 1.668033607454753597e-01
1.670000000000000000e+02 1.201288700103759766e-01 2.631743503909184947e+05 3.711611460851919619e-01
1.680000000000000000e+02 1.161859035491943359e-01 4.607938132062460063e+05 2.909452776488875347e+00
1.690000000000000000e+02 1.202280521392822266e-01 5.500657329200558597e+05 3.499797020637919864e+00
1.690000000000000000e+02 2.375190258026123047e-01 2.472588102036706987e+05 0.000000000000000000e+00
1.700000000000000000e+02 1.167297363281250000e-01 3.730983462441224256e+05 0.000000000000000000e+00
1.710000000000000000e+02 1.189861297607421875e-01 3.975337697448213003e+05 9.817176737911588180e-01
1.720000000000000000e+02 1.243262290954589844e-01 2.321637249680629466e+05 -1.328564834729557553e+00
1.730000000000000000e+02 1.186306476593017578e-01 2.625744330757901189e+05 -5.883592986416248394e-01
1.740000000000000000e+02 1.196756362915039062e-01 3.333822683863710845e+05 4.016455468564241738e-01
1.750000000000000000e+02 1.186001300811767578e-01 3.931901348559454782e+05 1.224192498146500441e+00
1.760000000000000000e+02 1.653428077697753906e-01 3.618148808983939234e+05 5.864438193679892830e-01
1.770000000000000000e+02 2.312576770782470703e-01 3.994374398081097170e+05 1.095490836767119447e+00
1.780000000000000000e+02 1.224036216735839844e-01 4.027620071021303884e+05 1.018539960894949692e+00
1.790000000000000000e+02 1.346697807312011719e-01 4.747702162771460717e+05 1.981149054430127121e+00
1.800000000000000000e+02 1.219425201416015625e-01 2.295877587325121858e+05 -1.616130844066706373e+00
1.810000000000000000e+02 1.191842555999755859e-01 4.860151368077019579e+05 1.779594694887025152e+00
1.820000000000000000e+02 1.173260211944580078e-01 4.705751943654371426e+05 1.347536958511081684e+00
1.830000000000000000e+02 1.199142932891845703e-01 3.837936256042674067e+05 2.472391562126029507e-01
1.840000000000000000e+02 1.190595626831054688e-01 3.665986933018572163e+05 3.946163173858902723e-02
1.850000000000000000e+02 1.185212135314941406e-01 4.143716342903283658e+05 6.119380784843723164e-01
1.860000000000000000e+02 1.195757389068603516e-01 5.455902911457951413e+05 2.196492519069012328e+00
1.870000000000000000e+02 1.220667362213134766e-01 6.271527051353842253e+05 2.795722732541611855e+00
1.880000000000000000e+02 2.077116966247558594e-01 6.589698895835828735e+05 2.579249519540385283e+00
1.890000000000000000e+02 2.469301223754882812e-01 8.019007971444569994e+05 3.375268799233805517e+00
1.890000000000000000e+02 3.972764015197753906e-01 4.357832353303865530e+05 0.000000000000000000e+00
1.900000000000000000e+02 1.201088428497314453e-01 3.490119225945310900e+05 0.000000000000000000e+00
1.910000000000000000e+02 1.218342781066894531e-01 3.447069891542051337e+05 -7.772693160666579448e-01
1.920000000000000000e+02 1.609890460968017578e-01 3.291857414965232019e+05 -9.207886672162490793e-01
1.930000000000000000e+02 2.590754032135009766e-01 3.576902832484851242e+05 -1.449502381926688344e-01
1.940000000000000000e+02 1.459174156188964844e-01 5.423025787052789237e+05 4.279893546629941703e+00
1.940000000000000000e+02 2.661914825439453125e-01 2.710043870092175202e+05 0.000000000000000000e+00
1.950000000000000000e+02 1.255884170532226562e-01 5.512772988674135413e+05 0.000000000000000000e+00
1.960000000000000000e+02 1.666913032531738281e-01 4.740434987340459484e+05 3.173970268686425733e-01
1.970000000000000000e+02 1.216106414794921875e-01 2.865903576600820525e+05 -1.005196136531928186e+00
1.980000000000000000e+02 1.531095504760742188e-01 2.400267881693756208e+05 -1.121777050508614204e+00
1.990000000000000000e+02 1.628551483154296875e-01 3.462086042846213677e+05 -1.323093491133756350e-01
2.000000000000000000e+02 1.339125633239746094e-01 3.893593866235936293e+05 2.236104109088385417e-01
2.010000000000000000e+02 1.202352046966552734e-01 4.052774670237320825e+05 3.485547884690322618e-01
2.020000000000000000e+02 1.589171886444091797e-01 3.934365731485844008e+05 2.154469457803213639e-01
2.030000000000000000e+02 1.423316001892089844e-01 4.193558772324876627e+05 4.633411013013840618e-01
2.040000000000000000e+02 1.220760345458984375e-01 4.861025252197993686e+05 1.136661667682190346e+00
2.050000000000000000e+02 1.263182163238525391e-01 5.266236483939763857e+05 1.445490574463842881e+00
2.060000000000000000e+02 2.493937015533447266e-01 5.462065443211380625e+05 1.468640246474975264e+00
2.070000000000000000e+02 1.194920539855957031e-01 5.442597882286114618e+05 1.284254685406442054e+00
2.080000000000000000e+02 1.241273880004882812e-01 5.168879871138700983e+05 9.114240714523049736e-01
2.090000000000000000e+02 1.208591461181640625e-01 5.088120604226317955e+05 7.809975086603240246e-01
2.100000000000000000e+02 1.738305091857910156e-01 5.256373238100003218e+05 9.047249223031093024e-01
2.110000000000000000e+02 1.237871646881103516e-01 5.036060156155641889e+05 6.442017108362609878e-01
2.120000000000000000e+02 1.219842433929443359e-01 4.569702729641299811e+05 1.593944454778954967e-01
2.130000000000000000e+02 1.196949481964111328e-01 4.164916886782741058e+05 -2.554579174680031706e-01
2.140000000000000000e+02 1.402411460876464844e-01 4.595330450301188393e+05 1.990252606082652254e-01
2.150000000000000000e+02 1.215937137603759766e-01 4.540095295807603979e+05 1.353610512042155156e-01
2.160000000000000000e+02 1.209845542907714844e-01 3.818932621047609136e+05 -6.555601007469977759e-01
2.170000000000000000e+02 1.298577785491943359e-01 4.621343299571723328e+05 2.530203643956394632e-01
2.180000000000000000e+02 2.314276695251464844e-01 4.499074953620406450e+05 1.093237482883767514e-01
2.190000000000000000e+02 1.204071044921875000e-01 5.034250965994753060e+05 7.252099876260236222e-01
2.200000000000000000e+02 1.761360168457031250e-01 5.665836261114589870e+05 1.440997502965678967e+00
2.210000000000000000e+02 1.963880062103271484e-01 6.136877608832230326e+05 1.900856463213709269e+00
2.220000000000000000e+02 1.246638298034667969e-01 5.719752612501080148e+05 1.297162594066842756e+00
2.230000000000000000e+02 1.818504333496093750e-01 5.414266957290208666e+05 9.077571140070864741e-01
2.240000000000000000e+02 1.814854145050048828e-01 5.365369341846354073e+05 8.274347024982540155e-01
2.250000000000000000e+02 1.247770786285400391e-01 6.282241107003175421e+05 1.807697888021217336e+00
2.260000000000000000e+02 1.914565563201904297e-01 6.268669227067056345e+05 1.678721483111713875e+00
2.270000000000000000e+02 1.903846263885498047e-01 6.284237181086700875e+05 1.601519169864012770e+00
2.280000000000000000e+02 1.248459815979003906e-01 6.851405978682584828e+05 2.091631714102756057e+00
2.290000000000000000e+02 1.223235130310058594e-01 6.602638899860135280e+05 1.701875661730721134e+00
2.300000000000000000e+02 1.219816207885742188e-01 6.788445163359171711e+05 1.787576725575031222e+00
2.310000000000000000e+02 1.235876083374023438e-01 8.476510618677319726e+05 3.229517009524597970e+00
2.310000000000000000e+02 2.456791400909423828e-01 5.610361081490352517e+05 0.000000000000000000e+00
2.320000000000000000e+02 1.222772598266601562e-01 8.318172777725061169e+05 0.000000000000000000e+00
2.330000000000000000e+02 1.212112903594970703e-01 8.492917233876954997e+05 7.983708746917032029e-01
2.340000000000000000e+02 1.545500755310058594e-01 8.285933531345108058e+05 5.024964503270535898e-01
2.350000000000000000e+02 1.972472667694091797e-01 6.915185313715828815e+05 -5.516665391373328786e-01
2.360000000000000000e+02 1.494956016540527344e-01 6.347170517347548157e+05 -9.469854987301209448e-01
2.370000000000000000e+02 1.790070533752441406e-01 7.025149891819435870e+05 -2.502329534637693920e-01
2.380000000000000000e+02 1.232779026031494141e-01 7.464538874677189160e+05 1.614988781918168803e-01
2.390000000000000000e+02 1.220943927764892578e-01 6.708606657623015344e+05 -5.806572905830714726e-01
2.400000000000000000e+02 1.241617202758789062e-01 5.974556220988454297e+05 -1.285475472336222724e+00
2.410000000000000000e+02 1.270852088928222656e-01 1.194117705095278099e+06 4.772398422502825532e+00
2.410000000000000000e+02 2.495386600494384766e-01 1.038595632621093886e+06 0.000000000000000000e+00
2.420000000000000000e+02 1.280260086059570312e-01 1.531530117384099867e+06 0.000000000000000000e+00
2.430000000000000000e+02 1.267898082733154297e-01 1.218179339312448166e+06 -1.918867642582349486e-01
2.440000000000000000e+02 1.237883567810058594e-01 6.043958190987262642e+05 -2.639043555699928323e+00
2.450000000000000000e+02 1.234283447265625000e-01 5.545903849715100368e+05 -1.404208455424868829e+00
2.460000000000000000e+02 1.947727203369140625e-01 6.676643983153160661e+05 -7.770708406612941710e-01
2.470000000000000000e+02 2.095997333526611328e-01 7.145304898679789621e+05 -5.630925499010145385e-01
2.480000000000000000e+02 1.777181625366210938e-01 8.984338071801384212e+05 -1.568627560421967729e-02
2.490000000000000000e+02 2.325613498687744141e-01 9.703359441875686171e+05 1.959950312292064456e-01
2.500000000000000000e+02 1.855995655059814453e-01 9.638130936301806942e+05 1.653979891125518520e-01
2.510000000000000000e+02 1.364150047302246094e-01 9.083561650231409585e+05 -2.599733064934166282e-02
2.520000000000000000e+02 1.251149177551269531e-01 8.281275811807507416e+05 -3.049458792281687369e-01
2.530000000000000000e+02 1.697018146514892578e-01 8.639447183743625646e+05 -1.613709693390137923e-01
2.540000000000000000e+02 1.674234867095947266e-01 9.921863456919949967e+05 3.323242025781735776e-01
2.550000000000000000e+02 1.775882244110107422e-01 1.035673668181578745e+06 4.912396760688350628e-01
2.560000000000000000e+02 1.347160339355468750e-01 9.708204737047743984e+05 2.087127564072736863e-01
2.570000000000000000e+02 1.290211677551269531e-01 9.209267126433308003e+05 -6.903519431697474097e-03
2.580000000000000000e+02 1.237378120422363281e-01 9.892728355892148102e+05 2.891779413133299670e-01
2.590000000000000000e+02 1.734597682952880859e-01 1.048062470636816579e+06 5.425295390866201606e-01
2.600000000000000000e+02 1.458270549774169922e-01 1.045442307129470864e+06 5.126867524599462156e-01
2.610000000000000000e+02 2.086966037750244141e-01 9.549036070626867004e+05 7.723228122105896265e-02
2.620000000000000000e+02 1.977834701538085938e-01 9.080038636031054193e+05 -1.475849269435301203e-01
2.630000000000000000e+02 1.755619049072265625e-01 8.857058771278588101e+05 -2.528843154921000536e-01
2.640000000000000000e+02 2.073376178741455078e-01 8.072646961746359011e+05 -6.376972051692678667e-01
2.650000000000000000e+02 1.718730926513671875e-01 7.503136284903561464e+05 -9.067360237459490824e-01
2.660000000000000000e+02 1.614379882812500000e-01 6.964404484021727694e+05 -1.147322063451259755e+00
2.670000000000000000e+02 1.739966869354248047e-01 6.382890829137830297e+05 -1.390513171441133178e+00
2.680000000000000000e+02 2.242901325225830078e-01 5.866279798117795726e+05 -1.573561674254250198e+00
2.690000000000000000e+02 1.306087970733642578e-01 6.048409247196156066e+05 -1.391722621446872310e+00
2.700000000000000000e+02 2.061054706573486328e-01 5.668809031198511366e+05 -1.504139206773391191e+00
2.710000000000000000e+02 1.260719299316406250e-01 5.342948697237612214e+05 -1.577258630876904322e+00
2.720000000000000000e+02 1.264379024505615234e-01 5.209819566329341033e+05 -1.552529871340435408e+00
2.730000000000000000e+02 1.617493629455566406e-01 5.089628014005355071e+05 -1.526334653538058417e+00
2.740000000000000000e+02 1.757338047027587891e-01 4.993155946564806509e+05 -1.494072103316120392e+00
2.750000000000000000e+02 1.263825893402099609e-01 4.975701257235085941e+05 -1.432674250835095586e+00
2.760000000000000000e+02 1.275458335876464844e-01 5.710405003013898386e+05 -1.059940112028432191e+00
2.770000000000000000e+02 1.234381198883056641e-01 7.509727357756402344e+05 -2.663045974297366669e-01
2.780000000000000000e+02 1.267502307891845703e-01 7.013689810673514148e+05 -4.755962673255195172e-01
2.790000000000000000e+02 1.246514320373535156e-01 7.026202203955427976e+05 -4.626064766133770045e-01
2.800000000000000000e+02 1.250123977661132812e-01 7.131020972268657060e+05 -4.095252725371186231e-01
2.810000000000000000e+02 1.297397613525390625e-01 7.380787752919030609e+05 -2.928619251861953043e-01
2.820000000000000000e+02 1.260557174682617188e-01 7.838968570538745262e+05 -8.346670831048787209e-02
2.830000000000000000e+02 1.244163513183593750e-01 7.844736925524823600e+05 -7.986445261730540368e-02
2.840000000000000000e+02 1.285583972930908203e-01 7.569098523447886109e+05 -2.056573559801531947e-01
2.850000000000000000e+02 1.519756317138671875e-01 7.474942207888538251e+05 -2.470361731145017392e-01
2.860000000000000000e+02 1.743855476379394531e-01 8.278668959497034084e+05 1.335492691778195351e-01
2.870000000000000000e+02 1.321160793304443359e-01 9.132630870080575114e+05 5.378779945885465708e-01
2.880000000000000000e+02 1.267507076263427734e-01 8.856673835745926481e+05 3.984223302865795291e-01
2.890000000000000000e+02 1.366608142852783203e-01 9.127420760095191654e+05 5.245225731777227729e-01
2.900000000000000000e+02 1.684963703155517578e-01 9.029144453550308244e+05 4.699120854672871883e-01
2.910000000000000000e+02 1.358039379119873047e-01 9.028416480029936647e+05 4.638834360355274522e-01
2.920000000000000000e+02 1.572048664093017578e-01 9.215336215296738083e+05 5.509192275844462250e-01
2.930000000000000000e+02 1.268403530120849609e-01 9.174573171306789154e+05 5.237713607218634770e-01
2.940000000000000000e+02 1.400272846221923828e-01 8.923818946798929246e+05 3.916982918174213846e-01
2.950000000000000000e+02 1.637716293334960938e-01 1.038684746501949383e+06 1.127735136233126712e+00
2.960000000000000000e+02 3.125429153442382812e-01 1.056845075488240691e+06 1.196355844622295272e+00
2.970000000000000000e+02 1.256005764007568359e-01 1.186408382602559170e+06 1.822263639836025684e+00
2.980000000000000000e+02 1.768765449523925781e-01 1.189876226714215241e+06 1.772288503462123188e+00
2.990000000000000000e+02 1.733040809631347656e-01 1.202016369202000089e+06 1.769487582114438684e+00
