1.745372802128197253e+07
1.000000000000000000e+00 2.538349628448486328e-01 1.429263445175979286e+05 0.000000000000000000e+00
2.000000000000000000e+00 3.235282897949218750e-01 1.426049980549652246e+05 7.019423160597125788e-01
3.000000000000000000e+00 2.781774997711181641e-01 8.404577572724920174e+04 -5.805611740790900255e-01
4.000000000000000000e+00 3.647818565368652344e-01 1.261520677783862920e+05 4.556869359267604058e-01
5.000000000000000000e+00 4.872508049011230469e-01 1.031874214015929028e+05 -1.776213224323319184e-01
6.000000000000000000e+00 5.809414386749267578e-01 1.050490913107491797e+05 -1.118848265913394979e-01
7.000000000000000000e+00 4.952282905578613281e-01 1.159622665111858514e+05 2.354382052212806165e-01
8.000000000000000000e+00 4.241843223571777344e-01 1.013507195579589024e+05 -2.686485208601866459e-01
9.000000000000000000e+00 5.196926593780517578e-01 1.145808776033926551e+05 2.182844546726948054e-01
1.000000000000000000e+01 5.181906223297119141e-01 1.039860756537161651e+05 -1.923688103191125431e-01
1.100000000000000000e+01 5.850887298583984375e-01 9.086887686974361714e+04 -7.052856231705784129e-01
1.200000000000000000e+01 6.025192737579345703e-01 1.224202010516599257e+05 6.229650567005488027e-01
1.300000000000000000e+01 6.143715381622314453e-01 1.017684929516829579e+05 -2.741846276176264086e-01
1.400000000000000000e+01 5.861687660217285156e-01 1.121833193312270596e+05 1.886272716502939983e-01
1.500000000000000000e+01 7.030389308929443359e-01 9.684841468279885885e+04 -5.086136051435180550e-01
1.600000000000000000e+01 6.270289421081542969e-01 1.177712236084699107e+05 4.783097836690644589e-01
1.700000000000000000e+01 7.765221595764160156e-01 1.626813309973699215e+05 2.591550198301045160e+00
1.800000000000000000e+01 7.342712879180908203e-01 1.410438763563803805e+05 1.239846645809217884e+00
1.900000000000000000e+01 7.474794387817382812e-01 2.140178179546225874e+05 4.141263113452940736e+00
1.900000000000000000e+01 1.535538196563720703e+00 2.018974263358210446e+05 0.000000000000000000e+00
2.000000000000000000e+01 8.021335601806640625e-01 2.884525050255993265e+05 0.000000000000000000e+00
2.100000000000000000e+01 8.199081420898437500e-01 1.845340049251063319e+05 -9.908057439734880845e-01
2.200000000000000000e+01 7.581918239593505859e-01 2.311638165563279472e+05 1.114232604674974536e-01
2.300000000000000000e+01 8.530092239379882812e-01 1.820835809976545861e+05 -9.752277267315375697e-01
2.400000000000000000e+01 8.726506233215332031e-01 1.419729302119245986e+05 -1.712618202695311842e+00
2.500000000000000000e+01 8.740510940551757812e-01 1.333991031359579356e+05 -1.428092126568362152e+00
2.600000000000000000e+01 9.191429615020751953e-01 1.420553647391134000e+05 -9.914753812475516348e-01
2.700000000000000000e+01 9.354569911956787109e-01 1.321696333984820230e+05 -1.064101750570856542e+00
2.800000000000000000e+01 9.245154857635498047e-01 1.298517069057094632e+05 -9.894913189112858332e-01
2.900000000000000000e+01 1.021565437316894531e+00 1.031193025122324907e+05 -1.407392671770175463e+00
3.000000000000000000e+01 9.670932292938232422e-01 1.546334380060882249e+05 -2.837614483343214866e-01
3.100000000000000000e+01 1.035634040832519531e+00 1.807401279685243207e+05 2.298799127952353971e-01
3.200000000000000000e+01 9.410071372985839844e-01 1.971571619634518574e+05 5.499269054198587803e-01
3.300000000000000000e+01 9.118688106536865234e-01 1.545580934647200920e+05 -3.523716835069994890e-01
3.400000000000000000e+01 1.053737163543701172e+00 1.381511575739959662e+05 -6.890586717476513412e-01
3.500000000000000000e+01 1.171281576156616211e+00 1.318405424520963279e+05 -7.951804096866298410e-01
3.600000000000000000e+01 1.113721370697021484e+00 1.155106613074615016e+05 -1.116875135982462020e+00
3.700000000000000000e+01 1.168285369873046875e+00 1.229917651522097003e+05 -8.858156296805960173e-01
3.800000000000000000e+01 1.213747501373291016e+00 1.379967463045300974e+05 -5.148859464126585017e-01
3.900000000000000000e+01 1.280718803405761719e+00 1.417823280858287471e+05 -4.140303168194153782e-01
4.000000000000000000e+01 1.256076097488403320e+00 1.293832453494402289e+05 -6.873680257916835457e-01
4.100000000000000000e+01 1.285259008407592773e+00 1.458141046902019589e+05 -2.827861078968428865e-01
4.200000000000000000e+01 1.315067291259765625e+00 1.271338192830232583e+05 -7.201634071392831737e-01
4.300000000000000000e+01 1.246470451354980469e+00 1.429158712841070374e+05 -3.187076484712002000e-01
4.400000000000000000e+01 1.333731889724731445e+00 1.363952871031679970e+05 -4.715497968074222612e-01
4.500000000000000000e+01 1.377387523651123047e+00 1.524909090075410495e+05 -6.023241507587343696e-02
4.600000000000000000e+01 1.395615339279174805e+00 1.359361154519635020e+05 -4.791819591450475757e-01
4.700000000000000000e+01 1.421422243118286133e+00 1.402637796354559541e+05 -3.574564229899280243e-01
4.800000000000000000e+01 1.383355140686035156e+00 1.327406503616460250e+05 -5.474619764466109872e-01
4.900000000000000000e+01 1.520357370376586914e+00 1.516921497655576386e+05 -3.387556626157030293e-02
5.000000000000000000e+01 1.444682121276855469e+00 1.540051295170303783e+05 2.896390765670399034e-02
5.100000000000000000e+01 1.466596364974975586e+00 1.596702376564768492e+05 1.836480381123258010e-01
5.200000000000000000e+01 1.422048091888427734e+00 1.656555405794060207e+05 3.472654028162392992e-01
5.300000000000000000e+01 1.477028131484985352e+00 1.459161800877944333e+05 -2.147161445195804874e-01
5.400000000000000000e+01 1.514954566955566406e+00 1.519715601310438651e+05 -3.844967361504844638e-02
5.500000000000000000e+01 1.748571395874023438e+00 1.175644491595045401e+05 -1.035975490701328994e+00
5.600000000000000000e+01 1.651759386062622070e+00 1.228219954614866001e+05 -8.549450864254520832e-01
5.700000000000000000e+01 1.781521081924438477e+00 1.189195869203588809e+05 -9.492800456011486476e-01
5.800000000000000000e+01 1.928986549377441406e+00 1.876227322826655582e+05 1.076246746565115764e+00
5.900000000000000000e+01 1.605261087417602539e+00 2.255051868994066026e+05 2.150039277117812286e+00
6.000000000000000000e+01 1.520045518875122070e+00 1.646869477896222088e+05 3.142044914912839881e-01
6.100000000000000000e+01 1.655823469161987305e+00 1.393277707139559498e+05 -4.053650514712641151e-01
6.200000000000000000e+01 1.918232917785644531e+00 1.604041966156099807e+05 2.007634826983336063e-01
6.300000000000000000e+01 1.792486667633056641e+00 1.441651663585069764e+05 -2.696722298320225475e-01
6.400000000000000000e+01 1.807993412017822266e+00 1.672512670631973888e+05 4.061036691680326438e-01
6.500000000000000000e+01 1.847764015197753906e+00 1.986044540520467272e+05 1.323135057979401230e+00
6.600000000000000000e+01 1.900845766067504883e+00 1.863337668398142850e+05 9.269387068257547435e-01
6.700000000000000000e+01 1.790922403335571289e+00 2.227108774911185028e+05 1.972619143715088397e+00
6.800000000000000000e+01 1.879226207733154297e+00 2.627659698003406520e+05 3.016252064718947690e+00
6.800000000000000000e+01 3.786569833755493164e+00 1.464767523144179722e+05 0.000000000000000000e+00
6.900000000000000000e+01 1.927653789520263672e+00 2.048161089163272991e+05 0.000000000000000000e+00
7.000000000000000000e+01 2.026532888412475586e+00 2.057106977620302059e+05 7.287926507612444427e-01
7.100000000000000000e+01 1.928580284118652344e+00 2.228768408277903800e+05 1.096205692299797807e+00
7.200000000000000000e+01 2.034790515899658203e+00 2.501757673132306372e+05 1.653849160735441526e+00
7.300000000000000000e+01 2.079103708267211914e+00 1.976043840213863587e+05 -2.211404785950692731e-01
7.400000000000000000e+01 2.035998821258544922e+00 2.009915088798815850e+05 -1.058832798160402877e-01
7.500000000000000000e+01 2.118826150894165039e+00 2.177351974065205723e+05 4.368597566215650096e-01
7.600000000000000000e+01 2.155076503753662109e+00 2.057961509360807831e+05 -7.697700204315118943e-05
7.700000000000000000e+01 2.109711408615112305e+00 2.367707103469598806e+05 1.129660377422812223e+00
7.800000000000000000e+01 2.108434438705444336e+00 2.622734112032297417e+05 1.930985539175844812e+00
7.900000000000000000e+01 2.180669784545898438e+00 2.964027980167130008e+05 2.686297250704733131e+00
8.000000000000000000e+01 2.171296119689941406e+00 3.139277209019538714e+05 2.467048810816845794e+00
8.100000000000000000e+01 2.158018827438354492e+00 1.812748428566836810e+05 -1.045766166740377257e+00
8.200000000000000000e+01 2.250023126602172852e+00 2.365654174015535391e+05 2.712352450430016715e-01
8.300000000000000000e+01 2.686836242675781250e+00 4.829323787124840892e+05 5.988728571251678900e+00
8.300000000000000000e+01 1.093626022338867188e-03 4.003503296076224797e+04 0.000000000000000000e+00
8.400000000000000000e+01 7.597970962524414062e-01 3.269955475300554535e+05 9.429601535432006187e+00
8.400000000000000000e+01 8.008480072021484375e-04 4.562906661258895474e+04 0.000000000000000000e+00
8.500000000000000000e+01 8.396446704864501953e-01 3.474882673436747282e+05 8.648626467216674385e+00
8.500000000000000000e+01 7.767677307128906250e-04 4.279530946936878900e+04 0.000000000000000000e+00
8.600000000000000000e+01 7.988359928131103516e-01 3.247673242381967138e+05 8.610938874755399652e+00
8.600000000000000000e+01 7.803440093994140625e-04 4.998760810843397485e+04 0.000000000000000000e+00
8.700000000000000000e+01 2.797675132751464844e-01 1.787146682389628259e+05 2.934746893550402635e+00
8.800000000000000000e+01 3.395881652832031250e-01 1.406570805664788641e+05 4.791926563109426551e-01
8.900000000000000000e+01 3.375790119171142578e-01 1.600272910966835625e+05 7.731271572766286182e-01
9.000000000000000000e+01 5.104372501373291016e-01 2.435892171997081023e+05 2.286021001345138970e+00
9.100000000000000000e+01 4.953505992889404297e-01 1.620689247399226006e+05 2.490368961319746888e-01
9.200000000000000000e+01 4.746844768524169922e-01 1.655178298658759159e+05 2.890594340069964630e-01
9.300000000000000000e+01 4.287197589874267578e-01 1.980106799853776174e+05 8.426021080201214764e-01
9.400000000000000000e+01 5.164382457733154297e-01 1.421943270351483370e+05 -2.375293482308243054e-01
9.500000000000000000e+01 5.473599433898925781e-01 1.752254408439583494e+05 4.024216634012831029e-01
9.600000000000000000e+01 5.739610195159912109e-01 1.428600821249568835e+05 -2.613364503571946051e-01
9.700000000000000000e+01 4.447035789489746094e-01 1.518255735069085495e+05 -6.399435537397746288e-02
9.800000000000000000e+01 6.361067295074462891e-01 1.470128758592303202e+05 -1.662204556575447301e-01
9.900000000000000000e+01 5.648150444030761719e-01 1.216023939499113476e+05 -7.343222976352759002e-01
1.000000000000000000e+02 6.150569915771484375e-01 1.456901695334659889e+05 -1.439714932528960434e-01
1.010000000000000000e+02 6.930687427520751953e-01 1.415782458529554424e+05 -2.374163889294611807e-01
1.020000000000000000e+02 6.387407779693603516e-01 1.287187618601369904e+05 -5.457102340902272308e-01
1.030000000000000000e+02 6.674504280090332031e-01 1.304090216979967518e+05 -4.842929970183977306e-01
1.040000000000000000e+02 6.218299865722656250e-01 1.510624540315047780e+05 6.002597108719567864e-02
1.050000000000000000e+02 7.567048072814941406e-01 1.059682122935584484e+05 -1.128132387468300468e+00
1.060000000000000000e+02 8.028821945190429688e-01 1.502288512416741578e+05 8.988961612275650492e-02
1.070000000000000000e+02 8.229453563690185547e-01 1.408611152404044115e+05 -1.633292634530967846e-01
1.080000000000000000e+02 7.776279449462890625e-01 1.493670897829312598e+05 7.354246286936676202e-02
1.090000000000000000e+02 8.549349308013916016e-01 1.517219139233017631e+05 1.380992017546242012e-01
1.100000000000000000e+02 9.011964797973632812e-01 1.325379450189081545e+05 -4.140317782607907948e-01
1.110000000000000000e+02 8.496022224426269531e-01 1.546782958174490195e+05 2.400070909090711579e-01
1.120000000000000000e+02 8.454694747924804688e-01 1.164042433582131489e+05 -9.002873786265266354e-01
1.130000000000000000e+02 9.032080173492431641e-01 1.522462118455479795e+05 1.962141454805926832e-01
1.140000000000000000e+02 1.052446603775024414e+00 1.438686395388325909e+05 -6.121633569480079695e-02
1.150000000000000000e+02 9.114890098571777344e-01 1.321487155904129613e+05 -4.218341851363490158e-01
1.160000000000000000e+02 9.443335533142089844e-01 1.422383283320218907e+05 -9.827997513170377841e-02
1.170000000000000000e+02 9.522602558135986328e-01 1.657344534145746438e+05 6.504486497630213027e-01
1.180000000000000000e+02 1.014369487762451172e+00 1.423343510875375068e+05 -1.144841580118349661e-01
1.190000000000000000e+02 1.044572591781616211e+00 1.548412467822776234e+05 2.947827875973763612e-01
1.200000000000000000e+02 1.037737846374511719e+00 1.722270580193813657e+05 8.646866736153269173e-01
1.210000000000000000e+02 1.128809928894042969e+00 1.379478800645753217e+05 -2.929901010514459614e-01
1.220000000000000000e+02 1.171882629394531250e+00 1.547784063580986694e+05 2.767008102200980701e-01
1.230000000000000000e+02 1.147075653076171875e+00 1.623964026096384914e+05 5.320646827905336496e-01
1.240000000000000000e+02 1.146481275558471680e+00 1.716531267021732347e+05 8.414495489641214965e-01
1.250000000000000000e+02 1.198346138000488281e+00 1.387613523956837307e+05 -3.108245452044989809e-01
1.260000000000000000e+02 1.179730892181396484e+00 1.556848207710694987e+05 2.837172521841746509e-01
1.270000000000000000e+02 1.263548612594604492e+00 1.320059898609319644e+05 -5.554604537428790012e-01
1.280000000000000000e+02 1.393656730651855469e+00 1.775885604634262272e+05 1.074971608026131786e+00
1.290000000000000000e+02 1.232574224472045898e+00 2.560790345973528165e+05 3.837906355912843015e+00
1.290000000000000000e+02 2.489474296569824219e+00 1.304451771971963171e+05 0.000000000000000000e+00
1.300000000000000000e+02 1.290895938873291016e+00 1.561747026628967142e+05 0.000000000000000000e+00
1.310000000000000000e+02 1.899931430816650391e+00 2.747816836843132041e+05 7.226294295010731616e+00
1.310000000000000000e+02 1.013517379760742188e-03 3.209564034813726175e+04 0.000000000000000000e+00
1.320000000000000000e+02 8.375098705291748047e-01 2.436001500332228607e+05 8.612306785742935844e+00
1.320000000000000000e+02 8.828639984130859375e-04 4.158322177121318964e+04 0.000000000000000000e+00
1.330000000000000000e+02 8.760077953338623047e-01 2.714085531962629175e+05 7.109076930273727335e+00
1.330000000000000000e+02 8.039474487304687500e-04 3.602997722548218007e+04 0.000000000000000000e+00
1.340000000000000000e+02 3.231415748596191406e-01 1.675031232255333161e+05 4.453349052508253081e+00
1.340000000000000000e+02 6.063234806060791016e-01 1.682164141215757118e+05 0.000000000000000000e+00
1.350000000000000000e+02 2.524740695953369141e-01 1.263520391269078536e+05 0.000000000000000000e+00
1.360000000000000000e+02 3.208432197570800781e-01 1.285140674944921193e+05 -6.340716566907810270e-01
1.370000000000000000e+02 3.189747333526611328e-01 1.201158314994996472e+05 -8.871748786767479356e-01
1.380000000000000000e+02 4.638500213623046875e-01 8.115042897514103970e+04 -2.495104230713483862e+00
1.390000000000000000e+02 5.019946098327636719e-01 2.730305844700036687e+05 4.789115261599936169e+00
1.390000000000000000e+02 9.602620601654052734e-01 2.721147898908121279e+05 0.000000000000000000e+00
1.400000000000000000e+02 3.694546222686767578e-01 1.186914534052763483e+05 0.000000000000000000e+00
1.410000000000000000e+02 4.894971847534179688e-01 2.760932491264798446e+05 7.437791097730153123e-01
1.420000000000000000e+02 7.006952762603759766e-01 1.200961612319413107e+05 -1.138765456476839466e+00
1.430000000000000000e+02 4.891288280487060547e-01 1.090119634835706674e+05 -9.820722597141677834e-01
1.440000000000000000e+02 5.917866230010986328e-01 1.068483318247501593e+05 -8.340409151753981343e-01
1.450000000000000000e+02 5.767276287078857422e-01 1.172666945105588675e+05 -6.007421054666477467e-01
1.460000000000000000e+02 5.175645351409912109e-01 1.153598218617652601e+05 -5.718059412562684907e-01
1.470000000000000000e+02 5.226836204528808594e-01 1.192855287072282954e+05 -4.749343599949336636e-01
1.480000000000000000e+02 5.627117156982421875e-01 1.034133334359777655e+05 -6.710380566056779461e-01
1.490000000000000000e+02 5.858304500579833984e-01 1.332615907900148595e+05 -1.850505180073940270e-01
1.500000000000000000e+02 6.514418125152587891e-01 1.148854622911207844e+05 -4.619943897107877673e-01
1.510000000000000000e+02 5.857398509979248047e-01 1.629602888298734615e+05 3.345001010134787678e-01
1.520000000000000000e+02 7.101624011993408203e-01 1.189858536840761080e+05 -4.153864886192404904e-01
1.530000000000000000e+02 7.560453414916992188e-01 1.143318192395390215e+05 -4.793935218565633094e-01
1.540000000000000000e+02 7.610926628112792969e-01 1.329250238918722607e+05 -1.291827826650230326e-01
1.550000000000000000e+02 7.641832828521728516e-01 1.296837894541803544e+05 -1.850470480957196462e-01
1.560000000000000000e+02 8.183910846710205078e-01 1.491631305559618631e+05 1.908329247201685230e-01
1.570000000000000000e+02 8.714845180511474609e-01 1.339514703374326928e+05 -1.123449011711449008e-01
1.580000000000000000e+02 9.813957214355468750e-01 1.417150265409334388e+05 4.692489942472959780e-02
1.590000000000000000e+02 8.941531181335449219e-01 1.538540047096760245e+05 2.970351969792732749e-01
1.600000000000000000e+02 9.094467163085937500e-01 1.287691596118270390e+05 -2.418886091025902740e-01
1.610000000000000000e+02 9.492766857147216797e-01 1.336082045618865523e+05 -1.313524646576085808e-01
1.620000000000000000e+02 1.236492872238159180e+00 1.452353107443207409e+05 1.293660348422850104e-01
1.630000000000000000e+02 9.917087554931640625e-01 1.629043553643987107e+05 5.273152062917287886e-01
1.640000000000000000e+02 9.829928874969482422e-01 2.055916645681871159e+05 1.497086436766595918e+00
1.650000000000000000e+02 9.899582862854003906e-01 1.609405665898467414e+05 4.021501579770954682e-01
1.660000000000000000e+02 1.096677303314208984e+00 1.679418055406031199e+05 5.539395421120225649e-01
1.670000000000000000e+02 1.050033807754516602e+00 1.918336502384433115e+05 1.095351007090440643e+00
1.680000000000000000e+02 1.122031927108764648e+00 2.074363577118063986e+05 1.415433976775336777e+00
1.690000000000000000e+02 1.086273193359375000e+00 2.013934051193818159e+05 1.209130025667933594e+00
1.700000000000000000e+02 1.123940706253051758e+00 3.398607124888359103e+05 4.292293228948651063e+00
1.700000000000000000e+02 2.178670406341552734e+00 2.644237958696111455e+05 0.000000000000000000e+00
1.710000000000000000e+02 1.142230033874511719e+00 1.461962382226467598e+05 0.000000000000000000e+00
1.720000000000000000e+02 1.236059904098510742e+00 1.290151732573182235e+05 -9.126231224995892122e-01
1.730000000000000000e+02 1.074238538742065430e+00 2.367669488296024210e+05 7.716768190045645293e-01
1.740000000000000000e+02 1.273875236511230469e+00 2.590333702125877317e+05 9.753328918544289516e-01
1.750000000000000000e+02 1.195155858993530273e+00 2.504623253841639671e+05 6.719043175456843597e-01
1.760000000000000000e+02 1.364001512527465820e+00 2.062085706574039068e+05 -1.342459611968985500e-01
1.770000000000000000e+02 1.323960304260253906e+00 2.158681755804005370e+05 4.908062293256624381e-02
1.780000000000000000e+02 1.284942388534545898e+00 2.107483274820084043e+05 -5.375448970066200316e-02
1.790000000000000000e+02 1.292083740234375000e+00 2.367956722189545690e+05 4.934301625918001699e-01
1.800000000000000000e+02 1.429702758789062500e+00 2.113437103946871357e+05 -9.205244492598144146e-02
1.810000000000000000e+02 1.808755636215209961e+00 4.916590728929156903e+05 6.372593468301638531e+00
1.810000000000000000e+02 1.027107238769531250e-03 3.650776880057835660e+04 0.000000000000000000e+00
1.820000000000000000e+02 8.642172813415527344e-01 5.031116537901872653e+05 1.736788284671497706e+01
1.820000000000000000e+02 7.967948913574218750e-04 5.553386510535120760e+04 0.000000000000000000e+00
1.830000000000000000e+02 1.080270290374755859e+00 3.619982474771562847e+05 7.097249805777144260e+00
1.830000000000000000e+02 8.172988891601562500e-04 5.209572609904723504e+04 0.000000000000000000e+00
1.840000000000000000e+02 2.797136306762695312e-01 2.161468188168615743e+05 3.746296551796311824e+00
1.840000000000000000e+02 5.300595760345458984e-01 2.189732986286424857e+05 0.000000000000000000e+00
1.850000000000000000e+02 3.231964111328125000e-01 1.559496194736518955e+05 0.000000000000000000e+00
1.860000000000000000e+02 3.410985469818115234e-01 2.029587108138190524e+05 3.477490352218738368e-01
1.870000000000000000e+02 3.243768215179443359e-01 1.770212211642575858e+05 -4.764102600038043756e-01
1.880000000000000000e+02 4.408497810363769531e-01 2.488595492645390623e+05 2.158325686810142585e+00
1.890000000000000000e+02 3.958125114440917969e-01 2.648728088415078237e+05 1.774691659062608062e+00
1.900000000000000000e+02 4.355452060699462891e-01 2.337970877808084479e+05 5.376043788398450207e-01
1.910000000000000000e+02 3.921010494232177734e-01 1.806664427501716418e+05 -8.733248716568621228e-01
1.920000000000000000e+02 6.375868320465087891e-01 2.019190749171598000e+05 -2.230943574229597437e-01
1.930000000000000000e+02 5.449137687683105469e-01 1.844278251364192984e+05 -7.024006303309788812e-01
1.940000000000000000e+02 4.988710880279541016e-01 1.820519619768098346e+05 -7.215037261796063417e-01
1.950000000000000000e+02 6.062302589416503906e-01 2.078980987891826662e+05 9.578606275827998562e-02
1.960000000000000000e+02 6.631832122802734375e-01 1.532871995362339367e+05 -1.612900812287135777e+00
1.970000000000000000e+02 8.285737037658691406e-01 1.690975684695224627e+05 -9.417613835667040245e-01
1.980000000000000000e+02 7.916810512542724609e-01 1.629218626801309583e+05 -1.064185612285467375e+00
1.990000000000000000e+02 6.995079517364501953e-01 1.827739232792993425e+05 -4.019195592765995029e-01
2.000000000000000000e+02 7.143435478210449219e-01 2.156997196900518902e+05 6.183412788556279516e-01
2.010000000000000000e+02 6.196839809417724609e-01 2.254202498260633438e+05 8.971764697518191944e-01
2.020000000000000000e+02 8.547070026397705078e-01 1.813874277054082777e+05 -5.298980986431579554e-01
2.030000000000000000e+02 7.467284202575683594e-01 1.599598678376897587e+05 -1.199863981793336531e+00
2.040000000000000000e+02 7.749826908111572266e-01 1.468991091305436858e+05 -1.543931319470235985e+00
2.050000000000000000e+02 7.813086509704589844e-01 1.550342234219154925e+05 -1.175218101879592192e+00
2.060000000000000000e+02 1.067211389541625977e+00 1.880673978830058477e+05 -1.033919258353743487e-01
2.070000000000000000e+02 8.518583774566650391e-01 2.027197767156973714e+05 3.572327395021984153e-01
2.080000000000000000e+02 8.993577957153320312e-01 1.857657463792898343e+05 -1.917913001102598547e-01
2.090000000000000000e+02 9.879786968231201172e-01 2.003927281189538189e+05 2.883627057367471047e-01
2.100000000000000000e+02 8.340175151824951172e-01 1.688314840606885846e+05 -7.646587148210136631e-01
2.110000000000000000e+02 1.011570692062377930e+00 1.766708475620489335e+05 -4.802868703344414514e-01
2.120000000000000000e+02 1.040547370910644531e+00 1.966725464890242438e+05 2.091892792676561252e-01
2.130000000000000000e+02 1.007215976715087891e+00 1.699444742755643383e+05 -7.179369170027491975e-01
2.140000000000000000e+02 1.025000095367431641e+00 1.955614149432907579e+05 1.927375071774493076e-01
2.150000000000000000e+02 1.066865444183349609e+00 2.152625960576752841e+05 8.875414800583391051e-01
2.160000000000000000e+02 1.055057764053344727e+00 1.949948089412811969e+05 1.423274237178531187e-01
2.170000000000000000e+02 1.181612968444824219e+00 2.305973948575030081e+05 1.426163713074276806e+00
2.180000000000000000e+02 1.097075223922729492e+00 1.783546560600702651e+05 -4.955582103640351899e-01
2.190000000000000000e+02 1.133314371109008789e+00 2.357739622550923086e+05 1.580465841134299554e+00
2.200000000000000000e+02 1.116954803466796875e+00 2.934243871716424474e+05 3.540700995431390385e+00
2.200000000000000000e+02 2.316120386123657227e+00 1.281516219806797599e+05 0.000000000000000000e+00
2.210000000000000000e+02 1.173674106597900391e+00 1.938511186304379662e+05 0.000000000000000000e+00
2.220000000000000000e+02 1.257061958312988281e+00 1.520541163455425994e+05 -1.925939853649999423e-01
2.230000000000000000e+02 1.199179649353027344e+00 1.567582094731132674e+05 -3.791317029360499746e-02
2.240000000000000000e+02 1.146450281143188477e+00 1.747274489953996090e+05 6.268241346790150992e-01
2.250000000000000000e+02 1.291233777999877930e+00 2.096258964617179590e+05 1.962555709118833036e+00
2.260000000000000000e+02 1.280905961990356445e+00 2.049988777401567495e+05 1.206103543378482357e+00
2.270000000000000000e+02 1.260185241699218750e+00 2.420600769300990214e+05 2.236700635999651521e+00
2.280000000000000000e+02 1.387309312820434570e+00 2.261382312102203432e+05 1.175671828472931946e+00
2.290000000000000000e+02 1.369261026382446289e+00 2.662572481893520453e+05 2.103003146036185989e+00
2.300000000000000000e+02 1.397828817367553711e+00 2.705951981521868729e+05 1.740991376372331256e+00
2.310000000000000000e+02 1.450664997100830078e+00 3.930044154307621648e+05 4.075900143313965884e+00
2.310000000000000000e+02 2.870327711105346680e+00 3.492090669812611304e+05 0.000000000000000000e+00
2.320000000000000000e+02 1.362884044647216797e+00 1.726959706318401441e+05 0.000000000000000000e+00
2.330000000000000000e+02 1.416882991790771484e+00 1.778470179784021166e+05 -6.658368631544413496e-01
2.340000000000000000e+02 1.483016729354858398e+00 2.405448962349884969e+05 7.261105774790831136e-02
2.350000000000000000e+02 1.444993019104003906e+00 2.091487832476702170e+05 -3.157675844075467642e-01
2.360000000000000000e+02 1.498592138290405273e+00 2.610939690033140359e+05 4.331456064315787891e-01
2.370000000000000000e+02 1.580944538116455078e+00 2.487874009305596119e+05 2.085360268165549757e-01
2.380000000000000000e+02 1.558918952941894531e+00 2.557849511557722872e+05 3.113490485938018026e-01
2.390000000000000000e+02 1.559443712234497070e+00 2.558839746253331832e+05 2.939650850902043588e-01
2.400000000000000000e+02 1.572163343429565430e+00 2.533332594206157664e+05 2.294919982337479403e-01
2.410000000000000000e+02 2.237300395965576172e+00 9.631827708069648361e+05 1.444270076012693416e+01
2.410000000000000000e+02 1.048564910888671875e-03 3.326603102634041716e+04 0.000000000000000000e+00
2.420000000000000000e+02 8.944020271301269531e-01 9.144525952500657877e+05 3.675410971077783984e+01
2.420000000000000000e+02 7.696151733398437500e-04 4.663647490556474804e+04 0.000000000000000000e+00
2.430000000000000000e+02 8.467772006988525391e-01 8.427206867855722085e+05 2.343350615132020920e+01
2.430000000000000000e+02 7.691383361816406250e-04 4.358192309726487292e+04 0.000000000000000000e+00
2.440000000000000000e+02 7.784483432769775391e-01 7.961218576141302474e+05 2.371247147482442585e+01
2.440000000000000000e+02 9.801387786865234375e-04 5.761102063703979366e+04 0.000000000000000000e+00
2.450000000000000000e+02 3.550329208374023438e-01 2.053301063423217565e+05 2.919045509048203257e+00
2.460000000000000000e+02 2.871422767639160156e-01 1.718862580975611345e+05 6.155819051707881462e-01
2.470000000000000000e+02 2.963829040527343750e-01 1.538381681120604044e+05 2.512962861123848035e-01
2.480000000000000000e+02 4.279141426086425781e-01 2.298345204444300034e+05 1.569720854185929326e+00
2.490000000000000000e+02 3.384323120117187500e-01 1.928553021999181947e+05 5.964748464116876869e-01
2.500000000000000000e+02 4.608137607574462891e-01 3.165410973662818433e+05 2.650878185718176017e+00
2.510000000000000000e+02 4.791104793548583984e-01 1.567916437250670278e+05 -3.051669184450522265e-01
2.520000000000000000e+02 6.179475784301757812e-01 1.496827835224065639e+05 -3.859907190056357518e-01
2.530000000000000000e+02 4.991784095764160156e-01 1.866130551749063306e+05 1.684748691571424095e-01
2.540000000000000000e+02 5.762422084808349609e-01 1.551823981073433533e+05 -3.170642586928211770e-01
2.550000000000000000e+02 5.071690082550048828e-01 2.060715016376996064e+05 5.050207775715976899e-01
2.560000000000000000e+02 5.997519493103027344e-01 1.885747815981087042e+05 1.945083787834971933e-01
2.570000000000000000e+02 5.863752365112304688e-01 1.932410019493407453e+05 2.673382732485356517e-01
2.580000000000000000e+02 7.016470432281494141e-01 2.099197980068869656e+05 5.528631292490449045e-01
2.590000000000000000e+02 6.197412014007568359e-01 2.043913622465804219e+05 4.310385004400625886e-01
2.600000000000000000e+02 6.687839031219482422e-01 1.840077919524994795e+05 3.776392780042702596e-02
2.610000000000000000e+02 7.663927078247070312e-01 1.897480705377600971e+05 1.467163528345950263e-01
2.620000000000000000e+02 7.481069564819335938e-01 1.926494525551203988e+05 2.000909428955376934e-01
2.630000000000000000e+02 7.230305671691894531e-01 2.300482768055952620e+05 9.511745979629441239e-01
2.640000000000000000e+02 8.029587268829345703e-01 1.863106741811391548e+05 2.172046959690493440e-02
2.650000000000000000e+02 8.259088993072509766e-01 1.741114673169302696e+05 -2.323505818098396403e-01
2.660000000000000000e+02 7.653448581695556641e-01 2.541123336562744225e+05 1.472895186298169179e+00
2.670000000000000000e+02 7.992093563079833984e-01 2.374775833631331334e+05 1.034042625189635523e+00
2.680000000000000000e+02 8.511617183685302734e-01 2.533628074549596931e+05 1.321877749132212232e+00
2.690000000000000000e+02 9.451456069946289062e-01 2.053882852828778559e+05 2.715172860249711051e-01
2.700000000000000000e+02 9.156541824340820312e-01 1.925307108347032627e+05 -1.911437422730527221e-03
2.710000000000000000e+02 1.061694860458374023e+00 2.088834027402486245e+05 3.456898512653888145e-01
2.720000000000000000e+02 1.300836086273193359e+00 2.044977245557771239e+05 2.444466149057995252e-01
2.730000000000000000e+02 1.123090505599975586e+00 1.992217538132374175e+05 1.243831433700269135e-01
2.740000000000000000e+02 1.010008573532104492e+00 2.566923010859322385e+05 1.405581815125440892e+00
2.750000000000000000e+02 1.068998813629150391e+00 2.651168681060489034e+05 1.527407100423350483e+00
2.760000000000000000e+02 1.039560794830322266e+00 2.054290695412480272e+05 1.644399616760748306e-01
2.770000000000000000e+02 1.045483589172363281e+00 1.696461832012240484e+05 -6.219827636072310373e-01
2.780000000000000000e+02 1.176241636276245117e+00 1.737593309992015420e+05 -5.188787398420695585e-01
2.790000000000000000e+02 1.163511753082275391e+00 2.160712331657547620e+05 4.358276392514657260e-01
2.800000000000000000e+02 1.163684368133544922e+00 2.400557081970327417e+05 9.711760737687186174e-01
2.810000000000000000e+02 1.153914451599121094e+00 2.631008507100707502e+05 1.468246320081684209e+00
2.820000000000000000e+02 1.230611085891723633e+00 2.314045467204304296e+05 7.031057467798136340e-01
2.830000000000000000e+02 1.329790115356445312e+00 2.053226596520994790e+05 1.042758597932994941e-01
2.840000000000000000e+02 1.176778078079223633e+00 2.204049201576200139e+05 4.460610766290732943e-01
2.850000000000000000e+02 1.269269227981567383e+00 1.981296729697160190e+05 -7.192091754943673310e-02
2.860000000000000000e+02 1.270649671554565430e+00 2.152004469579138968e+05 3.257814166973909686e-01
2.870000000000000000e+02 1.311474561691284180e+00 1.811840420890515961e+05 -4.774693819733922817e-01
2.880000000000000000e+02 1.338815212249755859e+00 1.786706992224324495e+05 -5.306166119875564968e-01
2.890000000000000000e+02 1.301069736480712891e+00 1.717599807851853839e+05 -6.884674668623680382e-01
2.900000000000000000e+02 1.440874814987182617e+00 1.603542954591331654e+05 -9.519615524859235123e-01
2.910000000000000000e+02 1.381424903869628906e+00 1.722222477000439249e+05 -6.476119167546685595e-01
2.920000000000000000e+02 1.435331344604492188e+00 2.211706220642147528e+05 5.470547845172233359e-01
2.930000000000000000e+02 1.457276344299316406e+00 2.142492486817751778e+05 3.711857178155530401e-01
2.940000000000000000e+02 1.494131803512573242e+00 2.068712985314578982e+05 1.855454667789065981e-01
2.950000000000000000e+02 1.417804718017578125e+00 2.202844414561995072e+05 5.169583318414187056e-01
2.960000000000000000e+02 1.560270071029663086e+00 1.882551945722239325e+05 -2.905899661930098632e-01
2.970000000000000000e+02 1.558113098144531250e+00 2.474349227620225283e+05 1.206058648728137062e+00
2.980000000000000000e+02 1.626718997955322266e+00 2.906666480969935656e+05 2.266384413915364160e+00
2.990000000000000000e+02 1.566148996353149414e+00 2.633867246752220672e+05 1.486363632153044678e+00
