4.075816263881718367e+07
1.000000000000000000e+00 3.892803192138671875e-02 1.444226249127050687e+05 0.000000000000000000e+00
2.000000000000000000e+00 4.021215438842773438e-02 1.450090338158711093e+05 7.221750416781930193e-01
3.000000000000000000e+00 4.182338714599609375e-02 8.676795750338469225e+04 -1.236601267682198690e+00
4.000000000000000000e+00 4.107522964477539062e-02 1.293437937463180861e+05 3.957175563679444785e-01
5.000000000000000000e+00 5.538511276245117188e-02 1.036851294592882186e+05 -5.290548515795592266e-01
6.000000000000000000e+00 5.507278442382812500e-02 1.195967716364644730e+05 1.187858965803672978e-01
7.000000000000000000e+00 5.722570419311523438e-02 1.363828406659402244e+05 8.015623910095667215e-01
8.000000000000000000e+00 5.493688583374023438e-02 1.324604869139057992e+05 5.578247495544590429e-01
9.000000000000000000e+00 6.237077713012695312e-02 1.241011059781850781e+05 1.477026699125142672e-01
1.000000000000000000e+01 6.490969657897949219e-02 1.356306132017420896e+05 6.846528563775151621e-01
1.100000000000000000e+01 6.739735603332519531e-02 1.371535284457805683e+05 7.150659526301024194e-01
1.200000000000000000e+01 7.205915451049804688e-02 1.639008501529610367e+05 2.003937806366345775e+00
1.300000000000000000e+01 6.820988655090332031e-02 1.519658620103908470e+05 1.134016104119143220e+00
1.400000000000000000e+01 7.492327690124511719e-02 1.561962883628997952e+05 1.234138841760145544e+00
1.500000000000000000e+01 8.379912376403808594e-02 1.388488026297814795e+05 3.716979702081616432e-01
1.600000000000000000e+01 8.011913299560546875e-02 1.517958514487149951e+05 9.459311772513371297e-01
1.700000000000000000e+01 8.337020874023437500e-02 1.862332365446205949e+05 2.463519726794780595e+00
1.800000000000000000e+01 8.908128738403320312e-02 2.090089054753088567e+05 2.975501601682896347e+00
1.900000000000000000e+01 2.133033275604248047e-01 2.653605090121180983e+05 4.285405647553881536e+00
1.900000000000000000e+01 3.351013660430908203e-01 2.213654488655410532e+05 0.000000000000000000e+00
2.000000000000000000e+01 9.747576713562011719e-02 3.345873255101678078e+05 0.000000000000000000e+00
2.100000000000000000e+01 9.712338447570800781e-02 2.282680430978565128e+05 -6.208889700338644513e-01
2.200000000000000000e+01 1.082460880279541016e-01 3.046152264261608943e+05 6.807673224054753280e-01
2.300000000000000000e+01 1.048510074615478516e-01 2.922365486458010855e+05 3.567051222181845116e-01
2.400000000000000000e+01 1.068429946899414062e-01 2.315548846033257432e+05 -9.032764520660918617e-01
2.500000000000000000e+01 1.093699932098388672e-01 2.260923176897300873e+05 -8.922460968706694695e-01
2.600000000000000000e+01 1.137168407440185547e-01 2.106629992624368169e+05 -1.117324225524371606e+00
2.700000000000000000e+01 1.138617992401123047e-01 1.603477231319028069e+05 -2.045101391781447120e+00
2.800000000000000000e+01 1.876347064971923828e-01 2.357480345324700174e+05 -1.802853598783296374e-01
2.900000000000000000e+01 1.205518245697021484e-01 1.909009523380249157e+05 -1.047267196436969527e+00
3.000000000000000000e+01 1.252443790435791016e-01 1.917630321391798789e+05 -9.353694096360350985e-01
3.100000000000000000e+01 1.911091804504394531e-01 2.804212810497330502e+05 8.815426259183409829e-01
3.200000000000000000e+01 1.328706741333007812e-01 3.173792971040961565e+05 1.560383007703123104e+00
3.300000000000000000e+01 1.322407722473144531e-01 3.108642796899250243e+05 1.259365752444673525e+00
3.400000000000000000e+01 1.373908519744873047e-01 3.525258642629032838e+05 1.935593705730886516e+00
3.500000000000000000e+01 1.506710052490234375e-01 2.286376873222280701e+05 -4.668021555073040285e-01
3.600000000000000000e+01 1.749768257141113281e-01 1.207154124440024170e+05 -2.368559164892998670e+00
3.700000000000000000e+01 1.449491977691650391e-01 1.417262432512169762e+05 -1.664951191343443160e+00
3.800000000000000000e+01 1.485657691955566406e-01 2.026029449507129320e+05 -5.849481629432067287e-01
3.900000000000000000e+01 1.494586467742919922e-01 2.843327789618538809e+05 6.995181270305094179e-01
4.000000000000000000e+01 1.542122364044189453e-01 2.264924883152471157e+05 -2.324124794131262051e-01
4.100000000000000000e+01 2.255270481109619141e-01 2.320612176523052622e+05 -1.376006043055944816e-01
4.200000000000000000e+01 2.347531318664550781e-01 2.310887107461507258e+05 -1.506363454187660267e-01
4.300000000000000000e+01 1.607611179351806641e-01 2.503093021072790725e+05 1.752174853269541088e-01
4.400000000000000000e+01 1.870572566986083984e-01 2.545027912197226833e+05 2.436014145919064289e-01
4.500000000000000000e+01 1.652209758758544922e-01 2.984083376303150435e+05 1.006015815021940929e+00
4.600000000000000000e+01 1.681678295135498047e-01 2.876340842472613440e+05 7.808606176876154992e-01
4.700000000000000000e+01 1.680481433868408203e-01 3.134531840076586232e+05 1.213671291185678180e+00
4.800000000000000000e+01 1.735770702362060547e-01 2.544244697129797132e+05 1.308567932048791127e-01
4.900000000000000000e+01 2.388401031494140625e-01 2.642148837107748841e+05 3.028785270414152686e-01
5.000000000000000000e+01 1.794779300689697266e-01 2.648617338264376740e+05 3.093508119858511263e-01
5.100000000000000000e+01 1.821453571319580078e-01 2.825588046476435848e+05 6.286966250462222572e-01
5.200000000000000000e+01 1.834754943847656250e-01 2.663409327983713010e+05 3.152949370739508983e-01
5.300000000000000000e+01 1.988265514373779297e-01 2.451498892464570526e+05 -8.758677327093752907e-02
5.400000000000000000e+01 1.900835037231445312e-01 2.580804711477080418e+05 1.600554429168413451e-01
5.500000000000000000e+01 2.049815654754638672e-01 2.911016173763044644e+05 7.960386133403916098e-01
5.600000000000000000e+01 2.066676616668701172e-01 2.576944640537616215e+05 1.295400935401410936e-01
5.700000000000000000e+01 2.784316539764404297e-01 2.576581183739231492e+05 1.271261372275081514e-01
5.800000000000000000e+01 2.602500915527343750e-01 3.096945120866703801e+05 1.163884382411782825e+00
5.900000000000000000e+01 2.147994041442871094e-01 4.058691163339249906e+05 3.041461590779345858e+00
5.900000000000000000e+01 4.318313598632812500e-01 1.433829927631062455e+05 0.000000000000000000e+00
6.000000000000000000e+01 2.100861072540283203e-01 3.633276124316548230e+05 0.000000000000000000e+00
6.100000000000000000e+01 2.348244190216064453e-01 2.938837309862148250e+05 2.605922035080006638e-01
6.200000000000000000e+01 3.341126441955566406e-01 2.808886283833697089e+05 1.247295055404488290e-01
6.300000000000000000e+01 2.179007530212402344e-01 2.719862176648788736e+05 1.754628054046875746e-02
6.400000000000000000e+01 2.271096706390380859e-01 2.599113812258986582e+05 -1.352239513570599183e-01
6.500000000000000000e+01 2.272074222564697266e-01 3.026999806661481853e+05 4.730678037246308643e-01
6.600000000000000000e+01 2.873375415802001953e-01 3.257765667664314969e+05 7.830837565484812801e-01
6.700000000000000000e+01 2.319185733795166016e-01 3.585194586959286826e+05 1.218839674611693402e+00
6.800000000000000000e+01 2.484586238861083984e-01 3.821078240216690465e+05 1.422441527096165892e+00
6.900000000000000000e+01 2.885365486145019531e-01 3.443293645307011320e+05 6.734257509479233406e-01
7.000000000000000000e+01 2.988662719726562500e-01 3.273957035832135589e+05 3.759521420948825354e-01
7.100000000000000000e+01 2.546136379241943359e-01 3.024357278590706992e+05 -3.267729368539453588e-02
7.200000000000000000e+01 2.610123157501220703e-01 3.337824388656937517e+05 4.824088459911806681e-01
7.300000000000000000e+01 2.519686222076416016e-01 3.096500427231234498e+05 5.396588754233323099e-02
7.400000000000000000e+01 3.475828170776367188e-01 3.695676764392185723e+05 1.103751593756073124e+00
7.500000000000000000e+01 2.664434909820556641e-01 3.984431752259642817e+05 1.534248460389916024e+00
7.600000000000000000e+01 2.763941287994384766e-01 3.709910149674778222e+05 9.298384924079099445e-01
7.700000000000000000e+01 2.786641120910644531e-01 3.547778957986295572e+05 6.084684444518514423e-01
7.800000000000000000e+01 3.559145927429199219e-01 3.459578108989111497e+05 4.350371619111327304e-01
7.900000000000000000e+01 3.470113277435302734e-01 3.305203079065699130e+05 1.503639132975826131e-01
8.000000000000000000e+01 2.875018119812011719e-01 3.610517994790051016e+05 6.987376801577646068e-01
8.100000000000000000e+01 2.967979907989501953e-01 2.999156247184139793e+05 -4.438187645390102576e-01
8.200000000000000000e+01 3.104257583618164062e-01 3.771968274540624698e+05 1.009335588742764855e+00
8.300000000000000000e+01 2.888958454132080078e-01 5.928221865643826313e+05 4.992987528868535030e+00
8.300000000000000000e+01 5.865132808685302734e-01 3.795580379410044407e+05 0.000000000000000000e+00
8.400000000000000000e+01 4.370157718658447266e-01 5.727555495406925911e+05 0.000000000000000000e+00
8.500000000000000000e+01 2.967329025268554688e-01 6.011362232596441172e+05 9.148544553170029348e-01
8.600000000000000000e+01 3.154232501983642578e-01 6.211234717617121059e+05 8.567966826550634796e-01
8.700000000000000000e+01 3.503959178924560547e-01 5.618279109534957679e+05 1.635662302933692525e-01
8.800000000000000000e+01 3.912982940673828125e-01 5.510984907359839417e+05 3.951667311445064557e-02
8.900000000000000000e+01 3.146615028381347656e-01 4.680208033390995697e+05 -9.243238593789572244e-01
9.000000000000000000e+01 3.637735843658447266e-01 5.023182265641557169e+05 -4.046153013579123492e-01
9.100000000000000000e+01 3.234462738037109375e-01 4.468314984698201879e+05 -1.078971337250832940e+00
9.200000000000000000e+01 3.281571865081787109e-01 3.805971919682778534e+05 -1.792031298538667494e+00
9.300000000000000000e+01 4.735996723175048828e-01 4.980462561249874998e+05 -1.201160781473661621e-01
9.400000000000000000e+01 3.399188518524169922e-01 4.429575456209427794e+05 -7.800549932127259778e-01
9.500000000000000000e+01 3.440358638763427734e-01 4.429150674635181786e+05 -7.303954688983080867e-01
9.600000000000000000e+01 3.999068737030029297e-01 4.228979577736189822e+05 -9.409835714271600482e-01
9.700000000000000000e+01 4.378547668457031250e-01 4.020241639493032126e+05 -1.144455561119992915e+00
9.800000000000000000e+01 3.538444042205810547e-01 3.970754029949405231e+05 -1.122021962698082298e+00
9.900000000000000000e+01 4.201893806457519531e-01 4.051707486082320102e+05 -9.444073997843499546e-01
1.000000000000000000e+02 3.910503387451171875e-01 3.692030549552844604e+05 -1.345362524493316281e+00
1.010000000000000000e+02 4.421277046203613281e-01 3.946300452699781163e+05 -9.318281157282126692e-01
1.020000000000000000e+02 3.619439601898193359e-01 5.116087872298933216e+05 5.603367733733131129e-01
1.030000000000000000e+02 3.768701553344726562e-01 5.689382021289443364e+05 1.265303821892020952e+00
1.040000000000000000e+02 5.266761779785156250e-01 5.297925992183265043e+05 7.023061955425651259e-01
1.050000000000000000e+02 4.826710224151611328e-01 5.424914414670467377e+05 8.390837586925495861e-01
1.060000000000000000e+02 4.142439365386962891e-01 5.399582288676187163e+05 7.764503598731167244e-01
1.070000000000000000e+02 4.078454971313476562e-01 5.045504948559294571e+05 2.971121665063619632e-01
1.080000000000000000e+02 4.546051025390625000e-01 6.414403958389547188e+05 2.080146464904655268e+00
1.090000000000000000e+02 4.717917442321777344e-01 6.250361243965207832e+05 1.682525869445914646e+00
1.100000000000000000e+02 4.159593582153320312e-01 5.562430216902549146e+05 7.485157282589145478e-01
1.110000000000000000e+02 4.788987636566162109e-01 4.393717036488823360e+05 -6.778635954040982403e-01
1.120000000000000000e+02 4.210305213928222656e-01 4.163221585682198638e+05 -9.411541547273192254e-01
1.130000000000000000e+02 4.232418537139892578e-01 4.169542425610317732e+05 -9.043464183424499980e-01
1.140000000000000000e+02 4.757463932037353516e-01 3.900109540081842570e+05 -1.207568354661670007e+00
1.150000000000000000e+02 5.094838142395019531e-01 3.460399002953995368e+05 -1.696053376279339497e+00
1.160000000000000000e+02 4.858691692352294922e-01 3.285807569350991398e+05 -1.806828875601567574e+00
1.170000000000000000e+02 4.432749748229980469e-01 3.451716110892554861e+05 -1.508846312293522507e+00
1.180000000000000000e+02 5.546753406524658203e-01 3.806372713719054009e+05 -1.041378074205013382e+00
1.190000000000000000e+02 4.531588554382324219e-01 4.601491604510720354e+05 -1.180026466527267365e-01
1.200000000000000000e+02 4.547951221466064453e-01 6.007725875469840830e+05 1.486208223443121978e+00
1.210000000000000000e+02 6.116566658020019531e-01 5.891337119002479594e+05 1.294479142190673615e+00
1.220000000000000000e+02 4.911077022552490234e-01 5.160592911128528067e+05 4.375161843198270839e-01
1.230000000000000000e+02 5.068757534027099609e-01 4.832952322359891259e+05 6.253313189008591344e-02
1.240000000000000000e+02 5.565578937530517578e-01 4.469640265624069143e+05 -3.520953002114752817e-01
1.250000000000000000e+02 5.201213359832763672e-01 4.465306692574044573e+05 -3.524472412702557289e-01
1.260000000000000000e+02 4.857349395751953125e-01 4.161096516641046619e+05 -7.019577119240186791e-01
1.270000000000000000e+02 5.668172836303710938e-01 4.035817619309616275e+05 -8.368676468453504214e-01
1.280000000000000000e+02 4.803652763366699219e-01 4.339470274939348456e+05 -4.643874996136019284e-01
1.290000000000000000e+02 4.922382831573486328e-01 5.430819537356126821e+05 8.355377921258191343e-01
1.300000000000000000e+02 5.792775154113769531e-01 5.944159119686182821e+05 1.431294063840138353e+00
1.310000000000000000e+02 5.249350070953369141e-01 7.327519074604093330e+05 3.015119732950416243e+00
1.310000000000000000e+02 1.058165550231933594e+00 4.213625002226320212e+05 0.000000000000000000e+00
1.320000000000000000e+02 6.117897033691406250e-01 8.642184189770265948e+05 0.000000000000000000e+00
1.330000000000000000e+02 5.132274627685546875e-01 1.023014455936006038e+06 1.214205138932634487e+00
1.340000000000000000e+02 5.774400234222412109e-01 7.618176524259229191e+05 -2.474051249865244842e-02
1.350000000000000000e+02 5.841674804687500000e-01 5.372693850305549568e+05 -9.046379778357364065e-01
1.360000000000000000e+02 5.470995903015136719e-01 4.348573231264659553e+05 -1.177924630936169947e+00
1.370000000000000000e+02 6.261737346649169922e-01 3.869453269540139008e+05 -1.160474029119348494e+00
1.380000000000000000e+02 5.630552768707275391e-01 3.508250512399718282e+05 -1.126445543429497098e+00
1.390000000000000000e+02 5.783383846282958984e-01 7.042036453961345833e+05 4.228169645064603910e-01
1.400000000000000000e+02 6.320533752441406250e-01 7.121254393257595366e+05 4.304978603849359264e-01
1.410000000000000000e+02 5.931773185729980469e-01 5.437078688535641413e+05 -3.341259992968613202e-01
1.420000000000000000e+02 5.960748195648193359e-01 4.494695636566389003e+05 -7.529207081137948565e-01
1.430000000000000000e+02 6.321589946746826172e-01 4.992229349810220883e+05 -4.711687699035823074e-01
1.440000000000000000e+02 5.721805095672607422e-01 6.178479321869175183e+05 1.287370243179303264e-01
1.450000000000000000e+02 7.293858528137207031e-01 5.535770614178364631e+05 -2.018618290942950921e-01
1.460000000000000000e+02 6.356348991394042969e-01 6.515199229318313301e+05 3.198873115936701206e-01
1.470000000000000000e+02 6.820080280303955078e-01 7.518291919921345543e+05 8.535814972511037713e-01
1.480000000000000000e+02 6.293208599090576172e-01 7.839075052620837232e+05 9.871514419875084823e-01
1.490000000000000000e+02 5.966401100158691406e-01 7.745959780482115457e+05 8.833595656520433215e-01
1.500000000000000000e+02 6.957366466522216797e-01 7.820572348605996231e+05 8.842751153946091236e-01
1.510000000000000000e+02 7.179875373840332031e-01 7.560519653756786138e+05 7.009442848068261345e-01
1.520000000000000000e+02 7.172210216522216797e-01 7.459574249483477324e+05 6.196329510679862151e-01
1.530000000000000000e+02 6.491601467132568359e-01 8.377635624313219450e+05 1.126936416654202189e+00
1.540000000000000000e+02 7.116692066192626953e-01 9.519947489185753511e+05 1.724449131899730592e+00
1.550000000000000000e+02 6.586303710937500000e-01 7.795619918043239741e+05 6.434271299796807675e-01
1.560000000000000000e+02 7.209985256195068359e-01 6.198826374340237817e+05 -2.620894004301807523e-01
1.570000000000000000e+02 7.570984363555908203e-01 5.677487091930595925e+05 -5.522433004368161313e-01
1.580000000000000000e+02 6.520760059356689453e-01 5.826947560400060611e+05 -4.533052401448204871e-01
1.590000000000000000e+02 7.847638130187988281e-01 5.872985262802001089e+05 -4.169064605521459743e-01
1.600000000000000000e+02 6.920547485351562500e-01 7.033367763000490377e+05 2.783510298627710489e-01
1.610000000000000000e+02 7.553122043609619141e-01 6.918666545177645748e+05 2.044517036638904828e-01
1.620000000000000000e+02 6.938908100128173828e-01 7.089345984482570784e+05 3.054830790153656439e-01
1.630000000000000000e+02 7.778174877166748047e-01 5.875912057957132347e+05 -4.528705260530315746e-01
1.640000000000000000e+02 6.911661624908447266e-01 8.334097519322463777e+05 1.100651943978113279e+00
1.650000000000000000e+02 7.982795238494873047e-01 9.646201252160806907e+05 1.888144850772351502e+00
1.660000000000000000e+02 7.263648509979248047e-01 8.514988059722518083e+05 1.086257743907649509e+00
1.670000000000000000e+02 7.731602191925048828e-01 8.905438075184138725e+05 1.289776452912372529e+00
1.680000000000000000e+02 7.246828079223632812e-01 8.732895806443353649e+05 1.140909313910914102e+00
1.690000000000000000e+02 8.255894184112548828e-01 9.139155987707702443e+05 1.349394159657025360e+00
1.700000000000000000e+02 7.221927642822265625e-01 8.705068787982206559e+05 1.045090229030119611e+00
1.710000000000000000e+02 8.193695545196533203e-01 1.028868282628351008e+06 1.953132362920099618e+00
1.720000000000000000e+02 7.504191398620605469e-01 9.145470617635967210e+05 1.190664910793991726e+00
1.730000000000000000e+02 8.370907306671142578e-01 8.536677688108808361e+05 8.107162297913864668e-01
1.740000000000000000e+02 7.397301197052001953e-01 8.629333872085061157e+05 8.481749353335311659e-01
1.750000000000000000e+02 8.783619403839111328e-01 8.118493043526470428e+05 5.390224357092797680e-01
1.760000000000000000e+02 8.034944534301757812e-01 8.646736472060314845e+05 8.366040387927977662e-01
1.770000000000000000e+02 8.419988155364990234e-01 8.706604405682224315e+05 8.560129534400212625e-01
1.780000000000000000e+02 7.711460590362548828e-01 8.012132866164194420e+05 4.364647740227335371e-01
1.790000000000000000e+02 8.536264896392822266e-01 8.541581445800778456e+05 7.417599513989447946e-01
1.800000000000000000e+02 8.312230110168457031e-01 9.115228476860600058e+05 1.068338263576378289e+00
1.810000000000000000e+02 8.444285392761230469e-01 1.205263338681216817e+06 2.775404339748476445e+00
1.820000000000000000e+02 7.990391254425048828e-01 1.369426214630862465e+06 3.467469525458148016e+00
1.820000000000000000e+02 1.648258686065673828e+00 5.593733497631815262e+05 0.000000000000000000e+00
1.830000000000000000e+02 8.361668586730957031e-01 1.173812150592197198e+06 0.000000000000000000e+00
1.840000000000000000e+02 9.511420726776123047e-01 9.152448144283853471e+05 1.119792711787551548e-01
1.850000000000000000e+02 9.267158508300781250e-01 7.978134207913733553e+05 -2.755152445023143493e-01
1.860000000000000000e+02 8.246469497680664062e-01 8.104767550475954777e+05 -1.999773371488900164e-01
1.870000000000000000e+02 1.010143518447875977e+00 8.076473041158252163e+05 -1.964761571955838948e-01
1.880000000000000000e+02 9.561429023742675781e-01 7.930312457404341549e+05 -2.555064918054247292e-01
1.890000000000000000e+02 9.645926952362060547e-01 9.174449981093750102e+05 4.400295601153885183e-01
1.900000000000000000e+02 1.006615877151489258e+00 8.562601203870945610e+05 5.464087465421380019e-02
1.910000000000000000e+02 8.797435760498046875e-01 7.403251070254445076e+05 -6.680408903735918225e-01
1.920000000000000000e+02 9.451284408569335938e-01 6.612996746063749306e+05 -1.130198969273999099e+00
1.930000000000000000e+02 8.880925178527832031e-01 6.031658648216289002e+05 -1.389937612977535597e+00
1.940000000000000000e+02 9.143223762512207031e-01 6.571498791466034018e+05 -8.989338142522780295e-01
1.950000000000000000e+02 1.056639671325683594e+00 9.402388419578174362e+05 9.249571495916358854e-01
1.960000000000000000e+02 9.407489299774169922e-01 8.941432051325103967e+05 5.762834081039351908e-01
1.970000000000000000e+02 9.818332195281982422e-01 8.074929588378979824e+05 -6.454556535088687083e-03
1.980000000000000000e+02 9.168705940246582031e-01 8.168174074252394494e+05 5.589990826272527719e-02
1.990000000000000000e+02 9.767549037933349609e-01 8.572091645849930355e+05 3.324160102528199157e-01
2.000000000000000000e+02 9.552290439605712891e-01 9.131742912797746249e+05 7.184315138559091984e-01
2.010000000000000000e+02 9.191977977752685547e-01 8.067327670258139260e+05 -7.334684837933551360e-02
2.020000000000000000e+02 9.762678146362304688e-01 6.980575392370129703e+05 -8.727028513840494606e-01
2.030000000000000000e+02 1.014677762985229492e+00 5.824558303571365541e+05 -1.695008706815779753e+00
2.040000000000000000e+02 1.044139862060546875e+00 6.877373892533986364e+05 -8.037888500955264748e-01
2.050000000000000000e+02 1.092689990997314453e+00 6.789020496406079037e+05 -8.391804111225160678e-01
2.060000000000000000e+02 1.045288324356079102e+00 5.933431808171786834e+05 -1.430004338360709948e+00
2.070000000000000000e+02 1.033474922180175781e+00 5.982615272675800370e+05 -1.311112332093679056e+00
2.080000000000000000e+02 1.159106969833374023e+00 6.467934715519906022e+05 -9.040960560777675514e-01
2.090000000000000000e+02 1.137646913528442383e+00 7.573226379642536631e+05 -9.566217569888164907e-02
2.100000000000000000e+02 1.016354084014892578e+00 7.953220824317437364e+05 1.787224351835160763e-01
2.110000000000000000e+02 1.060648441314697266e+00 8.558602679488889407e+05 6.178082236771977875e-01
2.120000000000000000e+02 1.060225248336791992e+00 8.486497095296144253e+05 5.505704406268386863e-01
2.130000000000000000e+02 1.023533821105957031e+00 8.332077323300642893e+05 4.237923729508691340e-01
2.140000000000000000e+02 1.081411838531494141e+00 9.073358931619735667e+05 9.776605504160369442e-01
2.150000000000000000e+02 1.136987686157226562e+00 9.479190171695899917e+05 1.256894094457688293e+00
2.160000000000000000e+02 1.045144796371459961e+00 8.912543688605455682e+05 7.838844348833127196e-01
2.170000000000000000e+02 1.101762533187866211e+00 8.421803823891733773e+05 3.946380854784667935e-01
2.180000000000000000e+02 1.103503465652465820e+00 7.943685985739958705e+05 2.209402401890375039e-02
2.190000000000000000e+02 1.108999967575073242e+00 7.871711547446993645e+05 -3.412480948478768122e-02
2.200000000000000000e+02 1.068178653717041016e+00 8.197137173431256087e+05 2.226656817878768790e-01
2.210000000000000000e+02 1.109863996505737305e+00 9.025677642336116405e+05 8.807280789624722939e-01
2.220000000000000000e+02 1.112274885177612305e+00 9.254453010493074544e+05 1.044493634650502933e+00
2.230000000000000000e+02 1.107686042785644531e+00 9.350034552442793502e+05 1.094631487838250150e+00
2.240000000000000000e+02 1.133159399032592773e+00 9.571908493007674115e+05 1.243420608038689590e+00
2.250000000000000000e+02 1.135201215744018555e+00 9.703800532362357480e+05 1.311811478264417019e+00
2.260000000000000000e+02 1.203944206237792969e+00 9.144410109249202069e+05 8.317212537167834041e-01
2.270000000000000000e+02 1.113053321838378906e+00 8.848951387638499727e+05 5.828637965727604398e-01
2.280000000000000000e+02 1.173100948333740234e+00 9.109071996657544514e+05 7.814803387031435955e-01
2.290000000000000000e+02 1.155130624771118164e+00 8.685079446591446176e+05 4.293114859058440591e-01
2.300000000000000000e+02 1.148789167404174805e+00 8.340772225272555370e+05 1.464362010996769492e-01
2.310000000000000000e+02 1.107636690139770508e+00 8.508804888194217347e+05 2.818359930955045556e-01
2.320000000000000000e+02 1.192260742187500000e+00 1.068555409720662516e+06 2.069244022614606493e+00
2.330000000000000000e+02 1.182283401489257812e+00 1.113078677257879172e+06 2.321785322428631115e+00
2.340000000000000000e+02 1.137603759765625000e+00 1.102270314645977458e+06 2.104290466008629679e+00
2.350000000000000000e+02 1.220836162567138672e+00 1.012940221901525510e+06 1.338074013100233550e+00
2.360000000000000000e+02 1.241906166076660156e+00 1.025557666899263510e+06 1.397017681032862058e+00
2.370000000000000000e+02 1.212530851364135742e+00 1.079762206223904854e+06 1.756334203202732480e+00
2.380000000000000000e+02 1.217633724212646484e+00 1.071464773893335136e+06 1.634437232409835294e+00
2.390000000000000000e+02 1.178695678710937500e+00 9.878991507290907903e+05 9.916298610161797811e-01
2.400000000000000000e+02 1.253115653991699219e+00 9.600122630380989285e+05 7.774256750757807533e-01
2.410000000000000000e+02 1.258700609207153320e+00 1.397694492424071534e+06 3.875925672230740027e+00
2.410000000000000000e+02 2.473304271697998047e+00 1.121726456293451134e+06 0.000000000000000000e+00
2.420000000000000000e+02 1.211753606796264648e+00 1.981750210258437553e+06 0.000000000000000000e+00
2.430000000000000000e+02 1.245880603790283203e+00 1.436458197555772960e+06 -1.895653819514327154e-01
2.440000000000000000e+02 1.255062818527221680e+00 7.670277777952706674e+05 -1.715073729952083958e+00
2.450000000000000000e+02 1.269945383071899414e+00 7.560110415404790547e+05 -1.107718891198865574e+00
2.460000000000000000e+02 1.452407836914062500e+00 7.738106111292091664e+05 -8.535902478647245939e-01
2.470000000000000000e+02 1.505698204040527344e+00 8.352773091687125852e+05 -6.164618649026938346e-01
2.480000000000000000e+02 1.294014692306518555e+00 9.858344050796186784e+05 -2.369913119007907021e-01
2.490000000000000000e+02 1.239379882812500000e+00 1.043854518422621884e+06 -8.881511046354645389e-02
2.500000000000000000e+02 1.355429887771606445e+00 1.050685152212979039e+06 -6.746681502114415530e-02
2.510000000000000000e+02 1.355540037155151367e+00 1.007130922705501667e+06 -1.785768722388098584e-01
2.520000000000000000e+02 1.373031377792358398e+00 9.359000271433779271e+05 -3.673870711475294426e-01
2.530000000000000000e+02 1.336445569992065430e+00 9.616481494156091940e+05 -2.769897499291796850e-01
2.540000000000000000e+02 1.336901426315307617e+00 1.111161098084490281e+06 1.814998578065441237e-01
2.550000000000000000e+02 1.305876255035400391e+00 1.137331828544942429e+06 2.566550676342018722e-01
2.560000000000000000e+02 1.265434265136718750e+00 1.101815078812353313e+06 1.335467811174406161e-01
2.570000000000000000e+02 1.342586278915405273e+00 1.107133321068727877e+06 1.472463944530866820e-01
2.580000000000000000e+02 1.340148210525512695e+00 1.202141371109781554e+06 4.699233951837705203e-01
2.590000000000000000e+02 1.320311784744262695e+00 1.285046224879011046e+06 7.466517822318480269e-01
2.600000000000000000e+02 1.354912519454956055e+00 1.296106877318697050e+06 7.563071135721184390e-01
2.610000000000000000e+02 1.327927112579345703e+00 1.246360770188122056e+06 5.474778320805382403e-01
2.620000000000000000e+02 1.366504669189453125e+00 1.234262562529440736e+06 4.864475164108951755e-01
2.630000000000000000e+02 1.378064393997192383e+00 1.241325043312594760e+06 4.996273807311309989e-01
2.640000000000000000e+02 1.403581619262695312e+00 1.213695550245163962e+06 3.809254768323398488e-01
2.650000000000000000e+02 1.372775554656982422e+00 1.232586078186987899e+06 4.455820531883908919e-01
2.660000000000000000e+02 1.396375656127929688e+00 1.191389291491841432e+06 2.721005319266500133e-01
2.670000000000000000e+02 1.530378818511962891e+00 1.053072723458742723e+06 -2.912913759007562109e-01
2.680000000000000000e+02 1.494153976440429688e+00 9.095220596285364591e+05 -8.751353203668698066e-01
2.690000000000000000e+02 1.438828229904174805e+00 9.223433849083204987e+05 -7.950844788201644198e-01
2.700000000000000000e+02 1.445387363433837891e+00 8.720987648630469339e+05 -9.818780786403815686e-01
2.710000000000000000e+02 1.408467769622802734e+00 8.152767685090578161e+05 -1.186689612834806784e+00
2.720000000000000000e+02 1.450331687927246094e+00 7.596422656364887953e+05 -1.371624620103838899e+00
2.730000000000000000e+02 1.419217109680175781e+00 7.184579530992420623e+05 -1.479592915907954165e+00
2.740000000000000000e+02 1.469986677169799805e+00 7.322161874386611162e+05 -1.355026259684140699e+00
2.750000000000000000e+02 1.505291938781738281e+00 7.518818704477313440e+05 -1.221874003327994229e+00
2.760000000000000000e+02 1.579342365264892578e+00 8.382298452716561733e+05 -8.390069281003722512e-01
2.770000000000000000e+02 1.431506156921386719e+00 1.034925281946613570e+06 -4.099270752838062720e-02
2.780000000000000000e+02 1.453514337539672852e+00 9.554012755278045079e+05 -3.596182928179365579e-01
2.790000000000000000e+02 1.451324701309204102e+00 9.555164150186214829e+05 -3.538977183867200171e-01
2.800000000000000000e+02 1.470502376556396484e+00 9.388945335802650079e+05 -4.171849477655568128e-01
2.810000000000000000e+02 1.481867551803588867e+00 9.597560635543204844e+05 -3.244976520510858276e-01
2.820000000000000000e+02 1.491707801818847656e+00 1.001560815160086029e+06 -1.445583580505103716e-01
2.830000000000000000e+02 1.461407661437988281e+00 1.015684292354086647e+06 -8.277365780359485781e-02
2.840000000000000000e+02 1.471606969833374023e+00 9.613418519684876082e+05 -3.156930368051351077e-01
2.850000000000000000e+02 1.463102340698242188e+00 9.011305159034305252e+05 -5.737000257089700517e-01
2.860000000000000000e+02 1.483766317367553711e+00 9.142714005018431926e+05 -5.077222803196271839e-01
2.870000000000000000e+02 1.537133455276489258e+00 9.477534795268585440e+05 -3.528618102364817766e-01
2.880000000000000000e+02 1.484469413757324219e+00 9.188366215643570758e+05 -4.777586568136720224e-01
2.890000000000000000e+02 1.571443319320678711e+00 9.466729405206826050e+05 -3.464415215532880565e-01
2.900000000000000000e+02 1.503072738647460938e+00 9.341190420987637481e+05 -3.995596106770993305e-01
2.910000000000000000e+02 1.528395175933837891e+00 9.197731538589795819e+05 -4.607164377285408730e-01
2.920000000000000000e+02 1.542091846466064453e+00 9.130544789560990175e+05 -4.863346713789749587e-01
2.930000000000000000e+02 1.504769802093505859e+00 8.904705711585172685e+05 -5.857187318345130622e-01
2.940000000000000000e+02 1.789091825485229492e+00 8.598403149732111488e+05 -7.218379888610926276e-01
2.950000000000000000e+02 1.527727603912353516e+00 9.562766687426372664e+05 -2.579632729822674553e-01
2.960000000000000000e+02 1.537996053695678711e+00 9.708511698533671442e+05 -1.863099495416704610e-01
2.970000000000000000e+02 1.547671794891357422e+00 1.049631973049809225e+06 1.926818802143294707e-01
2.980000000000000000e+02 1.541618347167968750e+00 1.026189679214231321e+06 7.770420747712418474e-02
2.990000000000000000e+02 1.599678039550781250e+00 1.013208807484860066e+06 1.377596418742464517e-02
