1.746542821964929253e+07
1.000000000000000000e+00 1.598925590515136719e-01 1.423504369231802411e+05 0.000000000000000000e+00
2.000000000000000000e+00 1.655647754669189453e-01 1.425328494712880056e+05 7.100591800533968545e-01
3.000000000000000000e+00 2.609343528747558594e-01 8.448770961917114619e+04 -5.702626344490101529e-01
4.000000000000000000e+00 3.606178760528564453e-01 1.250931500441779208e+05 4.351938770843835069e-01
5.000000000000000000e+00 2.154908180236816406e-01 1.010865857178129954e+05 -2.270256097994348132e-01
6.000000000000000000e+00 2.303404808044433594e-01 1.056631122221109254e+05 -7.910767719536902776e-02
7.000000000000000000e+00 4.311890602111816406e-01 1.159630211801638798e+05 2.492569946115059665e-01
8.000000000000000000e+00 2.957053184509277344e-01 1.016365432690103335e+05 -2.493112060479056313e-01
9.000000000000000000e+00 4.074726104736328125e-01 1.141922107064946613e+05 2.155398458093010505e-01
1.000000000000000000e+01 4.247593879699707031e-01 1.037818687843219232e+05 -1.908305202576154325e-01
1.100000000000000000e+01 2.739157676696777344e-01 9.052141788334936427e+04 -7.133208169965412626e-01
1.200000000000000000e+01 3.025691509246826172e-01 1.224449653193675331e+05 6.396665005345726351e-01
1.300000000000000000e+01 3.949661254882812500e-01 1.018068513472486375e+05 -2.633568884504193242e-01
1.400000000000000000e+01 4.168906211853027344e-01 1.123403825954634376e+05 2.069545525178798362e-01
1.500000000000000000e+01 3.024830818176269531e-01 9.698703599216263683e+04 -4.957992611134018901e-01
1.600000000000000000e+01 4.072804450988769531e-01 1.184592846840023558e+05 5.220562748944533871e-01
1.700000000000000000e+01 3.261806964874267578e-01 1.636936909740862029e+05 2.658968840946226653e+00
1.800000000000000000e+01 5.507583618164062500e-01 1.407877743913560116e+05 1.229114358289423503e+00
1.900000000000000000e+01 3.907103538513183594e-01 2.168490259831094299e+05 4.252346753372957089e+00
1.900000000000000000e+01 7.396771907806396484e-01 2.019463871973685746e+05 0.000000000000000000e+00
2.000000000000000000e+01 5.424983501434326172e-01 2.869027766380060348e+05 0.000000000000000000e+00
2.100000000000000000e+01 3.769354820251464844e-01 1.854582823489521979e+05 -9.815735004996735125e-01
2.200000000000000000e+01 3.912997245788574219e-01 2.318929491575215652e+05 1.308628052696749200e-01
2.300000000000000000e+01 4.696497917175292969e-01 1.831398360302511137e+05 -9.735370547423842780e-01
2.400000000000000000e+01 5.811986923217773438e-01 1.415834604931761569e+05 -1.764963739696483902e+00
2.500000000000000000e+01 4.938926696777343750e-01 1.329228363863664272e+05 -1.455026160855530826e+00
2.600000000000000000e+01 4.655923843383789062e-01 1.421419010346594150e+05 -9.959914923422172883e-01
2.700000000000000000e+01 6.149947643280029297e-01 1.318198467336052272e+05 -1.076797627225305032e+00
2.800000000000000000e+01 4.904887676239013672e-01 1.292583758852708124e+05 -1.004110248555559748e+00
2.900000000000000000e+01 6.076462268829345703e-01 1.035036688574133586e+05 -1.401450143159453265e+00
3.000000000000000000e+01 6.227502822875976562e-01 1.547552933589617896e+05 -2.819824162848185711e-01
3.100000000000000000e+01 5.555999279022216797e-01 1.903002125144001911e+05 4.146218123014717705e-01
3.200000000000000000e+01 7.305746078491210938e-01 1.968888701180057251e+05 5.285156989469265154e-01
3.300000000000000000e+01 5.302424430847167969e-01 1.546177958535333455e+05 -3.642146891237974526e-01
3.400000000000000000e+01 5.947797298431396484e-01 1.385027094655737747e+05 -6.934997449422646287e-01
3.500000000000000000e+01 6.514592170715332031e-01 1.318559452342196892e+05 -8.062772989048647698e-01
3.600000000000000000e+01 6.052606105804443359e-01 1.157397375838948501e+05 -1.121406136047629953e+00
3.700000000000000000e+01 6.449792385101318359e-01 1.234006087153935950e+05 -8.863410395897426408e-01
3.800000000000000000e+01 6.635260581970214844e-01 1.383811242141980620e+05 -5.168810999331884259e-01
3.900000000000000000e+01 7.252612113952636719e-01 1.429938016502386017e+05 -3.976704616237147216e-01
4.000000000000000000e+01 6.164174079895019531e-01 1.296323796020041627e+05 -6.928394013648023764e-01
4.100000000000000000e+01 6.756443977355957031e-01 1.468084719700122369e+05 -2.717727939707756390e-01
4.200000000000000000e+01 6.837029457092285156e-01 1.268599632659786294e+05 -7.382782697219233414e-01
4.300000000000000000e+01 6.917719841003417969e-01 1.427301559217883332e+05 -3.349924819794928288e-01
4.400000000000000000e+01 8.260452747344970703e-01 1.363584761975075526e+05 -4.832204902763472254e-01
4.500000000000000000e+01 7.266988754272460938e-01 1.525421783536155708e+05 -7.083816332866633980e-02
4.600000000000000000e+01 7.924673557281494141e-01 1.359796964906765497e+05 -4.882138804443464375e-01
4.700000000000000000e+01 7.154548168182373047e-01 1.405289837297636550e+05 -3.609693486451277522e-01
4.800000000000000000e+01 8.692154884338378906e-01 1.327172143768527894e+05 -5.576347157516112762e-01
4.900000000000000000e+01 6.837620735168457031e-01 1.517109496611457726e+05 -4.469402248588479759e-02
5.000000000000000000e+01 8.935303688049316406e-01 1.541522876504393062e+05 2.150039615588413000e-02
5.100000000000000000e+01 8.045766353607177734e-01 1.599587879703697108e+05 1.795097212394025643e-01
5.200000000000000000e+01 9.020435810089111328e-01 1.656754170677686343e+05 3.350672250718236267e-01
5.300000000000000000e+01 7.957057952880859375e-01 1.458478493159305071e+05 -2.269236031986018309e-01
5.400000000000000000e+01 9.064509868621826172e-01 1.523054164208901348e+05 -3.971619000088232043e-02
5.500000000000000000e+01 9.605367183685302734e-01 1.169195937567758083e+05 -1.061420748863317609e+00
5.600000000000000000e+01 8.406672477722167969e-01 1.222412304170763819e+05 -8.778276925176830003e-01
5.700000000000000000e+01 9.944717884063720703e-01 1.184255189713906148e+05 -9.680825002719667394e-01
5.800000000000000000e+01 8.475182056427001953e-01 1.875011379267715965e+05 1.057542164130599760e+00
5.900000000000000000e+01 9.605109691619873047e-01 2.259878982130515215e+05 2.144004725089620589e+00
6.000000000000000000e+01 8.364143371582031250e-01 1.647359230077872053e+05 3.055889761834575946e-01
6.100000000000000000e+01 9.582099914550781250e-01 1.390798067982345528e+05 -4.186542362057990019e-01
6.200000000000000000e+01 9.937307834625244141e-01 1.604571840226328932e+05 1.931959362763391863e-01
6.300000000000000000e+01 1.097288370132446289e+00 1.441270748533272126e+05 -2.774018454591760663e-01
6.400000000000000000e+01 1.290717601776123047e+00 1.669954868338961096e+05 3.887510125275822626e-01
6.500000000000000000e+01 1.131996393203735352e+00 1.978705273899699969e+05 1.287520757551014805e+00
6.600000000000000000e+01 1.063502073287963867e+00 1.860176436712653667e+05 9.071315147328519179e-01
6.700000000000000000e+01 9.776716232299804688e-01 2.223150863188409421e+05 1.947403195860695657e+00
6.800000000000000000e+01 1.064221620559692383e+00 2.624303219023249112e+05 2.992726497937151287e+00
6.900000000000000000e+01 1.158479928970336914e+00 2.044691619530221797e+05 1.198677637901711890e+00
7.000000000000000000e+01 1.011292457580566406e+00 2.053231246478485118e+05 1.192791736732363939e+00
7.100000000000000000e+01 1.095104932785034180e+00 2.228743077308179927e+05 1.623760178881267002e+00
7.200000000000000000e+01 1.150536060333251953e+00 2.498802583824280591e+05 2.264197565971886039e+00
7.300000000000000000e+01 1.061222553253173828e+00 1.983518184315988910e+05 8.642177363759002695e-01
7.400000000000000000e+01 1.134470462799072266e+00 2.015991613087190199e+05 9.313515571676896920e-01
7.500000000000000000e+01 1.183455944061279297e+00 2.177174487853225437e+05 1.317268477128410886e+00
7.600000000000000000e+01 1.227445363998413086e+00 2.054524980530530738e+05 9.826210449053289775e-01
7.700000000000000000e+01 1.105846643447875977e+00 2.367290996223487309e+05 1.740332555047575225e+00
7.800000000000000000e+01 1.257565736770629883e+00 2.624284109383992036e+05 2.307981554409412883e+00
7.900000000000000000e+01 1.243804693222045898e+00 2.964320002423836850e+05 2.991663957835899001e+00
8.000000000000000000e+01 1.220588684082031250e+00 3.183403721528932219e+05 3.252692564577724266e+00
8.000000000000000000e+01 2.512086629867553711e+00 1.184100887031367602e+05 0.000000000000000000e+00
8.100000000000000000e+01 1.202699184417724609e+00 1.766795497687498282e+05 0.000000000000000000e+00
8.200000000000000000e+01 1.288215160369873047e+00 2.364589730978918378e+05 2.157967483806051856e+00
8.300000000000000000e+01 1.715565681457519531e+00 4.810426033632904291e+05 5.147891892678547521e+00
8.300000000000000000e+01 1.060724258422851562e-03 4.063510810901482182e+04 0.000000000000000000e+00
8.400000000000000000e+01 7.408745288848876953e-01 3.264838760012118146e+05 9.241216802849926637e+00
8.400000000000000000e+01 7.753372192382812500e-04 4.534075971324858256e+04 0.000000000000000000e+00
8.500000000000000000e+01 5.453748703002929688e-01 3.464774809921400738e+05 8.685581785448455605e+00
8.500000000000000000e+01 7.719993591308593750e-04 4.164780929063815711e+04 0.000000000000000000e+00
8.600000000000000000e+01 6.571099758148193359e-01 3.241171563947910909e+05 8.884561746722365427e+00
8.600000000000000000e+01 8.099079132080078125e-04 4.510462097830998391e+04 0.000000000000000000e+00
8.700000000000000000e+01 2.334706783294677734e-01 1.796786577949025377e+05 3.512337344080378010e+00
8.700000000000000000e+01 3.734946250915527344e-01 1.785934244806701317e+05 0.000000000000000000e+00
8.800000000000000000e+01 1.456084251403808594e-01 1.424303456700178504e+05 0.000000000000000000e+00
8.900000000000000000e+01 1.530447006225585938e-01 1.636745023599856650e+05 1.236790783205753974e-01
9.000000000000000000e+01 2.394931316375732422e-01 2.390816147004202649e+05 4.265305096767958659e+00
9.000000000000000000e+01 4.586200714111328125e-01 2.367172016042431933e+05 0.000000000000000000e+00
9.100000000000000000e+01 1.916265487670898438e-01 1.622905736262736027e+05 0.000000000000000000e+00
9.200000000000000000e+01 4.397532939910888672e-01 1.585848677164323744e+05 -7.775205524165814674e-01
9.300000000000000000e+01 4.078478813171386719e-01 1.946339649049951404e+05 1.989555767128373953e-01
9.400000000000000000e+01 2.621843814849853516e-01 1.399553373633810552e+05 -1.326697345311191434e+00
9.500000000000000000e+01 2.731025218963623047e-01 1.660194326627202972e+05 -3.262378250761470144e-01
9.600000000000000000e+01 2.790939807891845703e-01 1.418343044711199473e+05 -1.003323779107888392e+00
9.700000000000000000e+01 4.124422073364257812e-01 1.598014308115171443e+05 -3.418979035730029814e-01
9.800000000000000000e+01 2.705078125000000000e-01 1.429740181634418259e+05 -8.501394932983966646e-01
9.900000000000000000e+01 2.833883762359619141e-01 1.178009325501312851e+05 -1.583932913904383177e+00
1.000000000000000000e+02 3.651092052459716797e-01 1.380140597684195964e+05 -7.254701040213504815e-01
1.010000000000000000e+02 4.487555027008056641e-01 1.362332749976145278e+05 -7.326019962778290706e-01
1.020000000000000000e+02 3.531668186187744141e-01 1.254075594150866527e+05 -1.031105633818492517e+00
1.030000000000000000e+02 3.739762306213378906e-01 1.263329607760662620e+05 -9.231437458387571349e-01
1.040000000000000000e+02 3.462560176849365234e-01 1.483208609785969020e+05 -1.603039523091598084e-01
1.050000000000000000e+02 5.304846763610839844e-01 1.032340148444494262e+05 -1.651521093893644432e+00
1.060000000000000000e+02 3.711662292480468750e-01 1.488707709754373063e+05 -3.202937323417325705e-02
1.070000000000000000e+02 3.893723487854003906e-01 1.445174790856077743e+05 -1.731595936016897541e-01
1.080000000000000000e+02 4.747934341430664062e-01 1.477200457653345366e+05 -6.081921071773173371e-02
1.090000000000000000e+02 5.600125789642333984e-01 1.508025684380893654e+05 4.728034308294287724e-02
1.100000000000000000e+02 4.752473831176757812e-01 1.310851801614076248e+05 -6.541230572369943763e-01
1.110000000000000000e+02 4.862945079803466797e-01 1.530986145988912904e+05 1.612441050916494090e-01
1.120000000000000000e+02 6.320350170135498047e-01 1.164494111362403055e+05 -1.195496800001076165e+00
1.130000000000000000e+02 4.478011131286621094e-01 1.528325763701315445e+05 1.981277467800655057e-01
1.140000000000000000e+02 5.294885635375976562e-01 1.482526053442046687e+05 2.264880616792878942e-02
1.150000000000000000e+02 6.124076843261718750e-01 1.337747349813272594e+05 -5.310126927494234206e-01
1.160000000000000000e+02 5.529124736785888672e-01 1.424481372755956254e+05 -1.818346185471485243e-01
1.170000000000000000e+02 5.200462341308593750e-01 1.662280385240501491e+05 7.614225786132785556e-01
1.180000000000000000e+02 6.475200653076171875e-01 1.440668668091039872e+05 -1.428402503559553227e-01
1.190000000000000000e+02 5.157573223114013672e-01 1.572020349468136847e+05 3.924628160316132042e-01
1.200000000000000000e+02 6.437702178955078125e-01 1.750864429782846128e+05 1.121480662685019780e+00
1.210000000000000000e+02 5.409598350524902344e-01 1.403489747584776778e+05 -3.438017902226186417e-01
1.220000000000000000e+02 6.252985000610351562e-01 1.559394571058756264e+05 3.110586859801863779e-01
1.230000000000000000e+02 7.261126041412353516e-01 1.632396087585436471e+05 6.142726609004168781e-01
1.240000000000000000e+02 5.739502906799316406e-01 1.754871558181849541e+05 1.124252437120317305e+00
1.250000000000000000e+02 8.464221954345703125e-01 1.400846296651488810e+05 -4.160478670673362078e-01
1.260000000000000000e+02 6.232135295867919922e-01 1.565480264951244462e+05 2.987419847344990886e-01
1.270000000000000000e+02 7.685835361480712891e-01 1.340031487829721300e+05 -6.878156389051360842e-01
1.280000000000000000e+02 7.242488861083984375e-01 1.786488686108881957e+05 1.284821206652103420e+00
1.290000000000000000e+02 6.730000972747802734e-01 2.585087342673172534e+05 4.719243805830315885e+00
1.290000000000000000e+02 1.423031091690063477e+00 1.316290278324204555e+05 0.000000000000000000e+00
1.300000000000000000e+02 7.102329730987548828e-01 1.567773759091540123e+05 0.000000000000000000e+00
1.310000000000000000e+02 1.220389842987060547e+00 2.761632983766703401e+05 7.420756130830598707e+00
1.310000000000000000e+02 8.330345153808593750e-04 3.347973050138584222e+04 0.000000000000000000e+00
1.320000000000000000e+02 8.007552623748779297e-01 2.428937032768140198e+05 8.138725488496200811e+00
1.320000000000000000e+02 8.063316345214843750e-04 4.246079949735782429e+04 0.000000000000000000e+00
1.330000000000000000e+02 5.668644905090332031e-01 2.705300894735479960e+05 6.889045125119426238e+00
1.330000000000000000e+02 7.803440093994140625e-04 3.488674118429384544e+04 0.000000000000000000e+00
1.340000000000000000e+02 1.419939994812011719e-01 1.682647298757584940e+05 4.699673964916339486e+00
1.340000000000000000e+02 3.560645580291748047e-01 1.684427962267267285e+05 0.000000000000000000e+00
1.350000000000000000e+02 1.491646766662597656e-01 1.261484588933364430e+05 0.000000000000000000e+00
1.360000000000000000e+02 1.806974411010742188e-01 1.273342808032212051e+05 -6.674559547816085736e-01
1.370000000000000000e+02 3.086292743682861328e-01 1.206813969446371339e+05 -8.287973612158343606e-01
1.380000000000000000e+02 1.945941448211669922e-01 8.170885983986577776e+04 -2.446179594493249176e+00
1.390000000000000000e+02 2.748067378997802734e-01 2.743006971094951732e+05 4.856885681776497599e+00
1.390000000000000000e+02 4.781827926635742188e-01 2.722965076307792915e+05 0.000000000000000000e+00
1.400000000000000000e+02 2.163629531860351562e-01 1.211986704838309088e+05 0.000000000000000000e+00
1.410000000000000000e+02 2.206356525421142578e-01 2.760884602903640480e+05 7.425978972760924890e-01
1.420000000000000000e+02 4.357519149780273438e-01 1.217149026032132388e+05 -1.148591687587990018e+00
1.430000000000000000e+02 2.762839794158935547e-01 1.093202935902223398e+05 -1.003497972457281451e+00
1.440000000000000000e+02 3.053500652313232422e-01 1.069483654896124062e+05 -8.506190212381538052e-01
1.450000000000000000e+02 3.808646202087402344e-01 1.178130095726729924e+05 -6.071595721967726345e-01
1.460000000000000000e+02 4.741139411926269531e-01 1.154604297283695923e+05 -5.831722682126746493e-01
1.470000000000000000e+02 2.889740467071533203e-01 1.206263717252819188e+05 -4.678789774349961794e-01
1.480000000000000000e+02 3.441417217254638672e-01 1.048562368536909053e+05 -6.642167983413745924e-01
1.490000000000000000e+02 3.557360172271728516e-01 1.331828992884508625e+05 -1.992442570296641680e-01
1.500000000000000000e+02 3.291974067687988281e-01 1.147661398208126775e+05 -4.775626226020034393e-01
1.510000000000000000e+02 5.283417701721191406e-01 1.632956409147704253e+05 3.306496189112561046e-01
1.520000000000000000e+02 3.577022552490234375e-01 1.232593226802388672e+05 -3.560461929080245280e-01
1.530000000000000000e+02 3.753015995025634766e-01 1.205354446661429829e+05 -3.898909156647610286e-01
1.540000000000000000e+02 5.712084770202636719e-01 1.334834316555080295e+05 -1.427790300197579465e-01
1.550000000000000000e+02 4.085054397583007812e-01 1.296161114110005874e+05 -2.103870563235576696e-01
1.560000000000000000e+02 4.724855422973632812e-01 1.493426978065681469e+05 1.741793074498901306e-01
1.570000000000000000e+02 5.026488304138183594e-01 1.339344670310872316e+05 -1.349753434009235975e-01
1.580000000000000000e+02 5.659518241882324219e-01 1.411529171523120604e+05 1.514824200029421357e-02
1.590000000000000000e+02 4.434854984283447266e-01 1.539554951812118816e+05 2.820261842108052752e-01
1.600000000000000000e+02 4.615921974182128906e-01 1.292483275981803308e+05 -2.530575845999809004e-01
1.610000000000000000e+02 5.747551918029785156e-01 1.337866631225878664e+05 -1.478978080804361772e-01
1.620000000000000000e+02 4.863481521606445312e-01 1.453569570908763853e+05 1.141217238217957924e-01
1.630000000000000000e+02 5.933895111083984375e-01 1.626285980077214481e+05 5.067595989645393706e-01
1.640000000000000000e+02 5.903558731079101562e-01 2.081372934458583768e+05 1.551730971343767695e+00
1.650000000000000000e+02 5.489804744720458984e-01 1.621294334991784417e+05 4.123228573390947949e-01
1.660000000000000000e+02 6.830532550811767578e-01 1.682291174287479371e+05 5.440145915567553558e-01
1.670000000000000000e+02 5.449895858764648438e-01 1.920753523826267046e+05 1.088038234970189144e+00
1.680000000000000000e+02 6.073358058929443359e-01 2.083060438323074486e+05 1.425571066245023610e+00
1.690000000000000000e+02 6.832022666931152344e-01 2.018494226603467832e+05 1.207870284755856449e+00
1.700000000000000000e+02 6.164829730987548828e-01 3.402826060845516622e+05 4.308798825495617102e+00
1.700000000000000000e+02 1.305490255355834961e+00 2.653821538293104386e+05 0.000000000000000000e+00
1.710000000000000000e+02 6.034760475158691406e-01 1.462398425489787187e+05 0.000000000000000000e+00
1.720000000000000000e+02 6.683719158172607422e-01 1.291497314330680965e+05 -9.099655864494087254e-01
1.730000000000000000e+02 6.945974826812744141e-01 2.366208030755523650e+05 7.594742441686794798e-01
1.740000000000000000e+02 6.857275962829589844e-01 2.586312479621098028e+05 9.619151093362933169e-01
1.750000000000000000e+02 9.012401103973388672e-01 2.509829537923186144e+05 6.774525325972426959e-01
1.760000000000000000e+02 6.344304084777832031e-01 2.281926217449461401e+05 2.263072388934988244e-01
1.770000000000000000e+02 7.752571105957031250e-01 2.134731187119204551e+05 -5.379337468499057612e-02
1.780000000000000000e+02 9.535596370697021484e-01 2.081466428499518952e+05 -1.545257344280480671e-01
1.790000000000000000e+02 9.539034366607666016e-01 2.419387843676126504e+05 5.556065588515110010e-01
1.800000000000000000e+02 9.198815822601318359e-01 2.194342129384395666e+05 3.376825064473354399e-02
1.810000000000000000e+02 1.396098136901855469e+00 4.953788882911285036e+05 6.334655952275511481e+00
1.810000000000000000e+02 1.015901565551757812e-03 3.744994308318124968e+04 0.000000000000000000e+00
1.820000000000000000e+02 6.074531078338623047e-01 5.030624107996947132e+05 1.687570943811017088e+01
1.820000000000000000e+02 7.724761962890625000e-04 5.778506657280174113e+04 0.000000000000000000e+00
1.830000000000000000e+02 5.369882583618164062e-01 3.637395810957611538e+05 6.780727871777256333e+00
1.830000000000000000e+02 7.715225219726562500e-04 5.519984579766858951e+04 0.000000000000000000e+00
1.840000000000000000e+02 1.397378444671630859e-01 2.146581011598430050e+05 3.378194982012651781e+00
1.840000000000000000e+02 2.826251983642578125e-01 2.154504192931711441e+05 0.000000000000000000e+00
1.850000000000000000e+02 2.406091690063476562e-01 1.573957709540073993e+05 0.000000000000000000e+00
1.860000000000000000e+02 2.365710735321044922e-01 2.003743700662906631e+05 3.398536172521140486e-01
1.870000000000000000e+02 1.820938587188720703e-01 1.748556789860624995e+05 -5.383666166670408870e-01
1.880000000000000000e+02 3.571515083312988281e-01 2.492079588146715250e+05 2.401256839059115133e+00
1.890000000000000000e+02 2.037539482116699219e-01 2.657157179046443198e+05 1.854499952007958141e+00
1.900000000000000000e+02 3.061304092407226562e-01 2.310504364444644016e+05 4.908377809863653796e-01
1.910000000000000000e+02 3.721079826354980469e-01 1.750551361839391175e+05 -9.840818640619258817e-01
1.920000000000000000e+02 2.658882141113281250e-01 1.926268876212608302e+05 -4.150811210375777160e-01
1.930000000000000000e+02 4.467108249664306641e-01 2.004040705782177974e+05 -1.769720085203536908e-01
1.940000000000000000e+02 3.237271308898925781e-01 1.772179733441456920e+05 -8.416828375341202095e-01
1.950000000000000000e+02 3.813860416412353516e-01 2.016592990150893165e+05 -5.670478634802619822e-02
1.960000000000000000e+02 3.398952484130859375e-01 1.379830316969616688e+05 -2.028276092055188773e+00
1.970000000000000000e+02 3.183255195617675781e-01 1.629579772365537065e+05 -9.888775105284842715e-01
1.980000000000000000e+02 3.250563144683837891e-01 1.639325903993554239e+05 -8.942071464154991434e-01
1.990000000000000000e+02 5.872356891632080078e-01 1.819871905330884038e+05 -3.318530939561559756e-01
2.000000000000000000e+02 3.721442222595214844e-01 2.160847392949819914e+05 6.732665855522735887e-01
2.010000000000000000e+02 4.278638362884521484e-01 2.258515257576857693e+05 9.353263981292253559e-01
2.020000000000000000e+02 3.790211677551269531e-01 1.824051169218489376e+05 -4.087402610390492574e-01
2.030000000000000000e+02 4.760670661926269531e-01 1.623159322864321875e+05 -1.010701669242132672e+00
2.040000000000000000e+02 4.630775451660156250e-01 1.482949238979458460e+05 -1.389844755962009515e+00
2.050000000000000000e+02 4.653708934783935547e-01 1.553942441055372183e+05 -1.083958765295562898e+00
2.060000000000000000e+02 6.262245178222656250e-01 1.882763905253462435e+05 -4.909010733934730808e-02
2.070000000000000000e+02 4.938213825225830078e-01 2.032943452997214044e+05 4.112587230046826914e-01
2.080000000000000000e+02 5.002059936523437500e-01 1.855840838303331984e+05 -1.502999697368865295e-01
2.090000000000000000e+02 5.800037384033203125e-01 2.005929313326232950e+05 3.301464662680985152e-01
2.100000000000000000e+02 5.141804218292236328e-01 1.691123574795473833e+05 -6.966116554077309564e-01
2.110000000000000000e+02 4.909951686859130859e-01 1.764152816349002242e+05 -4.387303629844058195e-01
2.120000000000000000e+02 5.441665649414062500e-01 1.966104495396458951e+05 2.416978930541393289e-01
2.130000000000000000e+02 4.862363338470458984e-01 1.696984464068584202e+05 -6.726226949050542192e-01
2.140000000000000000e+02 5.756659507751464844e-01 1.958915891335312917e+05 2.378291177258076150e-01
2.150000000000000000e+02 6.294741630554199219e-01 2.148887876646966324e+05 8.930472340761693717e-01
2.160000000000000000e+02 5.921132564544677734e-01 1.945760884023795952e+05 1.609086740970667451e-01
2.170000000000000000e+02 5.320205688476562500e-01 2.309884822898804850e+05 1.446353207869904622e+00
2.180000000000000000e+02 7.242066860198974609e-01 1.786638760063005611e+05 -4.400639718842055403e-01
2.190000000000000000e+02 6.341292858123779297e-01 2.357484367086659186e+05 1.579733923668144469e+00
2.200000000000000000e+02 7.291257381439208984e-01 2.947042544578346424e+05 3.542779588520240441e+00
2.200000000000000000e+02 1.402631521224975586e+00 1.284687248976966221e+05 0.000000000000000000e+00
2.210000000000000000e+02 6.570434570312500000e-01 1.948403354116705304e+05 0.000000000000000000e+00
2.220000000000000000e+02 6.608178615570068359e-01 1.531336553571945988e+05 -1.815586002595931947e-01
2.230000000000000000e+02 7.316749095916748047e-01 1.573703336466232140e+05 -4.303937453103734434e-02
2.240000000000000000e+02 6.921360492706298828e-01 1.749463941139451053e+05 6.019013662808178067e-01
2.250000000000000000e+02 6.987090110778808594e-01 2.097855065184811829e+05 1.932906668200508715e+00
2.260000000000000000e+02 7.669293880462646484e-01 2.054596776978368580e+05 1.204496536879651192e+00
2.270000000000000000e+02 6.497504711151123047e-01 2.422130964393043832e+05 2.227625573353607447e+00
2.280000000000000000e+02 7.802152633666992188e-01 2.263775233920447063e+05 1.172727322494080404e+00
2.290000000000000000e+02 7.834587097167968750e-01 2.664665744581496110e+05 2.104159917736668994e+00
2.300000000000000000e+02 7.430145740509033203e-01 2.715582969849006040e+05 1.759496002353449384e+00
2.310000000000000000e+02 7.757143974304199219e-01 3.936457808608037303e+05 4.083959077702603579e+00
2.310000000000000000e+02 1.587746143341064453e+00 3.494487607768697781e+05 0.000000000000000000e+00
2.320000000000000000e+02 7.979130744934082031e-01 1.741848543288274086e+05 0.000000000000000000e+00
2.330000000000000000e+02 8.162875175476074219e-01 1.789264805609894102e+05 -6.688463528922856671e-01
2.340000000000000000e+02 8.436348438262939453e-01 2.411262039582400757e+05 6.950067803351629714e-02
2.350000000000000000e+02 8.957021236419677734e-01 2.098865030423520657e+05 -3.190597006764284149e-01
2.360000000000000000e+02 8.676815032958984375e-01 2.619549622676234867e+05 4.361972985442214568e-01
2.370000000000000000e+02 8.719148635864257812e-01 2.490417281990932534e+05 2.008760919543212675e-01
2.380000000000000000e+02 8.558039665222167969e-01 2.561911650679119630e+05 3.074580748487009130e-01
2.390000000000000000e+02 8.458611965179443359e-01 2.562753898329657968e+05 2.901087632045991627e-01
2.400000000000000000e+02 9.308896064758300781e-01 2.534173597647854767e+05 2.197264915990860823e-01
2.410000000000000000e+02 1.340413331985473633e+00 9.765418970438762335e+05 1.479311832228588308e+01
2.410000000000000000e+02 1.005172729492187500e-03 3.417879131466535182e+04 0.000000000000000000e+00
2.420000000000000000e+02 7.404196262359619141e-01 9.145495395406071329e+05 3.571993478957434576e+01
2.420000000000000000e+02 7.820129394531250000e-04 4.181126692366755742e+04 0.000000000000000000e+00
2.430000000000000000e+02 5.938556194305419922e-01 8.423802096304139122e+05 2.637113168639010041e+01
2.430000000000000000e+02 7.874965667724609375e-04 4.476641485657950398e+04 0.000000000000000000e+00
2.440000000000000000e+02 1.079305171966552734e+00 7.958023494555790676e+05 2.301883169171202326e+01
2.440000000000000000e+02 7.839202880859375000e-04 5.499641265585614019e+04 0.000000000000000000e+00
2.450000000000000000e+02 1.786222457885742188e-01 2.076398148987731547e+05 3.218065047920356747e+00
2.450000000000000000e+02 4.195876121520996094e-01 2.064932234554809693e+05 0.000000000000000000e+00
2.460000000000000000e+02 2.696382999420166016e-01 1.706753922322786530e+05 0.000000000000000000e+00
2.470000000000000000e+02 1.777970790863037109e-01 1.428936046644706512e+05 -1.804029163798903435e+00
2.480000000000000000e+02 1.859335899353027344e-01 2.308657009068060433e+05 1.803759376388166524e+00
2.490000000000000000e+02 2.720413208007812500e-01 1.980811411030203744e+05 2.668021660943761808e-01
2.500000000000000000e+02 2.085645198822021484e-01 3.212586438073263853e+05 3.876621836561677803e+00
2.500000000000000000e+02 4.128751754760742188e-01 3.183528101913921419e+05 0.000000000000000000e+00
2.510000000000000000e+02 4.980096817016601562e-01 1.530579926769456943e+05 0.000000000000000000e+00
2.520000000000000000e+02 3.190901279449462891e-01 1.509900629578884400e+05 -7.247993761432500737e-01
2.530000000000000000e+02 2.400043010711669922e-01 1.853090790561278118e+05 -2.307258095716298307e-01
2.540000000000000000e+02 2.443339824676513672e-01 1.564723267497692723e+05 -5.739904601329546274e-01
2.550000000000000000e+02 3.028845787048339844e-01 1.993996283078905544e+05 9.175268868794056454e-02
2.560000000000000000e+02 3.096327781677246094e-01 1.788061884729274898e+05 -2.361835929458909467e-01
2.570000000000000000e+02 4.061343669891357422e-01 1.772251487448358093e+05 -2.476306914774508428e-01
2.580000000000000000e+02 3.632643222808837891e-01 2.034714590749779891e+05 2.475220573576116800e-01
2.590000000000000000e+02 3.352539539337158203e-01 1.836884044103141932e+05 -1.513990953074461632e-01
2.600000000000000000e+02 3.648676872253417969e-01 1.816164341328881565e+05 -1.871301742620151143e-01
2.610000000000000000e+02 5.587852001190185547e-01 1.901945852607012202e+05 7.410181013858100491e-03
2.620000000000000000e+02 3.445308208465576172e-01 1.888826125927612302e+05 -2.277818561065282632e-02
2.630000000000000000e+02 3.620684146881103516e-01 2.129175085856268997e+05 5.501869880293588366e-01
2.640000000000000000e+02 5.624887943267822266e-01 1.631311348517604056e+05 -6.937247295905315525e-01
2.650000000000000000e+02 4.157664775848388672e-01 1.757794754527460900e+05 -3.445429899715199973e-01
2.660000000000000000e+02 4.642074108123779297e-01 2.404374629005231254e+05 1.332763089923436839e+00
2.670000000000000000e+02 4.217214584350585938e-01 2.090148585203739349e+05 4.357685669289211861e-01
2.680000000000000000e+02 5.589330196380615234e-01 2.455742814591544739e+05 1.367691104859432016e+00
2.690000000000000000e+02 4.393758773803710938e-01 2.051120236830344365e+05 2.437414680187935667e-01
2.700000000000000000e+02 4.616734981536865234e-01 1.922747500841887959e+05 -9.607081098561240373e-02
2.710000000000000000e+02 6.331062316894531250e-01 2.080720066999203118e+05 3.272343797586841352e-01
2.720000000000000000e+02 5.177035331726074219e-01 2.049586247290817846e+05 2.344370000609204141e-01
2.730000000000000000e+02 5.232119560241699219e-01 1.993590104201011127e+05 7.328154787817441063e-02
2.740000000000000000e+02 6.952142715454101562e-01 2.564488683279459947e+05 1.697331611123506168e+00
2.750000000000000000e+02 5.083990097045898438e-01 2.649616526558491751e+05 1.806549644642659658e+00
2.760000000000000000e+02 6.888337135314941406e-01 2.232910408383791219e+05 5.681488271076700070e-01
2.770000000000000000e+02 5.223925113677978516e-01 1.691126982016614929e+05 -8.938039084055617867e-01
2.780000000000000000e+02 6.124758720397949219e-01 1.736639284366886714e+05 -7.433859152505746248e-01
2.790000000000000000e+02 6.697721481323242188e-01 2.160399654751100170e+05 4.234446699064073338e-01
2.800000000000000000e+02 6.310200691223144531e-01 2.400215844000941725e+05 1.074004988159461105e+00
2.810000000000000000e+02 7.031118869781494141e-01 2.631601182548327488e+05 1.671678993977729677e+00
2.820000000000000000e+02 6.298437118530273438e-01 2.347647747097331157e+05 8.187568019721287449e-01
2.830000000000000000e+02 6.713833808898925781e-01 2.065452883833029773e+05 4.101260180980154796e-02
2.840000000000000000e+02 7.130639553070068359e-01 2.205141467495902616e+05 4.210996092633412236e-01
2.850000000000000000e+02 6.533410549163818359e-01 1.977425458496761858e+05 -2.141223472792682658e-01
2.860000000000000000e+02 7.391970157623291016e-01 2.154397068369633344e+05 2.839887208855669809e-01
2.870000000000000000e+02 6.272423267364501953e-01 1.814224326129097608e+05 -6.841057025812248282e-01
2.880000000000000000e+02 7.081949710845947266e-01 1.789399539681366878e+05 -7.419321563418083132e-01
2.890000000000000000e+02 7.236740589141845703e-01 1.723003926373721333e+05 -9.180862539913221543e-01
2.900000000000000000e+02 8.441112041473388672e-01 1.602882882865180436e+05 -1.243034870637182987e+00
2.910000000000000000e+02 7.204632759094238281e-01 1.721746896188617975e+05 -8.650177126210070178e-01
2.920000000000000000e+02 9.146203994750976562e-01 2.210853550363099203e+05 5.567837402058181118e-01
2.930000000000000000e+02 7.914316654205322266e-01 2.143267626520474150e+05 3.527680770829905721e-01
2.940000000000000000e+02 8.343777656555175781e-01 2.068444946250809589e+05 1.294941105224652611e-01
2.950000000000000000e+02 7.594506740570068359e-01 2.203392243553186418e+05 5.272206954425456837e-01
2.960000000000000000e+02 9.345993995666503906e-01 1.884832659368519962e+05 -4.300108394597513817e-01
2.970000000000000000e+02 8.193733692169189453e-01 2.473608065509703010e+05 1.347003079508058754e+00
2.980000000000000000e+02 9.456255435943603516e-01 2.908285454804534675e+05 2.605474199570383842e+00
2.990000000000000000e+02 7.886493206024169922e-01 2.636583878097130219e+05 1.647160888079811647e+00
