2.229603482053658366e+07
1.000000000000000000e+00 8.672451972961425781e-02 1.622269349370346463e+05 0.000000000000000000e+00
2.000000000000000000e+00 7.915163040161132812e-02 1.483369958089432330e+05 3.521175984084042865e-01
3.000000000000000000e+00 1.256635189056396484e-01 9.235250266713282326e+04 -1.625641615930918160e+00
4.000000000000000000e+00 1.610746383666992188e-01 1.447728459309848258e+05 5.222270833271968060e-01
5.000000000000000000e+00 1.656394004821777344e-01 1.196167686410976312e+05 -3.798178147235139468e-01
6.000000000000000000e+00 8.224511146545410156e-02 1.174664435024465492e+05 -4.282979873803981485e-01
7.000000000000000000e+00 8.325719833374023438e-02 1.382368619585979031e+05 4.335994967770046005e-01
8.000000000000000000e+00 8.276772499084472656e-02 1.410113158137449645e+05 5.223762590820649754e-01
9.000000000000000000e+00 8.204483985900878906e-02 1.402252350108682585e+05 4.528491987271158203e-01
1.000000000000000000e+01 1.361007690429687500e-01 1.494338405497780477e+05 8.593275441529146796e-01
1.100000000000000000e+01 2.232630252838134766e-01 1.621729771302647423e+05 1.401986795622542470e+00
1.200000000000000000e+01 2.042546272277832031e-01 1.688682724440017773e+05 1.549038192122693447e+00
1.300000000000000000e+01 9.177994728088378906e-02 1.526052956749560253e+05 6.489426946762528736e-01
1.400000000000000000e+01 8.328461647033691406e-02 1.604538410135416489e+05 9.699770068392952194e-01
1.500000000000000000e+01 8.911633491516113281e-02 1.415786853554208064e+05 5.720540446856977462e-02
1.600000000000000000e+01 7.995080947875976562e-02 1.562790851227039238e+05 7.423363556521042073e-01
1.700000000000000000e+01 8.148097991943359375e-02 1.926253313455140160e+05 2.433722030572132766e+00
1.800000000000000000e+01 8.242893218994140625e-02 2.167910425052825885e+05 3.056627442715903253e+00
1.800000000000000000e+01 1.719653606414794922e-01 1.449319969790872710e+05 0.000000000000000000e+00
1.900000000000000000e+01 9.151864051818847656e-02 2.445829735489579034e+05 0.000000000000000000e+00
2.000000000000000000e+01 8.196330070495605469e-02 3.395111930732753826e+05 2.054296544139760705e+00
2.100000000000000000e+01 8.464074134826660156e-02 2.351163017411737819e+05 -8.111498876554952553e-02
2.200000000000000000e+01 8.184123039245605469e-02 3.168967492373490823e+05 9.537197705235599399e-01
2.300000000000000000e+01 8.478641510009765625e-02 3.299415660602056305e+05 9.602386357087236979e-01
2.400000000000000000e+01 8.269572257995605469e-02 2.600772518380536931e+05 -1.122796679577586221e-01
2.500000000000000000e+01 8.072805404663085938e-02 3.095621876625957084e+05 6.168050500877075848e-01
2.600000000000000000e+01 9.174776077270507812e-02 3.260091799647426233e+05 8.197490313727109346e-01
2.700000000000000000e+01 8.100175857543945312e-02 2.659805240818401799e+05 -1.973247783277825573e-01
2.800000000000000000e+01 8.177971839904785156e-02 3.272291898590848432e+05 8.325643821543694534e-01
2.900000000000000000e+01 1.893632411956787109e-01 3.260418549111069296e+05 7.511143701588951505e-01
3.000000000000000000e+01 8.567881584167480469e-02 3.128764972631154233e+05 4.755432204518878492e-01
3.100000000000000000e+01 8.691859245300292969e-02 3.233307800800393452e+05 6.420208928487421973e-01
3.200000000000000000e+01 9.773182868957519531e-02 3.120352489881343790e+05 4.029008623310723070e-01
3.300000000000000000e+01 9.429001808166503906e-02 3.136868319948936114e+05 4.193511238654895057e-01
3.400000000000000000e+01 8.610534667968750000e-02 3.380091124808921595e+05 8.799551511835879136e-01
3.500000000000000000e+01 1.514549255371093750e-01 3.232468468771654880e+05 5.442909769283477139e-01
3.600000000000000000e+01 8.309173583984375000e-02 2.603372417625586386e+05 -7.419876164035988930e-01
3.700000000000000000e+01 9.551739692687988281e-02 2.092896010742025683e+05 -1.754746272848359157e+00
3.800000000000000000e+01 1.419301033020019531e-01 2.070582996463769232e+05 -1.631886038835062669e+00
3.900000000000000000e+01 9.119772911071777344e-02 2.752546148084172164e+05 -2.191006087014775172e-01
4.000000000000000000e+01 1.638021469116210938e-01 2.919831433757946361e+05 1.069615463609116524e-01
4.100000000000000000e+01 8.324480056762695312e-02 2.835397200632198947e+05 -6.110882154900252466e-02
4.200000000000000000e+01 8.450770378112792969e-02 2.687809844637857750e+05 -3.561748497996192753e-01
4.300000000000000000e+01 1.278893947601318359e-01 2.919538475685921730e+05 1.256174097049095884e-01
4.400000000000000000e+01 8.290457725524902344e-02 2.707226149388534832e+05 -3.198412509352404065e-01
4.500000000000000000e+01 8.126568794250488281e-02 3.113711512581812567e+05 5.499252006214966348e-01
4.600000000000000000e+01 8.443355560302734375e-02 2.962582705090236850e+05 2.120775582268993875e-01
4.700000000000000000e+01 8.214259147644042969e-02 3.357713609549454413e+05 1.073782677984462142e+00
4.800000000000000000e+01 8.347940444946289062e-02 3.052533176110009081e+05 3.688461979967508908e-01
4.900000000000000000e+01 8.316230773925781250e-02 2.967686752616009326e+05 1.740175761230101925e-01
5.000000000000000000e+01 8.272624015808105469e-02 2.851914249025736353e+05 -8.964829630076730227e-02
5.100000000000000000e+01 1.118805408477783203e-01 2.941719059807311860e+05 1.173053950326854444e-01
5.200000000000000000e+01 1.550269126892089844e-01 2.790889052559529664e+05 -2.350250282162007764e-01
5.300000000000000000e+01 8.386206626892089844e-02 2.705584200611574342e+05 -4.326747589518777914e-01
5.400000000000000000e+01 8.358669281005859375e-02 3.018500975521598593e+05 3.208657367120852366e-01
5.500000000000000000e+01 8.340811729431152344e-02 3.182690423706798465e+05 7.128657945926595296e-01
5.600000000000000000e+01 1.109995841979980469e-01 2.954050272890601773e+05 1.426693819324828805e-01
5.700000000000000000e+01 1.177845001220703125e-01 2.674985926430852269e+05 -5.469833166167822336e-01
5.800000000000000000e+01 1.762311458587646484e-01 3.195306867165778531e+05 7.560471424963992604e-01
5.900000000000000000e+01 8.347916603088378906e-02 4.071723954922278645e+05 2.933906575048813803e+00
6.000000000000000000e+01 8.309578895568847656e-02 3.682115756969020003e+05 1.739035581350082849e+00
6.100000000000000000e+01 8.403563499450683594e-02 3.140683170537367114e+05 4.419993470957120363e-01
6.200000000000000000e+01 8.484244346618652344e-02 2.974043449067127658e+05 5.750060066615594878e-02
6.300000000000000000e+01 8.246397972106933594e-02 2.969769789135714527e+05 4.704980781342362611e-02
6.400000000000000000e+01 8.511924743652343750e-02 2.878598634890466346e+05 -1.653273745723270183e-01
6.500000000000000000e+01 1.125156879425048828e-01 3.099770399217979866e+05 3.559586479480697507e-01
6.600000000000000000e+01 9.142303466796875000e-02 3.564817114206915139e+05 1.454503179816523772e+00
6.700000000000000000e+01 9.053301811218261719e-02 3.898235804524554987e+05 2.191043574216353651e+00
6.800000000000000000e+01 1.507141590118408203e-01 4.091367396287163137e+05 2.507075810283457606e+00
6.900000000000000000e+01 1.057288646697998047e-01 3.326848618514121044e+05 6.942907110988446595e-01
7.000000000000000000e+01 8.570528030395507812e-02 3.432306949103341904e+05 9.126909822467876854e-01
7.100000000000000000e+01 1.317327022552490234e-01 2.932891469620509306e+05 -1.855575418453039027e-01
7.200000000000000000e+01 1.129877567291259766e-01 3.377055089552604477e+05 7.879271917324796037e-01
7.300000000000000000e+01 1.531624794006347656e-01 3.099871652581522358e+05 1.677930262301265685e-01
7.400000000000000000e+01 1.685447692871093750e-01 3.587079199608744239e+05 1.245633447748586864e+00
7.500000000000000000e+01 1.153793334960937500e-01 3.644347110327433329e+05 1.344371997984740830e+00
7.600000000000000000e+01 9.540128707885742188e-02 4.043862691165516735e+05 2.187323405736945503e+00
7.700000000000000000e+01 9.427285194396972656e-02 4.327750908624487347e+05 2.687560649919682465e+00
7.800000000000000000e+01 1.435847282409667969e-01 4.327845536921620951e+05 2.516047854980497434e+00
7.900000000000000000e+01 1.351215839385986328e-01 4.126443049945467501e+05 1.983089722089700357e+00
8.000000000000000000e+01 1.939356327056884766e-01 4.553239701673287200e+05 2.715464334340621733e+00
8.100000000000000000e+01 1.954624652862548828e-01 3.684836922220095876e+05 9.787267510296193684e-01
8.200000000000000000e+01 2.001113891601562500e-01 4.060193657190702506e+05 1.642018677856601494e+00
8.300000000000000000e+01 4.690010547637939453e-01 5.980005925355596701e+05 5.020742789393825234e+00
8.300000000000000000e+01 3.256797790527343750e-04 6.114374835344027088e+04 0.000000000000000000e+00
8.400000000000000000e+01 4.579865932464599609e-01 3.267584382783196634e+05 5.436381424442137344e+00
8.400000000000000000e+01 3.194808959960937500e-04 9.469203280624840409e+04 0.000000000000000000e+00
8.500000000000000000e+01 9.280776977539062500e-02 3.447077004213482724e+05 3.026845669390760385e+00
8.500000000000000000e+01 1.827824115753173828e-01 3.430027903883834952e+05 0.000000000000000000e+00
8.600000000000000000e+01 1.291110515594482422e-01 1.666838247031039209e+05 0.000000000000000000e+00
8.700000000000000000e+01 9.393405914306640625e-02 1.690938074360361788e+05 -6.877768681919279592e-01
8.800000000000000000e+01 1.174678802490234375e-01 1.992500062190418248e+05 -2.671380352010275239e-01
8.900000000000000000e+01 1.065564155578613281e-01 2.088218669339095941e+05 -1.277393006697072064e-01
9.000000000000000000e+01 2.167997360229492188e-01 3.038186582001114148e+05 1.190700179726091434e+00
9.100000000000000000e+01 9.967780113220214844e-02 2.441607318304598739e+05 1.675344313007942898e-01
9.200000000000000000e+01 9.089946746826171875e-02 2.397519502489822917e+05 9.174124355919793805e-02
9.300000000000000000e+01 1.518023014068603516e-01 2.389205626474868041e+05 7.338244195870104181e-02
9.400000000000000000e+01 9.350681304931640625e-02 1.680130454553058662e+05 -1.139774974887646897e+00
9.500000000000000000e+01 9.450697898864746094e-02 2.245097721094551380e+05 -6.154574622953410540e-02
9.600000000000000000e+01 1.269428730010986328e-01 2.153363586013813911e+05 -2.223427333013695828e-01
9.700000000000000000e+01 1.101255416870117188e-01 2.672646312758568674e+05 7.545033384325140480e-01
9.800000000000000000e+01 1.163163185119628906e-01 2.749728518661683192e+05 8.572419391491618024e-01
9.900000000000000000e+01 1.566457748413085938e-01 2.486593155432853382e+05 2.992928001563359697e-01
1.000000000000000000e+02 1.188974380493164062e-01 2.196661423259646399e+05 -2.884770854299779641e-01
1.010000000000000000e+02 1.724789142608642578e-01 3.043288493394767866e+05 1.461336180520170114e+00
1.020000000000000000e+02 2.070906162261962891e-01 2.987992541583687416e+05 1.223670744977616742e+00
1.030000000000000000e+02 9.242439270019531250e-02 2.285209215096170665e+05 -2.426127256252496311e-01
1.040000000000000000e+02 9.060454368591308594e-02 2.441211122854583082e+05 7.959420003413167355e-02
1.050000000000000000e+02 1.677243709564208984e-01 2.517112645992908219e+05 2.354647771731905315e-01
1.060000000000000000e+02 1.848087310791015625e-01 2.567970306577602169e+05 3.380827502628593328e-01
1.070000000000000000e+02 1.825454235076904297e-01 2.590094227173171821e+05 3.779417468564449933e-01
1.080000000000000000e+02 1.001312732696533203e-01 2.929498535213070572e+05 1.122507790827805163e+00
1.090000000000000000e+02 9.305500984191894531e-02 3.262550052207978442e+05 1.807183802836505260e+00
1.100000000000000000e+02 9.374737739562988281e-02 2.619823066060947021e+05 3.009360827346899137e-01
1.110000000000000000e+02 9.301376342773437500e-02 2.829539404845001991e+05 7.474066540632773314e-01
1.120000000000000000e+02 9.601569175720214844e-02 2.346748131531685067e+05 -3.251436093645489467e-01
1.130000000000000000e+02 9.673476219177246094e-02 2.274695283135985665e+05 -4.784616813136289282e-01
1.140000000000000000e+02 9.247636795043945312e-02 2.146185000685266568e+05 -7.571939514603733823e-01
1.150000000000000000e+02 2.227597236633300781e-01 1.951267949163722224e+05 -1.178884437608559210e+00
1.160000000000000000e+02 1.106233596801757812e-01 2.189427187779090600e+05 -5.982985996736022161e-01
1.170000000000000000e+02 9.890604019165039062e-02 2.747712980470648035e+05 6.842490132558289861e-01
1.180000000000000000e+02 1.166131496429443359e-01 3.272833916683139396e+05 1.874180054279925178e+00
1.190000000000000000e+02 9.762263298034667969e-02 3.884285702700471156e+05 3.110536143614424986e+00
1.190000000000000000e+02 1.896798610687255859e-01 1.662826806744651985e+05 0.000000000000000000e+00
1.200000000000000000e+02 1.640613079071044922e-01 2.289833931768677430e+05 0.000000000000000000e+00
1.210000000000000000e+02 1.493377685546875000e-01 1.862795764110558375e+05 -2.560771193631099507e-01
1.220000000000000000e+02 1.197109222412109375e-01 1.960539008248448372e+05 6.885632050229253953e-02
1.230000000000000000e+02 9.714818000793457031e-02 2.317575072708094085e+05 1.427267026477569756e+00
1.240000000000000000e+02 9.843277931213378906e-02 2.801899326110720285e+05 2.781284116406087747e+00
1.250000000000000000e+02 9.450507164001464844e-02 2.863780200531087467e+05 1.755531371201467739e+00
1.260000000000000000e+02 1.840095520019531250e-01 2.388269240099308372e+05 2.981418214422927870e-01
1.270000000000000000e+02 1.915969848632812500e-01 2.462200982760035840e+05 4.527005130732514315e-01
1.280000000000000000e+02 9.564065933227539062e-02 2.673535065476327436e+05 9.458058260079493795e-01
1.290000000000000000e+02 9.322905540466308594e-02 2.907399484775459860e+05 1.443610423812541788e+00
1.300000000000000000e+02 1.931104660034179688e-01 3.006954170847733039e+05 1.495118211987417567e+00
1.310000000000000000e+02 1.521515846252441406e-01 4.201540450505620101e+05 4.035639732260468904e+00
1.310000000000000000e+02 2.489788532257080078e-01 2.634911853120412561e+05 0.000000000000000000e+00
1.320000000000000000e+02 9.311199188232421875e-02 3.103055780594696407e+05 0.000000000000000000e+00
1.330000000000000000e+02 9.414243698120117188e-02 2.640072886902738246e+05 -6.915158410023845015e-01
1.340000000000000000e+02 1.818218231201171875e-01 2.500032154984875815e+05 -1.088697840121010341e+00
1.350000000000000000e+02 2.037324905395507812e-01 2.472546954127752979e+05 -9.362653119304205074e-01
1.360000000000000000e+02 1.019909381866455078e-01 2.656414727839076077e+05 -5.402801529963203314e-02
1.370000000000000000e+02 1.609184741973876953e-01 2.712396961573495064e+05 1.962703461466993038e-01
1.380000000000000000e+02 1.359260082244873047e-01 2.779364921486189123e+05 5.057591214023318127e-01
1.390000000000000000e+02 3.800487518310546875e-01 6.872456484425101662e+05 2.134609458925482528e+01
1.390000000000000000e+02 3.554821014404296875e-04 3.922776535431931552e+04 0.000000000000000000e+00
1.400000000000000000e+02 3.830313682556152344e-01 2.843004779854171211e+05 8.128093257357086543e+00
1.400000000000000000e+02 3.597736358642578125e-04 5.378061697385081061e+04 0.000000000000000000e+00
1.410000000000000000e+02 3.832337856292724609e-01 3.326798547242792556e+05 6.626819580311880564e+00
1.410000000000000000e+02 6.768703460693359375e-04 5.593434093157919415e+04 0.000000000000000000e+00
1.420000000000000000e+02 4.029338359832763672e-01 3.254260803180471412e+05 6.106576305811048044e+00
1.420000000000000000e+02 3.118515014648437500e-04 6.132455246161817922e+04 0.000000000000000000e+00
1.430000000000000000e+02 8.267140388488769531e-02 1.756998859131327190e+05 1.930517812475409212e+00
1.440000000000000000e+02 8.067822456359863281e-02 1.361175741540880117e+05 2.834922392492825183e-01
1.450000000000000000e+02 8.079695701599121094e-02 1.449278166794490535e+05 4.423065557361861022e-01
1.460000000000000000e+02 8.111619949340820312e-02 1.500855063491855981e+05 5.207320673341578887e-01
1.470000000000000000e+02 8.664178848266601562e-02 1.445907662352451880e+05 3.301695243633043231e-01
1.480000000000000000e+02 2.042300701141357422e-01 1.287598581428424368e+05 -1.363919523827993030e-01
1.490000000000000000e+02 1.029696464538574219e-01 1.302700069252783869e+05 -8.309117306310175033e-02
1.500000000000000000e+02 8.327150344848632812e-02 1.193344928688586806e+05 -4.320790129565649229e-01
1.510000000000000000e+02 8.156108856201171875e-02 1.726670786749015679e+05 1.399735148837570220e+00
1.520000000000000000e+02 1.214752197265625000e-01 1.649887208318920457e+05 9.748378737967630103e-01
1.530000000000000000e+02 8.128833770751953125e-02 1.724719621554715268e+05 1.144639795212340383e+00
1.540000000000000000e+02 1.629009246826171875e-01 1.780790795724041236e+05 1.230047234819714230e+00
1.550000000000000000e+02 8.095526695251464844e-02 1.511512933762683242e+05 2.614283866897245678e-01
1.560000000000000000e+02 8.267545700073242188e-02 1.815264828545010241e+05 1.260791962094736318e+00
1.570000000000000000e+02 8.142590522766113281e-02 2.186437584606200689e+05 2.375466522375137668e+00
1.580000000000000000e+02 1.332983970642089844e-01 2.207153437367343286e+05 2.044390392860726546e+00
1.590000000000000000e+02 8.414077758789062500e-02 2.057459197269935103e+05 1.381855578709638710e+00
1.600000000000000000e+02 7.727169990539550781e-02 2.104111578689288872e+05 1.402799855815316965e+00
1.610000000000000000e+02 6.218123435974121094e-02 1.710218562954200024e+05 2.947668845300007168e-01
1.620000000000000000e+02 8.261632919311523438e-02 1.768684715453497774e+05 4.406329801613759201e-01
1.630000000000000000e+02 1.286427974700927734e-01 1.758200821213189047e+05 4.009815153776468133e-01
1.640000000000000000e+02 9.953236579895019531e-02 2.923740691485318239e+05 3.568669711931343969e+00
1.640000000000000000e+02 1.797912120819091797e-01 1.958957321582112054e+05 0.000000000000000000e+00
1.650000000000000000e+02 8.398175239562988281e-02 2.108174065986588830e+05 0.000000000000000000e+00
1.660000000000000000e+02 8.075475692749023438e-02 2.283969324907727714e+05 2.373220328693387948e+00
1.670000000000000000e+02 1.186945438385009766e-01 2.235196306608741288e+05 7.263193512849887012e-01
1.680000000000000000e+02 4.950838088989257812e-01 4.396939629560402245e+05 1.547920379263548796e+01
1.680000000000000000e+02 3.011226654052734375e-04 6.023781871491910715e+04 0.000000000000000000e+00
1.690000000000000000e+02 8.052086830139160156e-02 2.908039977554047364e+05 4.705934799332041507e+00
1.690000000000000000e+02 1.637282371520996094e-01 2.877626379741561250e+05 0.000000000000000000e+00
1.700000000000000000e+02 8.244490623474121094e-02 2.598642384125627286e+05 0.000000000000000000e+00
1.710000000000000000e+02 8.677268028259277344e-02 1.481763760206238658e+05 -6.368739427834280598e+00
1.720000000000000000e+02 7.983136177062988281e-02 1.194089684914990212e+05 -1.523379506906061609e+00
1.730000000000000000e+02 1.432812213897705078e-01 1.324664295688671118e+05 -8.648980370418145602e-01
1.740000000000000000e+02 8.754301071166992188e-02 1.786908871099072858e+05 -1.386272305126825255e-01
1.750000000000000000e+02 8.467555046081542969e-02 1.804803408698082785e+05 -1.033774355938392592e-01
1.760000000000000000e+02 8.335280418395996094e-02 2.048816663342673855e+05 2.839294793888602619e-01
1.770000000000000000e+02 8.167290687561035156e-02 2.310328660767912515e+05 7.051423256011973839e-01
1.780000000000000000e+02 8.039808273315429688e-02 2.734714238045824459e+05 1.387436766849886149e+00
1.790000000000000000e+02 1.507194042205810547e-01 2.173073063218569732e+05 2.621202563300183419e-01
1.800000000000000000e+02 1.573998928070068359e-01 1.920311891472714487e+05 -1.934365339861141564e-01
1.810000000000000000e+02 1.823694705963134766e-01 4.660155428964670282e+05 4.850592546120709336e+00
1.810000000000000000e+02 2.656123638153076172e-01 3.699742886261038366e+05 0.000000000000000000e+00
1.820000000000000000e+02 8.473992347717285156e-02 3.809095345982720610e+05 0.000000000000000000e+00
1.830000000000000000e+02 1.712837219238281250e-01 3.561552250155616202e+05 -2.494273455540782169e+00
1.840000000000000000e+02 9.912896156311035156e-02 3.620961133686717367e+05 -5.575845204803054900e-01
1.850000000000000000e+02 8.291029930114746094e-02 3.830399241735786200e+05 1.472135931707563739e+00
1.860000000000000000e+02 3.185477256774902344e-01 4.293144358246043557e+05 5.056956580650660449e+00
1.860000000000000000e+02 2.954006195068359375e-04 8.286540744138319860e+04 0.000000000000000000e+00
1.870000000000000000e+02 7.937192916870117188e-02 2.410080346529715171e+05 1.991817354921067373e+00
1.880000000000000000e+02 7.989311218261718750e-02 2.486186464978199510e+05 1.079841287833766650e+00
1.890000000000000000e+02 1.398754119873046875e-01 2.796652436585835530e+05 1.228328892560138330e+00
1.900000000000000000e+02 1.736454963684082031e-01 2.416880969255449018e+05 4.799289794907470874e-01
1.910000000000000000e+02 1.197273731231689453e-01 1.903727571616997884e+05 -2.689699323087443861e-01
1.920000000000000000e+02 1.360509395599365234e-01 2.373286031731315597e+05 4.520962033181690209e-01
1.930000000000000000e+02 9.670805931091308594e-02 2.068051157110731583e+05 -6.541673233768438567e-02
1.940000000000000000e+02 1.401305198669433594e-01 2.190922177348218975e+05 1.471431619302987492e-01
1.950000000000000000e+02 8.469343185424804688e-02 2.683565566129600629e+05 1.029243149451565920e+00
1.960000000000000000e+02 8.049154281616210938e-02 1.761070654741765175e+05 -7.302741119187365904e-01
1.970000000000000000e+02 8.196854591369628906e-02 1.971903637412714597e+05 -2.952151806379211263e-01
1.980000000000000000e+02 1.294913291931152344e-01 2.117255401451727084e+05 -3.552227673662011840e-03
1.990000000000000000e+02 1.047418117523193359e-01 2.446155374156613252e+05 6.561029386525436546e-01
2.000000000000000000e+02 1.072204113006591797e-01 2.696422297439419199e+05 1.138814361807940712e+00
2.010000000000000000e+02 8.447813987731933594e-02 3.601816647288072272e+05 2.902477726122651536e+00
2.020000000000000000e+02 8.110690116882324219e-02 3.963621452498008730e+05 2.896998731130019600e+00
2.030000000000000000e+02 8.250617980957031250e-02 4.307544952651050407e+05 2.799076500322843053e+00
2.040000000000000000e+02 8.114051818847656250e-02 3.895307728365550865e+05 1.769432564670930352e+00
2.050000000000000000e+02 8.176064491271972656e-02 3.219837808781006024e+05 8.090465267735762467e-01
2.060000000000000000e+02 8.646273612976074219e-02 3.090078769847993390e+05 6.245058054755012744e-01
2.070000000000000000e+02 8.258128166198730469e-02 3.415136469902836834e+05 9.953217945208709949e-01
2.080000000000000000e+02 1.418139934539794922e-01 2.926001999805507949e+05 3.654924109034820567e-01
2.090000000000000000e+02 1.684072017669677734e-01 2.705410195421169046e+05 8.688752862948166678e-02
2.100000000000000000e+02 1.595871448516845703e-01 2.506570628482469765e+05 -1.635723117157189543e-01
2.110000000000000000e+02 1.830785274505615234e-01 2.520650173457518686e+05 -1.424700626766748357e-01
2.120000000000000000e+02 1.479735374450683594e-01 2.488313900844548189e+05 -1.819240006922859532e-01
2.130000000000000000e+02 9.263658523559570312e-02 3.126568381174215465e+05 6.669854797898120413e-01
2.140000000000000000e+02 8.196091651916503906e-02 3.404872476163356914e+05 1.023197148082894081e+00
2.150000000000000000e+02 1.389997005462646484e-01 3.181547817047878634e+05 6.899961582976333885e-01
2.160000000000000000e+02 1.771523952484130859e-01 2.926706926290955162e+05 3.296450297469750712e-01
2.170000000000000000e+02 1.373412609100341797e-01 4.447370130421891809e+05 2.408089597390390857e+00
2.180000000000000000e+02 1.272373199462890625e-01 4.230137667047934956e+05 1.904470987883796873e+00
2.190000000000000000e+02 1.349205970764160156e-01 4.453483138435393921e+05 2.057453542050937667e+00
2.200000000000000000e+02 8.334064483642578125e-02 4.891935563099207357e+05 2.431224516405391167e+00
2.210000000000000000e+02 8.357381820678710938e-02 4.771670656541805365e+05 2.084684948414545325e+00
2.220000000000000000e+02 1.052234172821044922e-01 4.130395278212736011e+05 1.261770673390486097e+00
2.230000000000000000e+02 1.514425277709960938e-01 3.541668601826420054e+05 5.986469164145625799e-01
2.240000000000000000e+02 1.051704883575439453e-01 3.247755872269984102e+05 2.757003979330984733e-01
2.250000000000000000e+02 1.078093051910400391e-01 3.785282206333923968e+05 8.507739441287502924e-01
2.260000000000000000e+02 1.134223937988281250e-01 3.623371531055915402e+05 6.581271281765369574e-01
2.270000000000000000e+02 8.407783508300781250e-02 3.694231042619526852e+05 7.241438757119471603e-01
2.280000000000000000e+02 1.836919784545898438e-01 4.131143471432103543e+05 1.189721831697559074e+00
2.290000000000000000e+02 1.369130611419677734e-01 3.665425928582681809e+05 6.499854184599015428e-01
2.300000000000000000e+02 1.390171051025390625e-01 3.500627141006962629e+05 4.590112755009300161e-01
2.310000000000000000e+02 8.705997467041015625e-02 6.161939108808867168e+05 3.399049488330474489e+00
2.310000000000000000e+02 2.278633117675781250e-01 3.564933316017868929e+05 0.000000000000000000e+00
2.320000000000000000e+02 1.683087348937988281e-01 2.953063486446787138e+05 0.000000000000000000e+00
2.330000000000000000e+02 8.556222915649414062e-02 2.753262276047348278e+05 -1.168906935189109264e+00
2.340000000000000000e+02 1.648426055908203125e-01 3.088428263411828666e+05 -4.708877520257331341e-03
2.350000000000000000e+02 1.947445869445800781e-01 3.272358507671118132e+05 5.283338542982843888e-01
2.360000000000000000e+02 1.022818088531494141e-01 4.025727909734853311e+05 2.901275326830283774e+00
2.370000000000000000e+02 8.592247962951660156e-02 4.759805910755778896e+05 3.224545397191523666e+00
2.370000000000000000e+02 2.234838008880615234e-01 2.322518458772135491e+05 0.000000000000000000e+00
2.380000000000000000e+02 1.275796890258789062e-01 3.415281593085533823e+05 0.000000000000000000e+00
2.390000000000000000e+02 8.663678169250488281e-02 3.440276198902757023e+05 7.394538740037809310e-01
2.400000000000000000e+02 8.370184898376464844e-02 3.627637864662163774e+05 8.903780115112444049e-01
2.410000000000000000e+02 3.962068557739257812e-01 1.108438625783639494e+06 1.328094701449050952e+01
2.410000000000000000e+02 3.104209899902343750e-04 5.236187713972320489e+04 0.000000000000000000e+00
2.420000000000000000e+02 3.160190582275390625e-01 9.118754443295948440e+05 2.250702934537059718e+01
2.420000000000000000e+02 2.965927124023437500e-04 7.143537189720677270e+04 0.000000000000000000e+00
2.430000000000000000e+02 4.548912048339843750e-01 8.430436160327064572e+05 1.456850269230430150e+01
2.430000000000000000e+02 3.032684326171875000e-04 7.814073724655623664e+04 0.000000000000000000e+00
2.440000000000000000e+02 4.757044315338134766e-01 7.979161006161384284e+05 1.231959499573003392e+01
2.440000000000000000e+02 2.977848052978515625e-04 1.081343405146103178e+05 0.000000000000000000e+00
2.450000000000000000e+02 7.917952537536621094e-02 2.133771305167948594e+05 6.692902103220225163e-01
2.460000000000000000e+02 1.830663681030273438e-01 2.116359008205609571e+05 5.254656560463135673e-01
2.470000000000000000e+02 1.626281738281250000e-01 2.033864593468917592e+05 3.033709429627112764e-01
2.480000000000000000e+02 1.659936904907226562e-01 2.684187481483448064e+05 1.680672950876485494e+00
2.490000000000000000e+02 2.052910327911376953e-01 2.539653563631290745e+05 9.656501464807087931e-01
2.500000000000000000e+02 1.671490669250488281e-01 3.462116652779736905e+05 2.638629311911776743e+00
2.510000000000000000e+02 1.124129295349121094e-01 2.350782741095485690e+05 1.097155238620468459e-01
2.520000000000000000e+02 8.183550834655761719e-02 2.704449032083413331e+05 6.640520509378731173e-01
2.530000000000000000e+02 8.188176155090332031e-02 3.213146828716930468e+05 1.452455080119928077e+00
2.540000000000000000e+02 1.463057994842529297e-01 3.838748645392916515e+05 2.244962281007137239e+00
2.550000000000000000e+02 1.824643611907958984e-01 3.439075807823170326e+05 1.241253119444467146e+00
2.560000000000000000e+02 1.651394367218017578e-01 3.927467583102457575e+05 1.779225446527549215e+00
2.570000000000000000e+02 1.614048480987548828e-01 2.987320057743123034e+05 3.684163166611156837e-01
2.580000000000000000e+02 8.357620239257812500e-02 4.489193885216692579e+05 2.289880086508500057e+00
2.590000000000000000e+02 8.151769638061523438e-02 4.920250334302146803e+05 2.406184156984692013e+00
2.600000000000000000e+02 8.089995384216308594e-02 4.970370668957305024e+05 2.054049345356812051e+00
2.610000000000000000e+02 8.451390266418457031e-02 4.594819855779784848e+05 1.437739803462657395e+00
2.620000000000000000e+02 8.133912086486816406e-02 2.509455151130606537e+05 -5.745163532130931339e-01
2.630000000000000000e+02 8.197522163391113281e-02 2.446562749174040509e+05 -6.143438713554864039e-01
2.640000000000000000e+02 8.220195770263671875e-02 2.577036069322291587e+05 -4.715091344186977396e-01
2.650000000000000000e+02 8.141255378723144531e-02 2.752490955633747508e+05 -2.899182648100165904e-01
2.660000000000000000e+02 8.148908615112304688e-02 3.053071921976658050e+05 1.220328112110234849e-02
2.670000000000000000e+02 9.088635444641113281e-02 3.414338611993131926e+05 3.750991048180364884e-01
2.680000000000000000e+02 1.561293601989746094e-01 3.752425408421018510e+05 7.129003190911341603e-01
2.690000000000000000e+02 8.851671218872070312e-02 4.015547967161561246e+05 9.647850871061723899e-01
2.700000000000000000e+02 1.047420501708984375e-01 3.534295927614810644e+05 4.320879977538630845e-01
2.710000000000000000e+02 8.363962173461914062e-02 3.523170456128632068e+05 4.114200440331482467e-01
2.720000000000000000e+02 1.843199729919433594e-01 3.489617675079109613e+05 3.674457742875393840e-01
2.730000000000000000e+02 1.617786884307861328e-01 3.109759735524444841e+05 -5.153569854660732669e-02
2.740000000000000000e+02 8.513092994689941406e-02 3.187882580050208489e+05 3.549223836017296324e-02
2.750000000000000000e+02 8.260607719421386719e-02 3.310933514536560979e+05 1.729908717163199383e-01
2.760000000000000000e+02 8.227491378784179688e-02 4.160419750369778485e+05 1.138113303258296405e+00
2.770000000000000000e+02 9.179496765136718750e-02 4.985292994647024316e+05 2.036438985237876143e+00
2.780000000000000000e+02 1.093924045562744141e-01 4.039006890504784533e+05 8.666199140241985788e-01
2.790000000000000000e+02 1.656906604766845703e-01 3.865576283811068279e+05 6.564911600218561460e-01
2.800000000000000000e+02 1.680629253387451172e-01 3.312340473572371411e+05 3.510158690855574165e-02
2.810000000000000000e+02 1.352322101593017578e-01 3.281725740427186247e+05 4.916382339423393212e-04
2.820000000000000000e+02 8.325219154357910156e-02 3.113876044218311436e+05 -1.892995159942625349e-01
2.830000000000000000e+02 8.295583724975585938e-02 3.231052386255292222e+05 -5.273414898336573758e-02
2.840000000000000000e+02 9.547781944274902344e-02 3.542235728561179130e+05 3.087105926353188590e-01
2.850000000000000000e+02 1.404666900634765625e-01 3.769500041277785203e+05 5.712230893277812083e-01
2.860000000000000000e+02 1.231060028076171875e-01 4.751053017282253131e+05 1.722865322294570234e+00
2.870000000000000000e+02 1.023166179656982422e-01 5.340663282935757888e+05 2.329781742715521187e+00
2.880000000000000000e+02 8.718109130859375000e-02 5.077718275052710669e+05 1.883767473140866677e+00
2.890000000000000000e+02 8.674645423889160156e-02 4.290893810592889786e+05 9.484028012871457136e-01
2.900000000000000000e+02 9.214735031127929688e-02 3.603237819101036876e+05 1.892700515467609090e-01
2.910000000000000000e+02 8.403635025024414062e-02 3.350695387268582126e+05 -8.740086413690410783e-02
2.920000000000000000e+02 8.582854270935058594e-02 3.857079489196529612e+05 4.700004352957456444e-01
2.930000000000000000e+02 8.384585380554199219e-02 3.776413010431338334e+05 3.749577646717254797e-01
2.940000000000000000e+02 8.323717117309570312e-02 3.294789727123113116e+05 -1.674320090724289722e-01
2.950000000000000000e+02 8.538770675659179688e-02 3.219479055364496307e+05 -2.507797824178982782e-01
2.960000000000000000e+02 8.709120750427246094e-02 3.195718091512316023e+05 -2.753551168171159969e-01
2.970000000000000000e+02 1.249330043792724609e-01 3.376628410744332359e+05 -6.482147185048112159e-02
2.980000000000000000e+02 8.363103866577148438e-02 3.923067023641073029e+05 5.693680675579206873e-01
2.990000000000000000e+02 1.971843242645263672e-01 3.745372692148851347e+05 3.553696842213994733e-01
