1.931680446438493952e+07
1.000000000000000000e+00 2.702465057373046875e-01 1.431303634064190264e+05 0.000000000000000000e+00
2.000000000000000000e+00 2.418241500854492188e-01 1.448891137743754953e+05 7.349980223138016244e-01
3.000000000000000000e+00 2.303609848022460938e-01 8.550780394246184733e+04 -5.477407057882754948e-01
4.000000000000000000e+00 1.792082786560058594e-01 1.263652686576928245e+05 4.353149958465706293e-01
5.000000000000000000e+00 1.812913417816162109e-01 1.003802599132862088e+05 -2.613468648086292312e-01
6.000000000000000000e+00 1.817123889923095703e-01 1.074107072739981668e+05 -4.543904309378856560e-02
7.000000000000000000e+00 1.800959110260009766e-01 1.177533168952856940e+05 2.736976238349954071e-01
8.000000000000000000e+00 1.797361373901367188e-01 1.027213038532394567e+05 -2.366697319899986329e-01
9.000000000000000000e+00 2.742979526519775391e-01 1.150242315993106458e+05 2.065471285171599225e-01
1.000000000000000000e+01 2.454183101654052734e-01 1.039709853526625811e+05 -2.126974961422454791e-01
1.100000000000000000e+01 2.637443542480468750e-01 9.249864197420304117e+04 -6.502390439856442494e-01
1.200000000000000000e+01 2.806565761566162109e-01 1.228328842903596960e+05 6.025720624065764586e-01
1.300000000000000000e+01 3.383738994598388672e-01 1.098125189765430696e+05 3.529248875113853018e-02
1.400000000000000000e+01 1.833343505859375000e-01 1.185528788039287174e+05 4.092940092704719923e-01
1.500000000000000000e+01 2.596530914306640625e-01 9.623014701086308924e+04 -5.943983271013562053e-01
1.600000000000000000e+01 1.818470954895019531e-01 1.276998031171713956e+05 8.555360610448012881e-01
1.700000000000000000e+01 2.635860443115234375e-01 1.579877656994435820e+05 2.198797991071593572e+00
1.800000000000000000e+01 1.836616992950439453e-01 1.439915304274855589e+05 1.305877086390218267e+00
1.900000000000000000e+01 2.715337276458740234e-01 2.140304729882162355e+05 4.081142695275359777e+00
1.900000000000000000e+01 4.523699283599853516e-01 2.018523720367623901e+05 0.000000000000000000e+00
2.000000000000000000e+01 2.077479362487792969e-01 2.827405600962733733e+05 0.000000000000000000e+00
2.100000000000000000e+01 3.766696453094482422e-01 1.854113754366013454e+05 -9.945539465720720784e-01
2.200000000000000000e+01 2.239930629730224609e-01 2.318671607720058237e+05 1.637709424384014290e-01
2.300000000000000000e+01 3.670332431793212891e-01 1.850226497213827388e+05 -9.460318320762364230e-01
2.400000000000000000e+01 2.832641601562500000e-01 1.432574426099517150e+05 -1.798768744728262314e+00
2.500000000000000000e+01 1.824421882629394531e-01 1.359824192380798049e+05 -1.447830732871182802e+00
2.600000000000000000e+01 2.625796794891357422e-01 1.452421158800494450e+05 -9.835524138455083998e-01
2.700000000000000000e+01 3.009760379791259766e-01 1.379526566358141426e+05 -1.015428378021396627e+00
2.800000000000000000e+01 2.840957641601562500e-01 1.373038230402278423e+05 -9.203432609127841779e-01
2.900000000000000000e+01 2.915651798248291016e-01 9.981680056036078895e+04 -1.600336920916059613e+00
3.000000000000000000e+01 2.543230056762695312e-01 1.542756158182262734e+05 -3.283790347341370430e-01
3.100000000000000000e+01 3.027696609497070312e-01 2.282234477203415590e+05 1.157591318179195472e+00
3.200000000000000000e+01 4.163587093353271484e-01 1.975370677034780092e+05 4.533554585838494022e-01
3.300000000000000000e+01 2.771673202514648438e-01 1.589309719528607384e+05 -3.510101790622232598e-01
3.400000000000000000e+01 3.362193107604980469e-01 1.390199552836217626e+05 -7.571706880810592510e-01
3.500000000000000000e+01 1.823575496673583984e-01 1.348198306246779975e+05 -8.107653910059191560e-01
3.600000000000000000e+01 2.424325942993164062e-01 1.152664965694408456e+05 -1.195056317127493717e+00
3.700000000000000000e+01 1.823527812957763672e-01 1.219784607045910670e+05 -9.736201932587010832e-01
3.800000000000000000e+01 2.857074737548828125e-01 1.434454398612486839e+05 -4.642878736426159225e-01
3.900000000000000000e+01 1.899585723876953125e-01 1.713367928323271626e+05 1.609189627159964275e-01
4.000000000000000000e+01 2.434778213500976562e-01 1.380429155810562079e+05 -5.913165859655411527e-01
4.100000000000000000e+01 1.825113296508789062e-01 1.539592424731967330e+05 -2.099947246489004549e-01
4.200000000000000000e+01 2.236232757568359375e-01 1.768701328199606214e+05 3.298052491515022777e-01
4.300000000000000000e+01 2.321319580078125000e-01 1.951898069885651930e+05 7.589300706134366470e-01
4.400000000000000000e+01 2.542798519134521484e-01 1.773030350316482363e+05 3.052181248355563814e-01
4.500000000000000000e+01 3.291692733764648438e-01 1.810665105699966080e+05 3.911922555780492639e-01
4.600000000000000000e+01 1.835756301879882812e-01 1.552025724736704724e+05 -2.613791766701685781e-01
4.700000000000000000e+01 3.313355445861816406e-01 1.573749213966768293e+05 -2.014339932474815964e-01
4.800000000000000000e+01 1.880252361297607422e-01 1.419193192052131053e+05 -5.967411467254106761e-01
4.900000000000000000e+01 2.062323093414306641e-01 1.773229689100566320e+05 3.406052434798321205e-01
5.000000000000000000e+01 1.841888427734375000e-01 1.935550340582482168e+05 7.646989722919161903e-01
5.100000000000000000e+01 3.573040962219238281e-01 1.919989198400025198e+05 7.045138910561076218e-01
5.200000000000000000e+01 1.841819286346435547e-01 1.670621871186232020e+05 1.790523113525076954e-02
5.300000000000000000e+01 2.792215347290039062e-01 1.609192632246022404e+05 -1.501746413810249314e-01
5.400000000000000000e+01 1.882324218750000000e-01 1.920865149225397327e+05 7.159683188831202916e-01
5.500000000000000000e+01 2.692456245422363281e-01 1.658875251949880912e+05 -3.040866083304904002e-02
5.600000000000000000e+01 2.969841957092285156e-01 1.295406466712445981e+05 -1.059271133987353286e+00
5.700000000000000000e+01 3.954148292541503906e-01 1.316366016031094478e+05 -9.708295247894184188e-01
5.800000000000000000e+01 1.844370365142822266e-01 1.817400364581561589e+05 4.716207613857597569e-01
5.900000000000000000e+01 3.424875736236572266e-01 2.564354095368922863e+05 2.600921519165653617e+00
6.000000000000000000e+01 1.883115768432617188e-01 2.052412560989138146e+05 1.005194862578440818e+00
6.100000000000000000e+01 1.863324642181396484e-01 1.807993290505832119e+05 3.265688294541793657e-01
6.200000000000000000e+01 1.871774196624755859e-01 2.016352749015745067e+05 8.867252869712506369e-01
6.300000000000000000e+01 4.519777297973632812e-01 1.908995171024339215e+05 5.773759103946343174e-01
6.400000000000000000e+01 2.357368469238281250e-01 2.048491607837511983e+05 9.506708674017386729e-01
6.500000000000000000e+01 2.402243614196777344e-01 2.459252229803884111e+05 2.056756258099985857e+00
6.600000000000000000e+01 2.244381904602050781e-01 2.268975809971247218e+05 1.443160120119310941e+00
6.700000000000000000e+01 2.816097736358642578e-01 2.461177215572262648e+05 1.901740638141884654e+00
6.800000000000000000e+01 2.869911193847656250e-01 2.602266869009642105e+05 2.176019794427721088e+00
6.900000000000000000e+01 4.044153690338134766e-01 2.160619065157754812e+05 9.685282703135826843e-01
7.000000000000000000e+01 1.868402957916259766e-01 2.293463284834356746e+05 1.278101502288170765e+00
7.100000000000000000e+01 2.096788883209228516e-01 2.251709974337704480e+05 1.143762048108075247e+00
7.200000000000000000e+01 1.879982948303222656e-01 2.362071498353999632e+05 1.389129365434116581e+00
7.300000000000000000e+01 1.877670288085937500e-01 1.972646903281533159e+05 4.072749921517386795e-01
7.400000000000000000e+01 1.870639324188232422e-01 2.121254772343283694e+05 7.663680530490285525e-01
7.500000000000000000e+01 2.290544509887695312e-01 2.012037795324471663e+05 4.875148781261517961e-01
7.600000000000000000e+01 2.867853641510009766e-01 2.048249014181302337e+05 5.717713911370682078e-01
7.700000000000000000e+01 2.068774700164794922e-01 2.308173759679126379e+05 1.211562469999559966e+00
7.800000000000000000e+01 2.250683307647705078e-01 2.533095386166089156e+05 1.743623570256401578e+00
7.900000000000000000e+01 1.940348148345947266e-01 2.739993810581340222e+05 2.190413859112441131e+00
8.000000000000000000e+01 2.637453079223632812e-01 3.151220035844399245e+05 3.062837241819921896e+00
8.000000000000000000e+01 5.712118148803710938e-01 1.457311551504913368e+05 0.000000000000000000e+00
8.100000000000000000e+01 3.993422985076904297e-01 1.417742453338123742e+05 0.000000000000000000e+00
8.200000000000000000e+01 5.884168148040771484e-01 2.236543448455065372e+05 2.855713035906855879e+01
8.200000000000000000e+01 3.709793090820312500e-04 3.263164809136133044e+04 0.000000000000000000e+00
8.300000000000000000e+01 5.722737312316894531e-01 3.388820589922063518e+05 1.256539123563795357e+01
8.300000000000000000e+01 3.261566162109375000e-04 4.093386691243464884e+04 0.000000000000000000e+00
8.400000000000000000e+01 7.437429428100585938e-01 3.275130051870503812e+05 9.193841617070965810e+00
8.400000000000000000e+01 3.237724304199218750e-04 4.441362163818127738e+04 0.000000000000000000e+00
8.500000000000000000e+01 6.142303943634033203e-01 3.475752227939600707e+05 8.946130944796877316e+00
8.500000000000000000e+01 3.254413604736328125e-04 4.124331024962847005e+04 0.000000000000000000e+00
8.600000000000000000e+01 1.038418054580688477e+00 3.258104122816773015e+05 9.050564285057633995e+00
8.600000000000000000e+01 3.483295440673828125e-04 5.157362019028377836e+04 0.000000000000000000e+00
8.700000000000000000e+01 2.850027084350585938e-01 1.810857891855554772e+05 2.844279862017831562e+00
8.800000000000000000e+01 3.055398464202880859e-01 1.449233547777068743e+05 5.059338678705441739e-01
8.900000000000000000e+01 4.055266380310058594e-01 1.692319150549898623e+05 8.800691716108760554e-01
9.000000000000000000e+01 1.848995685577392578e-01 2.506400938956386526e+05 2.275625180877746345e+00
9.100000000000000000e+01 1.889574527740478516e-01 1.689466222152126138e+05 2.756456148864648292e-01
9.200000000000000000e+01 1.791746616363525391e-01 1.719914941808003350e+05 3.056191721401817496e-01
9.300000000000000000e+01 1.797969341278076172e-01 2.064546075930271181e+05 8.754626912097737135e-01
9.400000000000000000e+01 1.801543235778808594e-01 1.576267390586397378e+05 -5.684544851997264808e-02
9.500000000000000000e+01 1.886348724365234375e-01 1.919488091914168035e+05 5.801123416168102453e-01
9.600000000000000000e+01 1.801459789276123047e-01 1.552149761834981327e+05 -1.571185625854454593e-01
9.700000000000000000e+01 2.619566917419433594e-01 1.736016924413610832e+05 2.181752603723598749e-01
9.800000000000000000e+01 1.661593914031982422e-01 1.636379039926340629e+05 1.457836658221340178e-03
9.900000000000000000e+01 1.813030242919921875e-01 1.371134029675275378e+05 -5.762204521700767801e-01
1.000000000000000000e+02 1.852998733520507812e-01 1.544606908342828392e+05 -1.641266367914975544e-01
1.010000000000000000e+02 2.994890213012695312e-01 1.552953307978194207e+05 -1.398475253737251067e-01
1.020000000000000000e+02 3.043291568756103516e-01 1.296028792403089028e+05 -7.483778373388465521e-01
1.030000000000000000e+02 3.959963321685791016e-01 1.355312603062581038e+05 -5.734659189157504944e-01
1.040000000000000000e+02 3.032307624816894531e-01 1.483191308659077331e+05 -2.387088725444920789e-01
1.050000000000000000e+02 2.097339630126953125e-01 9.641627693797669781e+04 -1.545342065412863786e+00
1.060000000000000000e+02 1.795847415924072266e-01 1.109516819604004268e+05 -1.070551163688178598e+00
1.070000000000000000e+02 1.815972328186035156e-01 1.315917682441499492e+05 -5.145958321164257887e-01
1.080000000000000000e+02 1.810348033905029297e-01 1.525358814164948417e+05 2.058389954679675643e-02
1.090000000000000000e+02 1.802747249603271484e-01 1.531013622704465815e+05 3.456259061046559888e-02
1.100000000000000000e+02 2.758839130401611328e-01 1.435134045342729951e+05 -2.153922624075323144e-01
1.110000000000000000e+02 2.147760391235351562e-01 1.586401102594405820e+05 1.898465068929662825e-01
1.120000000000000000e+02 1.809153556823730469e-01 1.313263230845318176e+05 -5.516467567137207650e-01
1.130000000000000000e+02 2.292847633361816406e-01 1.560379458034731215e+05 1.375149721804529712e-01
1.140000000000000000e+02 1.805284023284912109e-01 1.502153570532852027e+05 -2.711861003228223377e-02
1.150000000000000000e+02 2.134706974029541016e-01 1.506670365295047523e+05 -1.386682549426580466e-02
1.160000000000000000e+02 2.102270126342773438e-01 1.453025504095554352e+05 -1.684086659192121915e-01
1.170000000000000000e+02 1.814713478088378906e-01 1.536747906799277698e+05 7.964368126056563246e-02
1.180000000000000000e+02 2.306797504425048828e-01 1.394179531393443176e+05 -3.460887194396625177e-01
1.190000000000000000e+02 2.758347988128662109e-01 1.586892566973658395e+05 2.412122356825407710e-01
1.200000000000000000e+02 2.407724857330322266e-01 1.783731364092962176e+05 8.402262713425376894e-01
1.210000000000000000e+02 1.904437541961669922e-01 1.402803269821503200e+05 -3.508293729278488260e-01
1.220000000000000000e+02 1.824054718017578125e-01 1.540574429404652328e+05 8.334099093332127117e-02
1.230000000000000000e+02 1.818857192993164062e-01 1.601961384222482156e+05 2.760010411892241944e-01
1.240000000000000000e+02 1.921634674072265625e-01 1.606791319844672689e+05 2.876937992185296111e-01
1.250000000000000000e+02 2.465181350708007812e-01 1.411995429417057603e+05 -3.460194049181949394e-01
1.260000000000000000e+02 2.045407295227050781e-01 1.547707056237549696e+05 1.023900280057194329e-01
1.270000000000000000e+02 3.715782165527343750e-01 1.380100457479909528e+05 -4.536086065946965951e-01
1.280000000000000000e+02 3.080520629882812500e-01 1.773555113615493756e+05 8.675951273342316084e-01
1.290000000000000000e+02 1.912701129913330078e-01 2.494754422655188537e+05 3.268196723390922376e+00
1.290000000000000000e+02 4.316442012786865234e-01 1.463064467794235970e+05 0.000000000000000000e+00
1.300000000000000000e+02 2.380046844482421875e-01 1.500680780971269414e+05 0.000000000000000000e+00
1.310000000000000000e+02 6.249544620513916016e-01 2.736191650502777193e+05 4.715706640183405085e+01
1.310000000000000000e+02 3.566741943359375000e-04 3.213528212978761076e+04 0.000000000000000000e+00
1.320000000000000000e+02 5.964980125427246094e-01 2.457969189056408650e+05 8.695741566833939729e+00
1.320000000000000000e+02 3.252029418945312500e-04 3.928361005275972275e+04 0.000000000000000000e+00
1.330000000000000000e+02 7.683098316192626953e-01 2.718261970306981821e+05 7.664447663322111026e+00
1.330000000000000000e+02 3.247261047363281250e-04 3.594285257884451130e+04 0.000000000000000000e+00
1.340000000000000000e+02 1.782524585723876953e-01 1.682327563345246599e+05 4.497994167490819706e+00
1.340000000000000000e+02 3.580029010772705078e-01 1.692121904380408232e+05 0.000000000000000000e+00
1.350000000000000000e+02 1.806149482727050781e-01 1.252181298741184728e+05 0.000000000000000000e+00
1.360000000000000000e+02 2.156119346618652344e-01 1.327687051379691402e+05 -4.643893369456062459e-01
1.370000000000000000e+02 3.808059692382812500e-01 1.208873410325863661e+05 -9.144370634186881341e-01
1.380000000000000000e+02 3.334059715270996094e-01 8.289975608400630881e+04 -2.458426884133077195e+00
1.390000000000000000e+02 2.137861251831054688e-01 2.743780899715793203e+05 4.809333586039256758e+00
1.390000000000000000e+02 5.118732452392578125e-01 2.723832349435262731e+05 0.000000000000000000e+00
1.400000000000000000e+02 3.733355998992919922e-01 1.205629591327009111e+05 0.000000000000000000e+00
1.410000000000000000e+02 2.619872093200683594e-01 2.773384686990206246e+05 7.532650347157470172e-01
1.420000000000000000e+02 2.000524997711181641e-01 1.257028410878487775e+05 -1.096579436796468299e+00
1.430000000000000000e+02 1.829555034637451172e-01 1.164259268014354020e+05 -9.420675491121174305e-01
1.440000000000000000e+02 2.151072025299072266e-01 1.165236782096123497e+05 -7.813980658356211029e-01
1.450000000000000000e+02 1.818537712097167969e-01 1.191640176191365317e+05 -6.527775413955870798e-01
1.460000000000000000e+02 1.832332611083984375e-01 1.202572603426558926e+05 -5.772740952544064275e-01
1.470000000000000000e+02 1.808037757873535156e-01 1.212035311098060338e+05 -5.196256216858762267e-01
1.480000000000000000e+02 3.861773014068603516e-01 1.100570563070478092e+05 -6.485747008978799411e-01
1.490000000000000000e+02 1.836690902709960938e-01 1.396068625202219118e+05 -1.569872671987231350e-01
1.500000000000000000e+02 2.666103839874267578e-01 1.191531184953237098e+05 -4.767045626940166203e-01
1.510000000000000000e+02 1.842453479766845703e-01 1.629278938631181372e+05 2.716547892288098121e-01
1.520000000000000000e+02 3.576889038085937500e-01 1.381547058262150094e+05 -1.662714002986098449e-01
1.530000000000000000e+02 3.048658370971679688e-01 1.427573589359012840e+05 -7.797138745778710300e-02
1.540000000000000000e+02 2.035026550292968750e-01 1.484147799111260974e+05 2.977897841212035282e-02
1.550000000000000000e+02 2.155814170837402344e-01 1.352534964967195119e+05 -2.246197857716252244e-01
1.560000000000000000e+02 1.984584331512451172e-01 1.517169475944567821e+05 1.090117105600987291e-01
1.570000000000000000e+02 1.945981979370117188e-01 1.529188626245721243e+05 1.306861681457775759e-01
1.580000000000000000e+02 1.820905208587646484e-01 1.429650420260947722e+05 -8.219188981593100740e-02
1.590000000000000000e+02 1.843779087066650391e-01 1.589892124739645515e+05 2.662836142687430296e-01
1.600000000000000000e+02 1.842355728149414062e-01 1.343749161731124914e+05 -2.853641620754053254e-01
1.610000000000000000e+02 1.828527450561523438e-01 1.410530128323632234e+05 -1.273310416137963530e-01
1.620000000000000000e+02 3.611452579498291016e-01 1.474042386167053774e+05 2.256052272547584212e-02
1.630000000000000000e+02 1.890969276428222656e-01 1.725902246546126262e+05 6.188458695102204699e-01
1.640000000000000000e+02 2.374677658081054688e-01 1.956474829206550785e+05 1.155722133355432613e+00
1.650000000000000000e+02 1.835827827453613281e-01 1.610924988542343781e+05 2.799577144724704203e-01
1.660000000000000000e+02 2.430849075317382812e-01 1.702004486604038102e+05 4.959512549732524311e-01
1.670000000000000000e+02 1.995639801025390625e-01 2.002804252375061042e+05 1.227016983482250856e+00
1.680000000000000000e+02 4.305691719055175781e-01 2.180746098338386219e+05 1.610577191517832851e+00
1.690000000000000000e+02 3.756020069122314453e-01 2.051548159846316266e+05 1.209750398461797216e+00
1.700000000000000000e+02 3.782639503479003906e-01 3.343157317229571636e+05 4.222523294719350950e+00
1.700000000000000000e+02 5.695273876190185547e-01 2.648909541655394714e+05 0.000000000000000000e+00
1.710000000000000000e+02 3.789308071136474609e-01 1.454117223246981448e+05 0.000000000000000000e+00
1.720000000000000000e+02 3.296961784362792969e-01 1.314432957056791056e+05 -8.724437863318843522e-01
1.730000000000000000e+02 1.861038208007812500e-01 2.391367840894050896e+05 7.983258382677728138e-01
1.740000000000000000e+02 1.867511272430419922e-01 2.642312464851614204e+05 1.035246685254506138e+00
1.750000000000000000e+02 1.911518573760986328e-01 2.606014815543366421e+05 7.879194963553539655e-01
1.760000000000000000e+02 1.859037876129150391e-01 3.055226762507624808e+05 1.412734911733758425e+00
1.770000000000000000e+02 1.842467784881591797e-01 3.057678102252697572e+05 1.148725266372847331e+00
1.780000000000000000e+02 2.096929550170898438e-01 2.499025672538106446e+05 1.544759587365708287e-01
1.790000000000000000e+02 2.378239631652832031e-01 2.776799448068242054e+05 5.922601792544186505e-01
1.800000000000000000e+02 1.899523735046386719e-01 2.268242877870059456e+05 -2.943592594206232982e-01
1.810000000000000000e+02 1.859388351440429688e-01 4.952059650251366547e+05 4.420824763640861299e+00
1.810000000000000000e+02 3.696455955505371094e-01 3.378855758290222147e+05 0.000000000000000000e+00
1.820000000000000000e+02 2.615792751312255859e-01 3.213258479953188216e+05 0.000000000000000000e+00
1.830000000000000000e+02 1.841936111450195312e-01 3.100590401749756420e+05 -1.669300881487602695e+00
1.840000000000000000e+02 2.382228374481201172e-01 2.899711548579465598e+05 -2.366164391812140000e+00
1.850000000000000000e+02 1.930296421051025391e-01 2.873524658390514669e+05 -1.364688958445761102e+00
1.860000000000000000e+02 2.284541130065917969e-01 3.567623696584130521e+05 2.225638223144307926e+00
1.870000000000000000e+02 2.201454639434814453e-01 3.656481201985952794e+05 1.781626401519430081e+00
1.880000000000000000e+02 1.860451698303222656e-01 4.320045403016536147e+05 3.498519814128123517e+00
1.880000000000000000e+02 3.723771572113037109e-01 2.812394614352837089e+05 0.000000000000000000e+00
1.890000000000000000e+02 1.859216690063476562e-01 3.316532352361322846e+05 0.000000000000000000e+00
1.900000000000000000e+02 3.887314796447753906e-01 3.581588646583677619e+05 1.450646051946908877e+00
1.910000000000000000e+02 3.247244358062744141e-01 3.503832413516547531e+05 6.833021610835684490e-01
1.920000000000000000e+02 1.867330074310302734e-01 2.965543076542483177e+05 -9.774510902166783088e-01
1.930000000000000000e+02 1.891787052154541016e-01 3.099960612256527529e+05 -4.054182221884021775e-01
1.940000000000000000e+02 1.936178207397460938e-01 4.291605439116755733e+05 3.533379411010572735e+00
1.940000000000000000e+02 4.543187618255615234e-01 2.058550122225455707e+05 0.000000000000000000e+00
1.950000000000000000e+02 1.859350204467773438e-01 2.501506381883096183e+05 0.000000000000000000e+00
1.960000000000000000e+02 3.634448051452636719e-01 1.804368096057388466e+05 -1.518626340693811416e+00
1.970000000000000000e+02 4.189782142639160156e-01 1.936395891151948308e+05 -5.245955293794571928e-01
1.980000000000000000e+02 2.797029018402099609e-01 2.032850321186717774e+05 -1.399872940439942925e-01
1.990000000000000000e+02 2.515861988067626953e-01 2.972563523008764023e+05 3.448021240692076717e+00
1.990000000000000000e+02 4.459288120269775391e-01 1.833277588408941228e+05 0.000000000000000000e+00
2.000000000000000000e+02 1.910467147827148438e-01 2.815182629898577579e+05 0.000000000000000000e+00
2.010000000000000000e+02 2.740802764892578125e-01 3.474187069168942980e+05 1.656254587033783476e+00
2.020000000000000000e+02 2.721614837646484375e-01 3.535436657307692803e+05 1.002609472119941669e+00
2.030000000000000000e+02 1.880836486816406250e-01 3.653819098691387917e+05 9.344693564805767183e-01
2.040000000000000000e+02 2.641212940216064453e-01 4.330761462910797563e+05 1.667275073565702037e+00
2.050000000000000000e+02 2.612152099609375000e-01 4.402232000891182106e+05 1.319739572826257534e+00
2.060000000000000000e+02 4.099237918853759766e-01 4.249907567438662518e+05 9.161714858540549455e-01
2.070000000000000000e+02 4.465825557708740234e-01 4.134219129721086356e+05 6.847009571863666988e-01
2.080000000000000000e+02 2.994742393493652344e-01 3.694254756132684415e+05 1.083631876068545802e-01
2.090000000000000000e+02 1.875979900360107422e-01 3.845698120486426633e+05 2.944643075776305352e-01
2.100000000000000000e+02 1.911902427673339844e-01 3.650995209523230442e+05 2.311083404603515509e-02
2.110000000000000000e+02 1.888723373413085938e-01 3.756821462187260040e+05 1.691960496867721819e-01
2.120000000000000000e+02 2.720527648925781250e-01 3.526808026033520000e+05 -1.703307684736332650e-01
2.130000000000000000e+02 2.162528038024902344e-01 3.058379378373134532e+05 -8.700545565366678558e-01
2.140000000000000000e+02 2.005982398986816406e-01 2.602760540066404501e+05 -1.514327229720668466e+00
2.150000000000000000e+02 1.891429424285888672e-01 2.540066073843610648e+05 -1.460193067936576661e+00
2.160000000000000000e+02 2.479841709136962891e-01 2.254040851949133212e+05 -1.740045080275947953e+00
2.170000000000000000e+02 3.391835689544677734e-01 3.453224098657116410e+05 5.998883341000400826e-02
2.180000000000000000e+02 2.229816913604736328e-01 3.220521576529928134e+05 -2.650192745822676499e-01
2.190000000000000000e+02 2.748196125030517578e-01 3.633485167452414753e+05 3.305352098231415514e-01
2.200000000000000000e+02 2.786016464233398438e-01 4.862499775135088130e+05 2.114800863968089306e+00
2.210000000000000000e+02 2.314014434814453125e-01 4.513109356585737551e+05 1.403724082738238454e+00
2.220000000000000000e+02 2.692608833312988281e-01 3.830280885860301205e+05 4.080644139569480910e-01
2.230000000000000000e+02 1.904027462005615234e-01 3.269300311887288699e+05 -3.619257925647182961e-01
2.240000000000000000e+02 3.194088935852050781e-01 3.064010071195377386e+05 -6.374094151291150867e-01
2.250000000000000000e+02 1.924569606781005859e-01 2.885029994600497885e+05 -8.706964255477884773e-01
2.260000000000000000e+02 3.292558193206787109e-01 2.971945278843640699e+05 -7.207019144107887909e-01
2.270000000000000000e+02 1.897408962249755859e-01 2.759013008455709205e+05 -1.003494525927007164e+00
2.280000000000000000e+02 2.845976352691650391e-01 2.600034707004919474e+05 -1.194973788456021646e+00
2.290000000000000000e+02 1.894140243530273438e-01 3.153009062365197460e+05 -3.680222956503103604e-01
2.300000000000000000e+02 2.914836406707763672e-01 3.315743287991674151e+05 -1.285938634320611118e-01
2.310000000000000000e+02 2.126367092132568359e-01 4.464373295412736479e+05 1.543502621858861446e+00
2.320000000000000000e+02 2.027790546417236328e-01 6.674407639534523478e+05 4.616548989962845795e+00
2.320000000000000000e+02 6.004173755645751953e-01 2.793633334903577925e+05 0.000000000000000000e+00
2.330000000000000000e+02 2.640712261199951172e-01 1.929892711826148152e+05 0.000000000000000000e+00
2.340000000000000000e+02 2.833576202392578125e-01 2.686016628847728716e+05 5.309045728200467718e-01
2.350000000000000000e+02 1.898984909057617188e-01 2.589244687452695216e+05 2.536584969242405285e-01
2.360000000000000000e+02 3.415110111236572266e-01 3.138318213011481566e+05 1.641978196021195879e+00
2.370000000000000000e+02 3.373277187347412109e-01 3.319692398376617348e+05 1.567606273126529670e+00
2.380000000000000000e+02 1.943998336791992188e-01 3.890201976897531422e+05 2.362445558100188858e+00
2.390000000000000000e+02 2.758164405822753906e-01 4.074656358225748409e+05 1.883164692164943421e+00
2.400000000000000000e+02 1.926331520080566406e-01 3.771360995822203113e+05 1.016115498576657172e+00
2.410000000000000000e+02 8.834850788116455078e-01 1.020845852991884691e+06 1.005653967363897827e+01
2.410000000000000000e+02 3.349781036376953125e-04 3.369851120472908224e+04 0.000000000000000000e+00
2.420000000000000000e+02 6.828553676605224609e-01 9.137825722740391502e+05 3.622707133817039704e+01
2.420000000000000000e+02 3.223419189453125000e-04 4.372418202617329371e+04 0.000000000000000000e+00
2.430000000000000000e+02 7.810709476470947266e-01 8.430354169858403038e+05 2.514579055513167205e+01
2.430000000000000000e+02 3.423690795898437500e-04 4.368506625137591618e+04 0.000000000000000000e+00
2.440000000000000000e+02 6.787457466125488281e-01 7.962848045568137895e+05 2.365675135801152962e+01
2.440000000000000000e+02 3.242492675781250000e-04 5.517099114317748172e+04 0.000000000000000000e+00
2.450000000000000000e+02 1.949744224548339844e-01 2.063556099617537693e+05 3.168251154663712654e+00
2.450000000000000000e+02 4.548163414001464844e-01 2.075434664126093558e+05 0.000000000000000000e+00
2.460000000000000000e+02 2.539002895355224609e-01 1.732741443464058684e+05 0.000000000000000000e+00
2.470000000000000000e+02 1.797516345977783203e-01 1.579597479258839739e+05 -1.339095563328784877e+00
2.480000000000000000e+02 1.813614368438720703e-01 2.383512706215317012e+05 2.314385122882421708e+00
2.490000000000000000e+02 1.775667667388916016e-01 1.961915875991011271e+05 5.310394202774686156e-02
2.500000000000000000e+02 1.805694103240966797e-01 3.114208943368213950e+05 3.748102539704527114e+00
2.500000000000000000e+02 3.661966323852539062e-01 3.221855313596054330e+05 0.000000000000000000e+00
2.510000000000000000e+02 1.803092956542968750e-01 1.469853887255706068e+05 0.000000000000000000e+00
2.520000000000000000e+02 1.904838085174560547e-01 1.615836709596987057e+05 -5.892696127204323231e-01
2.530000000000000000e+02 2.688248157501220703e-01 1.750586010613648104e+05 -3.620220973995947333e-01
2.540000000000000000e+02 1.801548004150390625e-01 1.475600617730889644e+05 -6.628897157607364088e-01
2.550000000000000000e+02 2.622497081756591797e-01 1.827201063523671764e+05 -1.068883164864091878e-01
2.560000000000000000e+02 1.845388412475585938e-01 1.779222739485637867e+05 -1.714634066888560682e-01
2.570000000000000000e+02 1.841306686401367188e-01 1.945430737618449202e+05 1.119319870869694283e-01
2.580000000000000000e+02 1.804533004760742188e-01 2.112722718942836800e+05 4.017002118420073264e-01
2.590000000000000000e+02 2.663145065307617188e-01 2.188028637127958064e+05 5.188788922552148852e-01
2.600000000000000000e+02 3.546309471130371094e-01 2.190973328587004798e+05 4.937454185781744997e-01
2.610000000000000000e+02 2.431931495666503906e-01 1.855432243568641425e+05 -2.162716728112049347e-01
2.620000000000000000e+02 1.830041408538818359e-01 1.930266448146923212e+05 -4.789985085797426878e-02
2.630000000000000000e+02 3.351240158081054688e-01 2.229763287502710009e+05 6.208237191396842602e-01
2.640000000000000000e+02 1.861314773559570312e-01 2.133112612721821351e+05 3.704971300081391083e-01
2.650000000000000000e+02 2.032709121704101562e-01 2.351069135658351879e+05 8.712174663642251460e-01
2.660000000000000000e+02 1.899335384368896484e-01 2.923631327105658711e+05 2.188484174193953358e+00
2.670000000000000000e+02 3.385331630706787109e-01 2.936029404098252999e+05 1.892140040656570932e+00
2.680000000000000000e+02 2.177641391754150391e-01 2.836000709577788948e+05 1.471561290909973563e+00
2.690000000000000000e+02 1.944382190704345703e-01 2.471239678210475540e+05 6.388134700763380414e-01
2.700000000000000000e+02 1.874563694000244141e-01 2.355169868691622396e+05 3.852053748171945791e-01
2.710000000000000000e+02 1.819064617156982422e-01 2.522441466965841537e+05 7.163020818372184406e-01
2.720000000000000000e+02 2.367913722991943359e-01 2.575275557331092423e+05 8.013405737215211211e-01
2.730000000000000000e+02 3.385968208312988281e-01 2.511484756153125782e+05 6.403694613816500736e-01
2.740000000000000000e+02 3.770937919616699219e-01 2.700306452430993668e+05 1.020752303737559430e+00
2.750000000000000000e+02 1.982986927032470703e-01 2.820791121226431569e+05 1.234386471280968900e+00
2.760000000000000000e+02 1.859226226806640625e-01 2.991549895947836922e+05 1.533363177646530406e+00
2.770000000000000000e+02 3.931324481964111328e-01 2.204523722516336420e+05 -1.664184006424302975e-01
2.780000000000000000e+02 3.981611728668212891e-01 1.965462973693653184e+05 -6.610391478300965407e-01
2.790000000000000000e+02 2.475409507751464844e-01 2.517897694825078943e+05 5.169812062821200760e-01
2.800000000000000000e+02 1.844694614410400391e-01 2.533348225084382866e+05 5.391842488813659573e-01
2.810000000000000000e+02 2.937266826629638672e-01 2.651782759706054348e+05 7.835807749884653450e-01
2.820000000000000000e+02 2.368845939636230469e-01 2.638456538832549122e+05 7.351738930691402718e-01
2.830000000000000000e+02 2.303314208984375000e-01 2.692195074481014162e+05 8.357957165352515316e-01
2.840000000000000000e+02 2.989318370819091797e-01 2.897916528410363244e+05 1.267373358707928555e+00
2.850000000000000000e+02 1.975998878479003906e-01 3.159059381882385351e+05 1.790457556985826537e+00
2.860000000000000000e+02 1.848838329315185547e-01 4.156542135453671799e+05 3.802049836741837385e+00
2.860000000000000000e+02 3.703536987304687500e-01 1.941847598241572268e+05 0.000000000000000000e+00
2.870000000000000000e+02 1.875078678131103516e-01 1.442993722408812610e+05 0.000000000000000000e+00
2.880000000000000000e+02 1.824498176574707031e-01 1.565928758917329542e+05 -3.585951140556672412e-01
2.890000000000000000e+02 3.329954147338867188e-01 1.666332647372331121e+05 6.185475506343146579e-02
2.900000000000000000e+02 3.387145996093750000e-01 1.630503735816954577e+05 -1.119425936894033330e-01
2.910000000000000000e+02 2.375669479370117188e-01 1.862843427526659507e+05 1.158007850533490313e+00
2.920000000000000000e+02 3.765196800231933594e-01 2.589649901898433745e+05 4.853743602972561355e+00
2.920000000000000000e+02 5.826828479766845703e-01 1.544060663514538319e+05 0.000000000000000000e+00
2.930000000000000000e+02 1.832430362701416016e-01 1.733404436847703182e+05 0.000000000000000000e+00
2.940000000000000000e+02 1.837267875671386719e-01 1.916062389605251956e+05 2.071383775975810693e+00
2.950000000000000000e+02 1.879179477691650391e-01 2.167757224276890047e+05 2.347074553773544459e+00
2.960000000000000000e+02 2.162954807281494141e-01 1.782417548975583341e+05 -2.177420255543913441e-01
2.970000000000000000e+02 1.912112236022949219e-01 2.873135127084114356e+05 4.506530203308060756e+00
2.970000000000000000e+02 3.789722919464111328e-01 1.754562181182266795e+05 0.000000000000000000e+00
2.980000000000000000e+02 1.841602325439453125e-01 2.648391244774471852e+05 0.000000000000000000e+00
2.990000000000000000e+02 1.845176219940185547e-01 2.869956428148506093e+05 1.057666524699427457e+00
