2.475669383458461985e+07
1.000000000000000000e+00 1.213860511779785156e-01 1.473209625640171871e+05 0.000000000000000000e+00
2.000000000000000000e+00 2.318017482757568359e-01 1.472999900806930091e+05 7.065456052336028803e-01
3.000000000000000000e+00 1.522135734558105469e-01 8.813714152668365568e+04 -1.362226736407780470e+00
4.000000000000000000e+00 1.503105163574218750e-01 1.302483145111994527e+05 3.372982369741542308e-01
5.000000000000000000e+00 1.171147823333740234e-01 1.062443419247365673e+05 -5.348068390734544986e-01
6.000000000000000000e+00 5.915617942810058594e-02 1.233588752290102711e+05 1.678064885194336942e-01
7.000000000000000000e+00 6.230926513671875000e-02 1.411308897685173433e+05 8.969207921354875879e-01
8.000000000000000000e+00 5.893349647521972656e-02 1.401168698845440813e+05 7.588203998366889191e-01
9.000000000000000000e+00 5.817270278930664062e-02 1.389859953937104729e+05 6.464413293852149245e-01
1.000000000000000000e+01 6.362938880920410156e-02 1.470116867399172334e+05 9.682339476547291435e-01
1.100000000000000000e+01 9.811019897460937500e-02 1.562081300481297367e+05 1.308339499154939967e+00
1.200000000000000000e+01 1.110615730285644531e-01 1.663603660381004738e+05 1.623214145990003132e+00
1.300000000000000000e+01 5.989599227905273438e-02 1.516303938116838690e+05 7.939271465599838651e-01
1.400000000000000000e+01 7.550358772277832031e-02 1.603873157926081039e+05 1.125264532505759529e+00
1.500000000000000000e+01 6.067299842834472656e-02 1.417790815799923439e+05 2.496435044828399230e-01
1.600000000000000000e+01 5.844426155090332031e-02 1.572437888091497880e+05 9.232297678743752734e-01
1.700000000000000000e+01 5.894613265991210938e-02 1.929629583892375813e+05 2.458188519761229429e+00
1.800000000000000000e+01 5.947852134704589844e-02 2.172659133913746336e+05 3.008211702585621872e+00
1.800000000000000000e+01 1.296398639678955078e-01 1.449690581495785154e+05 0.000000000000000000e+00
1.900000000000000000e+01 9.724187850952148438e-02 2.412348814565509674e+05 0.000000000000000000e+00
2.000000000000000000e+01 5.979990959167480469e-02 3.341458577040579403e+05 2.072035248931049622e+00
2.100000000000000000e+01 5.857801437377929688e-02 2.346829116702621977e+05 -5.744258978600776111e-02
2.200000000000000000e+01 5.920720100402832031e-02 3.169116594605407445e+05 1.011264581611055480e+00
2.300000000000000000e+01 9.031248092651367188e-02 3.276708978244779864e+05 9.705520996733704164e-01
2.400000000000000000e+01 5.937218666076660156e-02 2.592864064786532253e+05 -9.904861180594710934e-02
2.500000000000000000e+01 6.028771400451660156e-02 3.065105990314331139e+05 6.068484710411634619e-01
2.600000000000000000e+01 5.866336822509765625e-02 3.224796992707170430e+05 8.077228002220616654e-01
2.700000000000000000e+01 5.949282646179199219e-02 2.596167059912997065e+05 -2.693608244031914234e-01
2.800000000000000000e+01 7.297182083129882812e-02 3.227750675284753670e+05 8.126241188981833119e-01
2.900000000000000000e+01 8.162617683410644531e-02 3.199355474458337412e+05 7.049321019083292228e-01
3.000000000000000000e+01 7.494997978210449219e-02 3.072513560609825072e+05 4.381152610449897677e-01
3.100000000000000000e+01 1.261353492736816406e-01 3.212172448605270474e+05 6.753676982896980041e-01
3.200000000000000000e+01 1.205317974090576172e-01 3.120713795423842967e+05 4.697966117462815117e-01
3.300000000000000000e+01 8.360099792480468750e-02 3.128401179174373974e+05 4.663268118016852259e-01
3.400000000000000000e+01 6.865644454956054688e-02 3.404675394155450049e+05 9.981051120429647039e-01
3.500000000000000000e+01 7.495522499084472656e-02 3.252601300923321978e+05 6.385329659318105255e-01
3.600000000000000000e+01 5.965924263000488281e-02 2.606719967569832515e+05 -6.952296733892768810e-01
3.700000000000000000e+01 5.908918380737304688e-02 2.104878089599399245e+05 -1.701928486295759102e+00
3.800000000000000000e+01 5.944824218750000000e-02 2.079568158699270280e+05 -1.596944146471682702e+00
3.900000000000000000e+01 1.466627120971679688e-01 2.744235920393220149e+05 -2.043991695617524140e-01
4.000000000000000000e+01 1.235971450805664062e-01 2.880018327577884775e+05 6.479619619646551087e-02
4.100000000000000000e+01 1.658661365509033203e-01 2.787595085478435503e+05 -1.208418696797345926e-01
4.200000000000000000e+01 7.397842407226562500e-02 2.656436591335780104e+05 -3.856676753853486850e-01
4.300000000000000000e+01 6.079721450805664062e-02 2.895105115822758526e+05 1.182876566331910045e-01
4.400000000000000000e+01 6.102395057678222656e-02 2.702885841645813780e+05 -2.909852915628824421e-01
4.500000000000000000e+01 6.245136260986328125e-02 3.109894223605293082e+05 5.922116307458448192e-01
4.600000000000000000e+01 5.971670150756835938e-02 2.960664228825066239e+05 2.524365511983311938e-01
4.700000000000000000e+01 5.929970741271972656e-02 3.359281648822209099e+05 1.133025102336224776e+00
4.800000000000000000e+01 5.957627296447753906e-02 3.054557960167531273e+05 4.169108021353117866e-01
4.900000000000000000e+01 9.548282623291015625e-02 2.946141491241372423e+05 1.660425842619856485e-01
5.000000000000000000e+01 6.134009361267089844e-02 2.830652541680674185e+05 -9.971648206862575303e-02
5.100000000000000000e+01 6.113696098327636719e-02 2.940360484748932649e+05 1.557174435530542800e-01
5.200000000000000000e+01 6.125736236572265625e-02 2.805482642807868542e+05 -1.635053435523051990e-01
5.300000000000000000e+01 1.107919216156005859e-01 2.707227212407686748e+05 -3.954149661648944658e-01
5.400000000000000000e+01 9.181666374206542969e-02 2.989224062399979448e+05 2.914447123331577183e-01
5.500000000000000000e+01 6.092667579650878906e-02 3.128573915668309783e+05 6.279509449396243337e-01
5.600000000000000000e+01 6.046080589294433594e-02 2.924071173225078383e+05 1.123719586831247730e-01
5.700000000000000000e+01 5.953979492187500000e-02 2.643553305239636684e+05 -5.898520605197190569e-01
5.800000000000000000e+01 5.980086326599121094e-02 3.187427114864931791e+05 7.903318741784719492e-01
5.900000000000000000e+01 1.434736251831054688e-01 4.079772383314108592e+05 3.034306228771837866e+00
5.900000000000000000e+01 2.618010044097900391e-01 1.749597404372213350e+05 0.000000000000000000e+00
6.000000000000000000e+01 7.087659835815429688e-02 1.098583865831885196e+05 0.000000000000000000e+00
6.100000000000000000e+01 6.291103363037109375e-02 1.321218015739399998e+05 -2.234728540756628634e-01
6.200000000000000000e+01 6.230998039245605469e-02 1.644321554820430465e+05 7.692245193057010155e-01
6.300000000000000000e+01 1.217052936553955078e-01 1.709356713060473558e+05 8.569845694346323040e-01
6.400000000000000000e+01 8.873510360717773438e-02 2.226521056430455646e+05 2.552524129371009920e+00
6.500000000000000000e+01 6.518793106079101562e-02 2.646141215564394370e+05 2.629328200426448436e+00
6.600000000000000000e+01 6.132483482360839844e-02 3.034996260023593786e+05 2.412061169850359121e+00
6.700000000000000000e+01 9.267687797546386719e-02 3.411186338199353777e+05 2.246972030736755777e+00
6.800000000000000000e+01 6.023716926574707031e-02 3.767299063905065996e+05 2.117212520712053347e+00
6.900000000000000000e+01 6.051635742187500000e-02 3.247368710284398403e+05 1.079088767404740468e+00
7.000000000000000000e+01 5.990791320800781250e-02 3.247130307134476025e+05 9.778692398383274087e-01
7.100000000000000000e+01 6.162238121032714844e-02 2.850168393020328949e+05 4.660263226754660648e-01
7.200000000000000000e+01 6.017875671386718750e-02 3.431593643694288912e+05 1.105402000293362663e+00
7.300000000000000000e+01 6.069183349609375000e-02 3.125863220484976191e+05 6.758359123592706519e-01
7.400000000000000000e+01 6.035637855529785156e-02 3.470652337562028551e+05 1.041801992985812442e+00
7.500000000000000000e+01 6.150579452514648438e-02 3.563815293209826341e+05 1.083512833300164235e+00
7.600000000000000000e+01 6.021928787231445312e-02 4.025778695711693144e+05 1.547237648519967923e+00
7.700000000000000000e+01 6.075072288513183594e-02 4.282285549774535466e+05 1.694290636136493333e+00
7.800000000000000000e+01 6.451916694641113281e-02 4.266228786840594257e+05 1.516531844361900250e+00
7.900000000000000000e+01 1.379981040954589844e-01 4.128408197281231405e+05 1.256154341933935603e+00
8.000000000000000000e+01 6.080436706542968750e-02 4.651815357844969840e+05 1.712800687233734909e+00
8.100000000000000000e+01 8.674335479736328125e-02 3.954602321168091148e+05 8.899579948633806747e-01
8.200000000000000000e+01 8.004665374755859375e-02 4.292852854020944214e+05 1.187292601441497064e+00
8.300000000000000000e+01 6.285929679870605469e-02 6.235848573774719844e+05 3.017952463175892497e+00
8.300000000000000000e+01 1.232352256774902344e-01 3.816773547076629475e+05 0.000000000000000000e+00
8.400000000000000000e+01 6.143450736999511719e-02 4.010301078273274470e+05 0.000000000000000000e+00
8.500000000000000000e+01 2.918632030487060547e-01 4.975384465481982916e+05 7.759509127107557802e+00
8.500000000000000000e+01 3.092288970947265625e-04 7.139635447559856402e+04 0.000000000000000000e+00
8.600000000000000000e+01 5.716800689697265625e-02 3.264405368909814279e+05 4.344788997322221569e+00
8.600000000000000000e+01 1.142470836639404297e-01 3.129587089931055671e+05 0.000000000000000000e+00
8.700000000000000000e+01 5.700612068176269531e-02 1.504354941455064109e+05 0.000000000000000000e+00
8.800000000000000000e+01 6.130790710449218750e-02 1.866010328983158397e+05 -3.924083829133337975e-01
8.900000000000000000e+01 5.742573738098144531e-02 2.004522198916834022e+05 -1.900002289430149927e-01
9.000000000000000000e+01 5.786132812500000000e-02 2.671686491890246980e+05 7.778019133545222008e-01
9.100000000000000000e+01 5.740976333618164062e-02 1.852991094682497205e+05 -5.839151777390307885e-01
9.200000000000000000e+01 8.797764778137207031e-02 2.052031242181427078e+05 -1.972025494460196426e-01
9.300000000000000000e+01 9.153437614440917969e-02 2.439741655259368708e+05 5.140384374954484192e-01
9.400000000000000000e+01 5.956196784973144531e-02 1.804097561607932730e+05 -7.371983991813101378e-01
9.500000000000000000e+01 1.343779563903808594e-01 2.268302968254389707e+05 2.390824618934895285e-01
9.600000000000000000e+01 6.433153152465820312e-02 2.140518263251177850e+05 -3.927841223441200930e-02
9.700000000000000000e+01 5.760025978088378906e-02 2.392826678715226881e+05 5.175550524107401795e-01
9.800000000000000000e+01 9.412646293640136719e-02 2.279787534960985940e+05 2.338508449441017156e-01
9.900000000000000000e+01 9.341764450073242188e-02 1.638680834509989072e+05 -1.298301141853684060e+00
1.000000000000000000e+02 5.930924415588378906e-02 1.635214079200353590e+05 -1.188246975318860033e+00
1.010000000000000000e+02 5.992960929870605469e-02 3.095882391129359603e+05 2.262857880433663205e+00
1.020000000000000000e+02 5.804777145385742188e-02 3.043827346897837124e+05 1.787972269794578573e+00
1.030000000000000000e+02 5.799245834350585938e-02 2.356465382381825766e+05 2.551366991480127355e-01
1.040000000000000000e+02 5.768632888793945312e-02 2.449229112871961552e+05 4.327073025963963926e-01
1.050000000000000000e+02 5.898785591125488281e-02 2.516391885644731519e+05 5.566029019967151381e-01
1.060000000000000000e+02 5.790233612060546875e-02 2.544227850482424546e+05 5.967265793614665581e-01
1.070000000000000000e+02 5.951356887817382812e-02 2.693636945782828261e+05 8.937201081827753635e-01
1.080000000000000000e+02 5.892205238342285156e-02 3.195325978873873246e+05 1.924345964173211021e+00
1.090000000000000000e+02 5.889511108398437500e-02 3.729752706080148928e+05 2.818272362566253797e+00
1.100000000000000000e+02 5.823707580566406250e-02 3.224785189694464207e+05 1.484668178221856261e+00
1.110000000000000000e+02 5.816435813903808594e-02 3.200549345152947353e+05 1.351234560146730157e+00
1.120000000000000000e+02 5.821776390075683594e-02 2.524887499021629919e+05 1.259212162154508541e-01
1.130000000000000000e+02 5.906128883361816406e-02 2.386547947488570935e+05 -1.172919841746745268e-01
1.140000000000000000e+02 5.810546875000000000e-02 2.182371643912756990e+05 -4.774742871290997837e-01
1.150000000000000000e+02 5.825138092041015625e-02 1.913503749797291239e+05 -9.513733393579673070e-01
1.160000000000000000e+02 6.667017936706542969e-02 2.250226641882637923e+05 -3.144338330806847881e-01
1.170000000000000000e+02 6.125140190124511719e-02 2.826813551951703848e+05 7.468175129766362330e-01
1.180000000000000000e+02 1.549463272094726562e-01 3.335318620406760601e+05 1.667020387028253170e+00
1.190000000000000000e+02 6.161260604858398438e-02 4.081508617879014346e+05 2.916870893037279977e+00
1.200000000000000000e+02 5.913233757019042969e-02 3.618991980303658056e+05 1.810347086490684765e+00
1.210000000000000000e+02 1.197922229766845703e-01 1.986153329499606334e+05 -8.716676433049990180e-01
1.220000000000000000e+02 1.328191757202148438e-01 1.930459701678360288e+05 -9.388427795410216881e-01
1.230000000000000000e+02 1.409006118774414062e-01 2.095848022862548532e+05 -6.528211102210562666e-01
1.240000000000000000e+02 1.222083568572998047e-01 2.372293625026640366e+05 -1.985178076435921424e-01
1.250000000000000000e+02 1.208417415618896484e-01 2.394769286001557484e+05 -1.595060643922449617e-01
1.260000000000000000e+02 1.211841106414794922e-01 2.067612616322004469e+05 -6.943323886156528291e-01
1.270000000000000000e+02 1.043226718902587891e-01 2.106113415586686751e+05 -6.183288253270421420e-01
1.280000000000000000e+02 1.177811622619628906e-01 2.359646803604181914e+05 -1.862298968513533826e-01
1.290000000000000000e+02 5.923485755920410156e-02 2.940602802853215835e+05 7.943785500576604486e-01
1.300000000000000000e+02 5.941390991210937500e-02 3.059813832200621837e+05 9.814758265179178709e-01
1.310000000000000000e+02 5.911159515380859375e-02 4.185255494060461642e+05 2.865454833863668505e+00
1.320000000000000000e+02 1.010193824768066406e-01 4.779732973808235256e+05 3.542724071129965235e+00
1.320000000000000000e+02 2.300326824188232422e-01 2.227238656918662600e+05 0.000000000000000000e+00
1.330000000000000000e+02 1.459605693817138672e-01 2.156599096243023232e+05 0.000000000000000000e+00
1.340000000000000000e+02 1.212117671966552734e-01 2.404577466732463508e+05 4.257453747886606799e+00
1.340000000000000000e+02 2.457878589630126953e-01 1.374591387569195649e+05 0.000000000000000000e+00
1.350000000000000000e+02 9.818935394287109375e-02 1.864521941321392951e+05 0.000000000000000000e+00
1.360000000000000000e+02 6.111431121826171875e-02 2.229205644268106262e+05 1.759787890241322428e+00
1.370000000000000000e+02 6.065940856933593750e-02 2.182284301478675625e+05 8.383460668036653018e-01
1.380000000000000000e+02 6.000638008117675781e-02 2.226764700483060733e+05 7.980787761605206976e-01
1.390000000000000000e+02 2.940008640289306641e-01 6.794294505681309383e+05 1.307085752921241806e+01
1.390000000000000000e+02 3.046989440917968750e-04 3.949883919419038284e+04 0.000000000000000000e+00
1.400000000000000000e+02 2.887179851531982422e-01 2.845650572312088916e+05 8.067226244742201402e+00
1.400000000000000000e+02 3.006458282470703125e-04 5.458878876998139458e+04 0.000000000000000000e+00
1.410000000000000000e+02 3.301792144775390625e-01 3.333730221103220829e+05 6.515263464597341958e+00
1.410000000000000000e+02 3.139972686767578125e-04 5.062317667831701692e+04 0.000000000000000000e+00
1.420000000000000000e+02 3.965094089508056641e-01 3.265180542602733476e+05 7.000317036663021852e+00
1.420000000000000000e+02 3.061294555664062500e-04 5.992592927010821586e+04 0.000000000000000000e+00
1.430000000000000000e+02 5.950808525085449219e-02 1.533342432310422300e+05 1.497269622332150441e+00
1.440000000000000000e+02 5.739092826843261719e-02 1.253058976314554311e+05 3.015085117380015278e-01
1.450000000000000000e+02 5.741238594055175781e-02 1.381764848909074790e+05 5.999050279107802641e-01
1.460000000000000000e+02 5.884981155395507812e-02 1.337727300713305885e+05 4.057323116741602398e-01
1.470000000000000000e+02 5.755019187927246094e-02 1.427186578900019813e+05 6.477654948235577193e-01
1.480000000000000000e+02 5.966305732727050781e-02 1.887000647958850896e+05 2.088796744891147750e+00
1.490000000000000000e+02 5.715489387512207031e-02 1.626487844686059107e+05 8.250542217649800003e-01
1.500000000000000000e+02 5.855584144592285156e-02 1.349493371518079366e+05 -3.107522603536509026e-02
1.510000000000000000e+02 5.724239349365234375e-02 1.832482099615066836e+05 1.418852772041101717e+00
1.520000000000000000e+02 5.810570716857910156e-02 1.869369700801339932e+05 1.345750590235676780e+00
1.530000000000000000e+02 6.433963775634765625e-02 2.068023798513840011e+05 1.754223503463507639e+00
1.540000000000000000e+02 5.931305885314941406e-02 2.072760611902431701e+05 1.520119550381084927e+00
1.550000000000000000e+02 5.810499191284179688e-02 2.005599658297183341e+05 1.185365553556507523e+00
1.560000000000000000e+02 5.816769599914550781e-02 2.489978067434446129e+05 2.291238050210465449e+00
1.570000000000000000e+02 5.778384208679199219e-02 2.536550272137758438e+05 2.014997918523219855e+00
1.580000000000000000e+02 5.889129638671875000e-02 2.985114411133838003e+05 2.658542505520003818e+00
1.590000000000000000e+02 6.372165679931640625e-02 2.885458838270115084e+05 1.998998190231513039e+00
1.600000000000000000e+02 7.957553863525390625e-02 1.624466539772384567e+05 -2.989015589001114415e-01
1.610000000000000000e+02 9.351730346679687500e-02 1.381769307615712751e+05 -6.976796160738903962e-01
1.620000000000000000e+02 6.131839752197265625e-02 1.612360864245590055e+05 -2.819181703751770796e-01
1.630000000000000000e+02 5.864667892456054688e-02 1.700163195230001875e+05 -1.227121959901353726e-01
1.640000000000000000e+02 9.487986564636230469e-02 2.807093201883737347e+05 1.847249305084573745e+00
1.650000000000000000e+02 5.816054344177246094e-02 2.596797790794073662e+05 1.332318122197617027e+00
1.660000000000000000e+02 5.857992172241210938e-02 2.565859591299795138e+05 1.208961904362462647e+00
1.670000000000000000e+02 5.825424194335937500e-02 2.434316563632414909e+05 9.350710861921678330e-01
1.680000000000000000e+02 5.958247184753417969e-02 4.418001862861392437e+05 4.201912296670645475e+00
1.680000000000000000e+02 1.177489757537841797e-01 2.231788373685266706e+05 0.000000000000000000e+00
1.690000000000000000e+02 5.861568450927734375e-02 2.161736268859143893e+05 0.000000000000000000e+00
1.700000000000000000e+02 2.956638336181640625e-01 3.537213355481389444e+05 2.706105743690309140e+01
1.700000000000000000e+02 3.311634063720703125e-04 7.105524648541264469e+04 0.000000000000000000e+00
1.710000000000000000e+02 5.880045890808105469e-02 2.897951467305818223e+05 3.646476505902089826e+00
1.710000000000000000e+02 1.236541271209716797e-01 2.841863703277467866e+05 0.000000000000000000e+00
1.720000000000000000e+02 5.709528923034667969e-02 1.003516756155320472e+05 0.000000000000000000e+00
1.730000000000000000e+02 5.859708786010742188e-02 1.161045515786575124e+05 -5.859221981114739464e-01
1.740000000000000000e+02 5.945301055908203125e-02 1.370801682110434631e+05 -2.924664127621528498e-01
1.750000000000000000e+02 5.781698226928710938e-02 1.392685338919316127e+05 -2.385482932766355979e-01
1.760000000000000000e+02 7.065463066101074219e-02 1.624761670707995945e+05 9.597168873422341762e-02
1.770000000000000000e+02 5.961060523986816406e-02 1.791372410956646781e+05 3.416671315937577225e-01
1.780000000000000000e+02 5.735158920288085938e-02 1.643170735390394402e+05 7.419207040035548373e-02
1.790000000000000000e+02 1.027019023895263672e-01 2.052948223921613535e+05 7.968869205733487560e-01
1.800000000000000000e+02 6.097888946533203125e-02 2.056344791740496003e+05 7.346455532584983406e-01
1.810000000000000000e+02 5.839848518371582031e-02 4.342094609336857684e+05 4.974556469708449669e+00
1.810000000000000000e+02 1.198096275329589844e-01 3.329364614393737284e+05 0.000000000000000000e+00
1.820000000000000000e+02 5.849003791809082031e-02 3.374616822521268623e+05 0.000000000000000000e+00
1.830000000000000000e+02 5.822348594665527344e-02 3.321663895895415917e+05 -9.477681984073882404e-01
1.840000000000000000e+02 5.903720855712890625e-02 3.434160719237690791e+05 3.225446995727998534e+00
1.840000000000000000e+02 1.167831420898437500e-01 2.101010539274715411e+05 0.000000000000000000e+00
1.850000000000000000e+02 8.594584465026855469e-02 2.569457255996388267e+05 0.000000000000000000e+00
1.860000000000000000e+02 1.414697170257568359e-01 3.803270065158947837e+05 4.431916339802913107e+00
1.860000000000000000e+02 2.255671024322509766e-01 2.317761236289479129e+05 0.000000000000000000e+00
1.870000000000000000e+02 5.833745002746582031e-02 3.091334000262066256e+05 0.000000000000000000e+00
1.880000000000000000e+02 5.877256393432617188e-02 4.479096093663079082e+05 3.244155737972903353e+00
1.880000000000000000e+02 1.163661479949951172e-01 2.810267111681382521e+05 0.000000000000000000e+00
1.890000000000000000e+02 5.966711044311523438e-02 3.207830095265961136e+05 0.000000000000000000e+00
1.900000000000000000e+02 6.600809097290039062e-02 3.682799406901020557e+05 2.396670623798200506e+00
1.910000000000000000e+02 5.869197845458984375e-02 3.335950927789809066e+05 2.342257690197843689e-01
1.920000000000000000e+02 5.853676795959472656e-02 2.904136281326673343e+05 -9.854258672299792687e-01
1.930000000000000000e+02 5.982089042663574219e-02 3.127342447501238203e+05 -1.738039204844153418e-01
1.940000000000000000e+02 6.066250801086425781e-02 4.476060616802658769e+05 4.131784601948096380e+00
1.940000000000000000e+02 1.195721626281738281e-01 2.147591034225740586e+05 0.000000000000000000e+00
1.950000000000000000e+02 7.271385192871093750e-02 3.537380088980347500e+05 0.000000000000000000e+00
1.960000000000000000e+02 1.210081577301025391e-01 2.480405531375413411e+05 -3.684433171067020840e-01
1.970000000000000000e+02 1.053683757781982422e-01 2.218812646813347819e+05 -6.931361609966345538e-01
1.980000000000000000e+02 6.000280380249023438e-02 2.218255022920747288e+05 -5.869427402790143855e-01
1.990000000000000000e+02 1.282999515533447266e-01 3.519003500661320868e+05 1.714279120001422463e+00
2.000000000000000000e+02 7.046604156494140625e-02 3.870805156236197217e+05 1.789704062169036103e+00
2.010000000000000000e+02 5.855417251586914062e-02 3.790118232931771199e+05 1.242808469729493881e+00
2.020000000000000000e+02 6.002235412597656250e-02 4.060831254333136603e+05 1.412612244964966512e+00
2.030000000000000000e+02 9.121656417846679688e-02 4.382348218877515174e+05 1.597608836004713151e+00
2.040000000000000000e+02 5.861091613769531250e-02 4.229682350410121144e+05 1.167293808139013622e+00
2.050000000000000000e+02 5.889153480529785156e-02 4.037070407650059205e+05 8.281072274875684869e-01
2.060000000000000000e+02 5.870866775512695312e-02 3.925601910915840999e+05 6.423543130744864271e-01
2.070000000000000000e+02 5.924224853515625000e-02 4.419572203292216291e+05 1.199921433906792068e+00
2.080000000000000000e+02 5.870723724365234375e-02 4.189815380852468079e+05 8.286246924985253282e-01
2.090000000000000000e+02 5.828046798706054688e-02 3.383987375536418403e+05 -1.809144311331091215e-01
2.100000000000000000e+02 5.938386917114257812e-02 3.050579326831614017e+05 -5.879430762843881331e-01
2.110000000000000000e+02 5.960083007812500000e-02 3.038335038585151196e+05 -5.808886404660326130e-01
2.120000000000000000e+02 8.267664909362792969e-02 3.305043835318862693e+05 -2.157604077900731609e-01
2.130000000000000000e+02 5.957221984863281250e-02 3.342494970321604633e+05 -1.603901813429327305e-01
2.140000000000000000e+02 6.116580963134765625e-02 3.625211517849228694e+05 2.285150925937803890e-01
2.150000000000000000e+02 5.909824371337890625e-02 3.360456952356225229e+05 -1.463838596886890830e-01
2.160000000000000000e+02 5.906438827514648438e-02 3.026838885412125965e+05 -6.198144347436259638e-01
2.170000000000000000e+02 5.898523330688476562e-02 4.336615493477777345e+05 1.297462022062003673e+00
2.180000000000000000e+02 6.586956977844238281e-02 4.152143920600263518e+05 9.631800919120843130e-01
2.190000000000000000e+02 6.276679039001464844e-02 4.721724510293690255e+05 1.743669114013497889e+00
2.200000000000000000e+02 6.333470344543457031e-02 5.573017127941389335e+05 2.792122831535286842e+00
2.210000000000000000e+02 5.912971496582031250e-02 6.057266841619815677e+05 3.003118790151011908e+00
2.210000000000000000e+02 1.198935508728027344e-01 2.483371124999542953e+05 0.000000000000000000e+00
2.220000000000000000e+02 1.048626899719238281e-01 1.681345767974607879e+05 0.000000000000000000e+00
2.230000000000000000e+02 6.071972846984863281e-02 1.709688915180469921e+05 -6.571292301929559931e-01
2.240000000000000000e+02 6.155538558959960938e-02 1.890933687440144422e+05 -1.476671270786064361e-01
2.250000000000000000e+02 5.969119071960449219e-02 2.429195246847378148e+05 1.307606555813770832e+00
2.260000000000000000e+02 6.121182441711425781e-02 2.662979166650899570e+05 1.600706255682682766e+00
2.270000000000000000e+02 8.829998970031738281e-02 3.289087143832122674e+05 2.653964850728368852e+00
2.280000000000000000e+02 9.939002990722656250e-02 3.914534082315044361e+05 2.745007779764185862e+00
2.290000000000000000e+02 5.960154533386230469e-02 3.928434780676050577e+05 1.808434692416931000e+00
2.300000000000000000e+02 7.930016517639160156e-02 3.795830664107067278e+05 1.292847507762563852e+00
2.310000000000000000e+02 8.635735511779785156e-02 5.571102026858035242e+05 3.108197259834142745e+00
2.310000000000000000e+02 1.472060680389404297e-01 3.773591221907479921e+05 0.000000000000000000e+00
2.320000000000000000e+02 6.675457954406738281e-02 6.603414503223646898e+05 0.000000000000000000e+00
2.330000000000000000e+02 5.951166152954101562e-02 6.460276185262833023e+05 6.355729324504862943e-01
2.340000000000000000e+02 5.986952781677246094e-02 6.049845822507657576e+05 2.744007976750542643e-01
2.350000000000000000e+02 5.952024459838867188e-02 5.385026391648203135e+05 -2.551538923073913279e-01
2.360000000000000000e+02 6.218290328979492188e-02 5.417517518064625328e+05 -2.054985400399533257e-01
2.370000000000000000e+02 5.951237678527832031e-02 6.149657890634811483e+05 5.162887378980770547e-01
2.380000000000000000e+02 8.630251884460449219e-02 7.019448191559207626e+05 1.373713429448613521e+00
2.390000000000000000e+02 1.361312866210937500e-01 6.495873934379364364e+05 6.317184735463006184e-01
2.400000000000000000e+02 1.481671333312988281e-01 5.746767318781263893e+05 -1.873044865927800673e-01
2.410000000000000000e+02 3.845357894897460938e-01 1.131984201392661314e+06 5.908813779924161125e+00
2.410000000000000000e+02 3.042221069335937500e-04 5.193026267481615650e+04 0.000000000000000000e+00
2.420000000000000000e+02 3.659496307373046875e-01 9.131453287798149977e+05 2.274630870088799384e+01
2.420000000000000000e+02 3.685951232910156250e-04 7.453920297518017469e+04 0.000000000000000000e+00
2.430000000000000000e+02 3.679192066192626953e-01 8.433194666334381327e+05 1.387876792574171425e+01
2.430000000000000000e+02 3.037452697753906250e-04 7.426659744963156118e+04 0.000000000000000000e+00
2.440000000000000000e+02 4.045233726501464844e-01 7.987808741745753214e+05 1.308937712225680450e+01
2.440000000000000000e+02 3.075599670410156250e-04 9.474174775315653824e+04 0.000000000000000000e+00
2.450000000000000000e+02 1.252348423004150391e-01 2.109718672900580859e+05 1.027864499199777182e+00
2.460000000000000000e+02 6.517171859741210938e-02 1.984731427181238250e+05 5.401993535297346938e-01
2.470000000000000000e+02 6.154012680053710938e-02 1.961160413424447179e+05 4.267790975712879020e-01
2.480000000000000000e+02 5.711078643798828125e-02 2.679579623527672375e+05 1.908195207677829242e+00
2.490000000000000000e+02 5.765485763549804688e-02 2.540136492142679926e+05 1.091391300566023848e+00
2.500000000000000000e+02 5.718469619750976562e-02 3.443184343911121250e+05 2.545247164283684249e+00
2.510000000000000000e+02 8.505368232727050781e-02 2.286721307174449321e+05 1.266345468828709298e-01
2.520000000000000000e+02 1.077258586883544922e-01 2.635681035252824076e+05 6.352805111470978261e-01
2.530000000000000000e+02 5.867671966552734375e-02 3.167079499532650807e+05 1.406779858186048671e+00
2.540000000000000000e+02 5.820178985595703125e-02 3.774958843588506570e+05 2.126329159215956999e+00
2.550000000000000000e+02 5.773591995239257812e-02 3.335763135652479250e+05 1.148200183161970367e+00
2.560000000000000000e+02 5.739617347717285156e-02 3.882780132871769601e+05 1.754859414026390452e+00
2.570000000000000000e+02 5.781936645507812500e-02 2.918014597656717524e+05 3.620793312716774626e-01
2.580000000000000000e+02 5.995488166809082031e-02 4.478310753841052065e+05 2.290275080103449934e+00
2.590000000000000000e+02 5.767846107482910156e-02 4.979864882912153262e+05 2.467577779723315157e+00
2.600000000000000000e+02 5.740833282470703125e-02 5.190579452272020862e+05 2.245382734107338241e+00
2.610000000000000000e+02 5.808448791503906250e-02 4.873718754433982540e+05 1.639877325393273244e+00
2.620000000000000000e+02 6.178545951843261719e-02 4.847080445323601598e+05 1.468286693046003233e+00
2.630000000000000000e+02 5.790233612060546875e-02 4.285679838704738650e+05 8.960431589864495949e-01
2.640000000000000000e+02 9.748506546020507812e-02 3.823705975056027528e+05 4.761056704556037023e-01
2.650000000000000000e+02 1.052095890045166016e-01 3.876705776828604285e+05 5.078939526195630494e-01
2.660000000000000000e+02 5.797553062438964844e-02 4.301669481061277329e+05 8.591030638411925047e-01
2.670000000000000000e+02 8.158397674560546875e-02 4.941317724635311752e+05 1.381146081525343572e+00
2.680000000000000000e+02 1.480288505554199219e-01 5.162807688797495794e+05 1.491618861261958973e+00
2.690000000000000000e+02 5.801200866699218750e-02 5.695322865913775750e+05 1.844916504515487832e+00
2.700000000000000000e+02 5.770635604858398438e-02 5.186214623754704953e+05 1.298088845353475129e+00
2.710000000000000000e+02 6.655335426330566406e-02 4.625628167317879270e+05 7.961253223588069527e-01
2.720000000000000000e+02 9.820985794067382812e-02 4.290780306442041183e+05 5.085738523272365086e-01
2.730000000000000000e+02 6.995177268981933594e-02 4.364905992695193272e+05 5.576492675616273598e-01
2.740000000000000000e+02 5.805706977844238281e-02 4.415646015133762266e+05 5.873028499095614974e-01
2.750000000000000000e+02 6.047821044921875000e-02 4.461494946770888637e+05 6.128339883479156924e-01
2.760000000000000000e+02 1.007108688354492188e-01 5.155510162599572213e+05 1.176276628582556549e+00
2.770000000000000000e+02 5.994749069213867188e-02 6.690871451485913713e+05 2.403546082802805905e+00
2.780000000000000000e+02 5.988264083862304688e-02 5.958530855311764171e+05 1.623563014757233969e+00
2.790000000000000000e+02 6.026124954223632812e-02 5.983153022056870395e+05 1.563028596191356145e+00
2.800000000000000000e+02 6.235218048095703125e-02 5.518512904719348298e+05 1.146821108611767892e+00
2.810000000000000000e+02 5.931830406188964844e-02 5.111025708598473575e+05 8.104091108321787029e-01
2.820000000000000000e+02 9.692049026489257812e-02 5.777951356481554685e+05 1.290069790376824566e+00
2.830000000000000000e+02 1.282639503479003906e-01 5.688888297461819602e+05 1.182091804067047836e+00
2.840000000000000000e+02 1.057467460632324219e-01 5.582853674053035211e+05 1.070069264732995462e+00
2.850000000000000000e+02 6.999158859252929688e-02 6.287723364689034643e+05 1.560791443900101605e+00
2.860000000000000000e+02 6.121087074279785156e-02 6.782064412409941433e+05 1.857313040604116505e+00
2.870000000000000000e+02 5.871438980102539062e-02 7.353024781919473317e+05 2.168732220765216656e+00
2.880000000000000000e+02 1.079387664794921875e-01 6.725193483523110626e+05 1.614114475213865418e+00
2.890000000000000000e+02 6.191396713256835938e-02 6.566175278236378217e+05 1.446774982610681271e+00
2.900000000000000000e+02 7.093763351440429688e-02 6.097054376178709790e+05 1.091617181550328386e+00
2.910000000000000000e+02 5.884075164794921875e-02 5.661652252238299698e+05 7.811580316908872668e-01
2.920000000000000000e+02 6.017637252807617188e-02 5.404719524848683504e+05 5.990645606583446803e-01
2.930000000000000000e+02 6.120848655700683594e-02 5.232801654553473345e+05 4.769150916616751168e-01
2.940000000000000000e+02 5.875897407531738281e-02 4.575393379191866843e+05 3.153001106018265415e-02
2.950000000000000000e+02 5.928587913513183594e-02 4.827719828142070910e+05 2.016781343796347492e-01
2.960000000000000000e+02 1.030933856964111328e-01 4.547607628457599203e+05 8.737520350900643967e-03
2.970000000000000000e+02 1.123576164245605469e-01 5.132181998210263555e+05 4.110496620296600345e-01
2.980000000000000000e+02 5.882191658020019531e-02 4.975882262186035514e+05 2.982998846980259855e-01
2.990000000000000000e+02 6.122803688049316406e-02 4.732425554234723095e+05 1.251225598646246717e-01
