4.418669961389602721e+07
1.000000000000000000e+00 1.214742660522460938e-03 1.476081883822435921e+05 0.000000000000000000e+00
2.000000000000000000e+00 1.216650009155273438e-03 1.722845529409768933e+05 1.301948272043271571e+00
3.000000000000000000e+00 1.198053359985351562e-03 1.609498281668961572e+05 5.762927171937423099e-01
4.000000000000000000e+00 1.206159591674804688e-03 1.479367354883154621e+05 1.481277238012642383e-01
5.000000000000000000e+00 1.199483871459960938e-03 1.634073850637430733e+05 6.169535764046923942e-01
6.000000000000000000e+00 1.205444335937500000e-03 1.297080081557373487e+05 -5.731435684501552386e-01
7.000000000000000000e+00 1.198291778564453125e-03 1.496278607555002382e+05 1.860710859981546117e-01
8.000000000000000000e+00 1.219034194946289062e-03 1.730814456356748415e+05 1.075675691380985510e+00
9.000000000000000000e+00 1.202344894409179688e-03 1.807327660520860227e+05 1.247628974176488326e+00
1.000000000000000000e+01 1.208066940307617188e-03 1.844005021954636322e+05 1.236167494409257550e+00
1.100000000000000000e+01 1.210689544677734375e-03 2.321942950200361665e+05 2.860474967650048050e+00
1.200000000000000000e+01 1.207113265991210938e-03 2.420656686749486544e+05 2.366700541979129824e+00
1.300000000000000000e+01 1.204013824462890625e-03 2.107703594910236134e+05 1.095801055744157981e+00
1.400000000000000000e+01 1.203775405883789062e-03 1.672374210895541182e+05 -7.571857634732716280e-02
1.500000000000000000e+01 1.209259033203125000e-03 1.366507925851610489e+05 -8.670216342755894257e-01
1.600000000000000000e+01 1.199245452880859375e-03 1.577373729513301805e+05 -2.683068226797329925e-01
1.700000000000000000e+01 1.209974288940429688e-03 1.874838717126825941e+05 5.431452313196694082e-01
1.800000000000000000e+01 1.205444335937500000e-03 2.091737943969755725e+05 1.122831929414805474e+00
1.900000000000000000e+01 1.443624496459960938e-03 2.977283882265365100e+05 3.488957759675240577e+00
1.900000000000000000e+01 2.599477767944335938e-03 2.215015771831119491e+05 0.000000000000000000e+00
2.000000000000000000e+01 1.203060150146484375e-03 3.527848163216453977e+05 0.000000000000000000e+00
2.100000000000000000e+01 1.200199127197265625e-03 2.399859923740792146e+05 -5.079883649505142484e-01
2.200000000000000000e+01 1.198530197143554688e-03 3.257338698844450992e+05 7.642372377986452747e-01
2.300000000000000000e+01 1.201152801513671875e-03 3.557216121270468575e+05 1.103907984116583085e+00
2.400000000000000000e+01 1.214265823364257812e-03 2.805873721960774274e+05 -2.905986773077123275e-01
2.500000000000000000e+01 1.200437545776367188e-03 3.424826348976869485e+05 8.057962082441317841e-01
2.600000000000000000e+01 1.212835311889648438e-03 3.459900670823167893e+05 7.809680803740917110e-01
2.700000000000000000e+01 1.195907592773437500e-03 2.882468007273192634e+05 -3.705668481991991614e-01
2.800000000000000000e+01 1.214981079101562500e-03 2.887885651730442769e+05 -3.383868771455975644e-01
2.900000000000000000e+01 1.208782196044921875e-03 2.526861343780441384e+05 -1.073700518850885688e+00
3.000000000000000000e+01 1.215219497680664062e-03 2.467129412393404637e+05 -1.097999340155511927e+00
3.100000000000000000e+01 1.210927963256835938e-03 3.009428801111289649e+05 1.209178087809630875e-01
3.200000000000000000e+01 1.207113265991210938e-03 3.276432122194602853e+05 6.934693574387459369e-01
3.300000000000000000e+01 1.200199127197265625e-03 3.303204647438832326e+05 7.172211652506629287e-01
3.400000000000000000e+01 1.207351684570312500e-03 3.617505497576493653e+05 1.389551958878658455e+00
3.500000000000000000e+01 1.217842102050781250e-03 3.654234148637811886e+05 1.349403126483529114e+00
3.600000000000000000e+01 1.205921173095703125e-03 2.726137837583855144e+05 -7.480039515374503623e-01
3.700000000000000000e+01 1.215219497680664062e-03 1.921814686024054827e+05 -2.466034576928878952e+00
3.800000000000000000e+01 1.202821731567382812e-03 1.989407028510941891e+05 -1.946823452374884411e+00
3.900000000000000000e+01 1.206636428833007812e-03 2.904254043386879493e+05 -7.486363003119343718e-02
4.000000000000000000e+01 1.204490661621093750e-03 2.967776786594249425e+05 4.507947842877994132e-02
4.100000000000000000e+01 1.209974288940429688e-03 3.155085371950287372e+05 4.012760969483049611e-01
4.200000000000000000e+01 1.210927963256835938e-03 2.685437989146941109e+05 -5.218900705057916145e-01
4.300000000000000000e+01 1.208782196044921875e-03 2.908020639345688978e+05 -6.839792400294907038e-02
4.400000000000000000e+01 1.214504241943359375e-03 2.675022888559364947e+05 -5.374955727287465956e-01
4.500000000000000000e+01 1.201868057250976562e-03 3.031418000708455802e+05 2.057408765964955366e-01
4.600000000000000000e+01 1.204252243041992188e-03 2.962472294753611204e+05 5.794143197428524433e-02
4.700000000000000000e+01 1.202583312988281250e-03 3.368535159983407357e+05 9.207684712826024187e-01
4.800000000000000000e+01 1.200437545776367188e-03 3.051184065808914602e+05 2.145990920525585877e-01
4.900000000000000000e+01 1.215457916259765625e-03 2.948456549203662435e+05 -1.200184051663633587e-02
5.000000000000000000e+01 1.207828521728515625e-03 2.917278933150535449e+05 -8.063530257305587257e-02
5.100000000000000000e+01 1.216411590576171875e-03 2.954422433432821417e+05 3.939507364800960351e-03
5.200000000000000000e+01 1.204967498779296875e-03 2.790364632504187175e+05 -3.701005839129892783e-01
5.300000000000000000e+01 1.205205917358398438e-03 2.683592008881991496e+05 -6.106874459923632426e-01
5.400000000000000000e+01 1.215457916259765625e-03 3.113517305947229615e+05 4.037459126059538828e-01
5.500000000000000000e+01 1.202821731567382812e-03 3.548222275281931506e+05 1.423522822133393539e+00
5.600000000000000000e+01 1.211643218994140625e-03 3.033059990254774457e+05 1.666966794097151372e-01
5.700000000000000000e+01 1.218080520629882812e-03 3.042417201955643250e+05 1.865762596784450722e-01
5.800000000000000000e+01 1.209497451782226562e-03 3.348416170272265445e+05 9.158714224686790306e-01
5.900000000000000000e+01 1.238107681274414062e-03 4.110991979853612138e+05 2.722858152149216782e+00
6.000000000000000000e+01 1.209259033203125000e-03 3.711376006740148296e+05 1.579974259244922186e+00
6.100000000000000000e+01 1.214504241943359375e-03 3.367178343981361832e+05 7.617527285881543486e-01
6.200000000000000000e+01 1.206398010253906250e-03 3.294977786149617168e+05 5.888638537693352548e-01
6.300000000000000000e+01 1.204490661621093750e-03 3.232243354487923207e+05 4.406921828972236166e-01
6.400000000000000000e+01 1.214027404785156250e-03 2.984948840803987696e+05 -1.191717895287994350e-01
6.500000000000000000e+01 1.202106475830078125e-03 3.183567040139813325e+05 3.321058936332376144e-01
6.600000000000000000e+01 1.212120056152343750e-03 3.272736695095208124e+05 5.322469849581177304e-01
6.700000000000000000e+01 1.205205917358398438e-03 3.505953563284632401e+05 1.062932114099337300e+00
6.800000000000000000e+01 1.205444335937500000e-03 3.648834935732191661e+05 1.369154633062340309e+00
6.900000000000000000e+01 1.199483871459960938e-03 3.036685819166056463e+05 -6.749931887344966241e-02
7.000000000000000000e+01 1.212120056152343750e-03 3.191956154567085323e+05 2.913272697242596521e-01
7.100000000000000000e+01 1.204729080200195312e-03 2.766373129735300317e+05 -7.023355019944357291e-01
7.200000000000000000e+01 1.202821731567382812e-03 3.236426410389991361e+05 4.071217060032670254e-01
7.300000000000000000e+01 1.212835311889648438e-03 2.872380462302290834e+05 -4.556865847981630413e-01
7.400000000000000000e+01 1.209259033203125000e-03 3.389439560850364505e+05 7.776386659143524893e-01
7.500000000000000000e+01 1.204729080200195312e-03 3.438653320220123278e+05 8.839383678159812296e-01
7.600000000000000000e+01 1.214742660522460938e-03 3.654494645050031249e+05 1.385985878398118931e+00
7.700000000000000000e+01 1.203298568725585938e-03 4.093241187913382892e+05 2.391908047643129809e+00
7.800000000000000000e+01 1.203775405883789062e-03 4.227663984459558269e+05 2.569622848358702694e+00
7.900000000000000000e+01 1.203536987304687500e-03 4.175692027201682213e+05 2.303366788552652089e+00
8.000000000000000000e+01 1.217842102050781250e-03 5.000267970762368059e+05 3.929472986512645871e+00
8.000000000000000000e+01 2.567052841186523438e-03 2.511273267280113650e+05 0.000000000000000000e+00
8.100000000000000000e+01 1.216888427734375000e-03 4.016852819795875112e+05 0.000000000000000000e+00
8.200000000000000000e+01 1.208305358886718750e-03 4.527758598370307591e+05 1.187008278219653601e+00
8.300000000000000000e+01 1.209735870361328125e-03 6.767725363739825552e+05 2.940317255135073360e+00
8.400000000000000000e+01 2.051353454589843750e-03 6.609015310935971793e+05 1.221308684821273083e+00
8.500000000000000000e+01 1.228094100952148438e-03 6.500245009030827787e+05 8.940053194889298060e-01
8.600000000000000000e+01 1.217365264892578125e-03 6.646363033900301671e+05 8.550014443543820786e-01
8.700000000000000000e+01 1.206874847412109375e-03 6.227933523557492299e+05 5.089875290049031831e-01
8.800000000000000000e+01 1.209497451782226562e-03 6.368176138572959462e+05 5.602701412885817689e-01
8.900000000000000000e+01 1.211166381835937500e-03 5.728077013441559393e+05 1.007410352007865467e-01
9.000000000000000000e+01 1.208543777465820312e-03 5.996724498187786667e+05 2.835750734124676820e-01
9.100000000000000000e+01 1.214504241943359375e-03 5.057031584464538028e+05 -4.177569371078118099e-01
9.200000000000000000e+01 1.218080520629882812e-03 4.390507213510923903e+05 -9.065274711800943575e-01
9.300000000000000000e+01 1.216411590576171875e-03 5.223577929749167524e+05 -2.038361128883982021e-01
9.400000000000000000e+01 1.221418380737304688e-03 4.488964643789387774e+05 -7.845318589694101341e-01
9.500000000000000000e+01 1.229047775268554688e-03 4.328895355627808021e+05 -8.736991946643145601e-01
9.600000000000000000e+01 1.224279403686523438e-03 4.085652281248925137e+05 -1.026541970966763806e+00
9.700000000000000000e+01 1.225948333740234375e-03 3.949759684963896871e+05 -1.077928774096801545e+00
9.800000000000000000e+01 1.215934753417968750e-03 3.739838876554230810e+05 -1.186926499227599185e+00
9.900000000000000000e+01 1.219749450683593750e-03 3.956510562476828927e+05 -9.384626894721752599e-01
1.000000000000000000e+02 1.211643218994140625e-03 3.563062020578083466e+05 -1.215797893133404806e+00
1.010000000000000000e+02 1.218318939208984375e-03 3.766413174108038074e+05 -9.823415458630702091e-01
1.020000000000000000e+02 1.223564147949218750e-03 4.942054202793395380e+05 1.008996510553238947e-02
1.030000000000000000e+02 1.221895217895507812e-03 5.483256729952185415e+05 4.572840622382198794e-01
1.040000000000000000e+02 1.219511032104492188e-03 5.090041142914209049e+05 1.151838259907931178e-01
1.050000000000000000e+02 1.213550567626953125e-03 5.300115746694173431e+05 2.934413789288364272e-01
1.060000000000000000e+02 1.216173171997070312e-03 5.315335934284612304e+05 3.008034612164065535e-01
1.070000000000000000e+02 1.219749450683593750e-03 5.031257340421283152e+05 4.168603953115741084e-02
1.080000000000000000e+02 1.219749450683593750e-03 6.624891449389691697e+05 1.488380730538101382e+00
1.090000000000000000e+02 1.225948333740234375e-03 6.829159837424745783e+05 1.590558882170816313e+00
1.100000000000000000e+02 1.208305358886718750e-03 6.407805770839406177e+05 1.134467723936898542e+00
1.110000000000000000e+02 1.220703125000000000e-03 5.093724070717432187e+05 -4.379552063430059566e-02
1.120000000000000000e+02 1.327753067016601562e-03 4.968451259698322392e+05 -1.533262689973986792e-01
1.130000000000000000e+02 1.219272613525390625e-03 4.926818386323562590e+05 -1.881992787645836718e-01
1.140000000000000000e+02 1.224756240844726562e-03 4.703102595519834431e+05 -3.882593595427508704e-01
1.150000000000000000e+02 1.225233078002929688e-03 4.146530167037646752e+05 -8.931416162107657097e-01
1.160000000000000000e+02 1.222372055053710938e-03 3.757801416565524996e+05 -1.229284404271495434e+00
1.170000000000000000e+02 1.225709915161132812e-03 3.779420700332660927e+05 -1.168533610037851167e+00
1.180000000000000000e+02 1.218318939208984375e-03 3.930418886429427657e+05 -9.951390252547152038e-01
1.190000000000000000e+02 1.215219497680664062e-03 4.708954135400681989e+05 -2.602334022306773686e-01
1.200000000000000000e+02 1.231431961059570312e-03 6.210781479192625266e+05 1.129181164591937625e+00
1.210000000000000000e+02 1.221179962158203125e-03 6.410585955689537805e+05 1.282131422757730954e+00
1.220000000000000000e+02 1.224756240844726562e-03 5.581325998586185742e+05 4.850582471038776267e-01
1.230000000000000000e+02 1.219511032104492188e-03 5.310188898420108017e+05 2.282330424554818993e-01
1.240000000000000000e+02 1.223087310791015625e-03 5.184262096522913780e+05 1.081597998107539510e-01
1.250000000000000000e+02 1.218557357788085938e-03 5.479945894722405355e+05 3.857511766046948232e-01
1.260000000000000000e+02 1.237869262695312500e-03 5.251726567143800203e+05 1.637499337257961596e-01
1.270000000000000000e+02 1.229524612426757812e-03 4.999348134454085957e+05 -8.084198836995779014e-02
1.280000000000000000e+02 1.218080520629882812e-03 5.410800016608932056e+05 3.201318664168673056e-01
1.290000000000000000e+02 1.225471496582031250e-03 6.169701191332830349e+05 1.061630823709604377e+00
1.300000000000000000e+02 1.221895217895507812e-03 6.322010584220523015e+05 1.188660973623765660e+00
1.310000000000000000e+02 1.225233078002929688e-03 7.107043052222819533e+05 1.927827291682433275e+00
1.320000000000000000e+02 1.221418380737304688e-03 8.186649672885352047e+05 2.871940998766879360e+00
1.330000000000000000e+02 1.473188400268554688e-03 9.549087449146858416e+05 3.860684948223358948e+00
1.330000000000000000e+02 2.645730972290039062e-03 5.059482265695080278e+05 0.000000000000000000e+00
1.340000000000000000e+02 1.217603683471679688e-03 7.290278771430762718e+05 0.000000000000000000e+00
1.350000000000000000e+02 1.216173171997070312e-03 6.388489600083208643e+05 1.354174884868871165e-01
1.360000000000000000e+02 1.229524612426757812e-03 6.273136595999404090e+05 2.410725119416143314e-02
1.370000000000000000e+02 1.207590103149414062e-03 5.455116094255038770e+05 -8.705346819161866589e-01
1.380000000000000000e+02 9.088516235351562500e-04 4.794023643977437750e+05 -1.493250707654444565e+00
1.390000000000000000e+02 1.239538192749023438e-03 8.011066401357519208e+05 2.266173051809833527e+00
1.400000000000000000e+02 1.238107681274414062e-03 7.624964737077642931e+05 1.224228170523160131e+00
1.410000000000000000e+02 1.242876052856445312e-03 5.963069550687356386e+05 -3.311503944935443311e-01
1.420000000000000000e+02 1.224279403686523438e-03 5.409861178815123858e+05 -7.999656521946614252e-01
1.430000000000000000e+02 1.230239868164062500e-03 5.338644175977354171e+05 -8.018391533870462551e-01
1.440000000000000000e+02 1.227140426635742188e-03 6.414536209187412169e+05 2.474171395789770411e-01
1.450000000000000000e+02 1.255750656127929688e-03 5.715387528107441030e+05 -4.369999232430281655e-01
1.460000000000000000e+02 1.235008239746093750e-03 6.632859416014611488e+05 4.987765912007350311e-01
1.470000000000000000e+02 1.234054565429687500e-03 7.615988760098105995e+05 1.490267388281130811e+00
1.480000000000000000e+02 1.234769821166992188e-03 7.990200722247814992e+05 1.712027573184397022e+00
1.490000000000000000e+02 1.234054565429687500e-03 7.907019190196826821e+05 1.440810035241167020e+00
1.500000000000000000e+02 1.227855682373046875e-03 7.927818763919937192e+05 1.336343864959026462e+00
1.510000000000000000e+02 1.246929168701171875e-03 7.731994098843490938e+05 1.062122449234323307e+00
1.520000000000000000e+02 1.240730285644531250e-03 7.938819254602235742e+05 1.189037362147964849e+00
1.530000000000000000e+02 1.231431961059570312e-03 8.983383878386307042e+05 2.044192183911759386e+00
1.540000000000000000e+02 1.234531402587890625e-03 1.025746151513569872e+06 2.868426676751318904e+00
1.550000000000000000e+02 1.219511032104492188e-03 9.017416092762949411e+05 1.488229083564237998e+00
1.560000000000000000e+02 1.218080520629882812e-03 7.731924969544250052e+05 4.894497901762984160e-01
1.570000000000000000e+02 1.214265823364257812e-03 7.179877175724802073e+05 8.431897665011849063e-02
1.580000000000000000e+02 1.218080520629882812e-03 7.411595758039440261e+05 2.510696605238337265e-01
1.590000000000000000e+02 1.214981079101562500e-03 7.466778758426448330e+05 2.869587074273783345e-01
1.600000000000000000e+02 1.219987869262695312e-03 8.256639941626079381e+05 8.771072297664830320e-01
1.610000000000000000e+02 1.220464706420898438e-03 8.472503068941318197e+05 1.013452648599876715e+00
1.620000000000000000e+02 1.218557357788085938e-03 8.235802071974109858e+05 7.992343285979225387e-01
1.630000000000000000e+02 1.215934753417968750e-03 6.739572878289832734e+05 -3.639435855380683815e-01
1.640000000000000000e+02 1.216411590576171875e-03 8.664824895398381632e+05 1.133431812310320419e+00
1.650000000000000000e+02 1.219987869262695312e-03 1.004401784196503111e+06 2.157532360144502892e+00
1.660000000000000000e+02 1.223564147949218750e-03 9.017638677833623951e+05 1.234454242899610366e+00
1.670000000000000000e+02 1.224279403686523438e-03 9.579064867614397081e+05 1.597660178458047531e+00
1.680000000000000000e+02 1.231670379638671875e-03 9.361790804920879891e+05 1.364692423381948183e+00
1.690000000000000000e+02 1.236438751220703125e-03 9.837699462625985034e+05 1.646486984931599507e+00
1.700000000000000000e+02 1.225233078002929688e-03 9.480516278494846774e+05 1.320993719854689941e+00
1.710000000000000000e+02 1.225709915161132812e-03 1.077475978017267771e+06 2.156436395347839596e+00
1.720000000000000000e+02 1.228094100952148438e-03 9.817908205024831695e+05 1.385967726298507063e+00
1.730000000000000000e+02 1.230001449584960938e-03 9.207859346911831526e+05 9.430685706721952943e-01
1.740000000000000000e+02 1.220464706420898438e-03 9.118352917020173045e+05 8.637804232782886338e-01
1.750000000000000000e+02 1.227140426635742188e-03 8.410070812171788421e+05 3.870208206842438159e-01
1.760000000000000000e+02 1.222133636474609375e-03 8.849250933555251686e+05 6.694688924867298052e-01
1.770000000000000000e+02 1.218318939208984375e-03 8.962007632101633353e+05 7.328846305886750345e-01
1.780000000000000000e+02 1.218318939208984375e-03 8.861623331549789291e+05 6.539775042235292934e-01
1.790000000000000000e+02 1.216411590576171875e-03 9.823976111998091219e+05 1.285792516330382274e+00
1.800000000000000000e+02 1.221418380737304688e-03 1.039539829596228665e+06 1.628649374732071387e+00
1.810000000000000000e+02 1.423835754394531250e-03 1.294254737395415781e+06 3.227892668473468785e+00
1.810000000000000000e+02 2.605915069580078125e-03 9.959971823251192691e+05 0.000000000000000000e+00
1.820000000000000000e+02 1.196622848510742188e-03 1.345881818195377477e+06 0.000000000000000000e+00
1.830000000000000000e+02 1.192092895507812500e-03 1.489602235104819294e+06 1.288016435243539037e+00
1.840000000000000000e+02 1.197099685668945312e-03 1.351567043843665859e+06 2.930815810995264781e-01
1.850000000000000000e+02 1.198768615722656250e-03 1.321200299685535952e+06 1.207883614002225603e-01
1.860000000000000000e+02 1.204252243041992188e-03 1.329583594450027216e+06 1.572384036082336844e-01
1.870000000000000000e+02 1.196861267089843750e-03 1.274517415163399652e+06 -1.899158545134128628e-01
1.880000000000000000e+02 1.203298568725585938e-03 1.332316907185183605e+06 2.074210388998840027e-01
1.890000000000000000e+02 9.787082672119140625e-04 1.412312273678196128e+06 7.694549438453059942e-01
1.900000000000000000e+02 9.133815765380859375e-04 1.352388107258596225e+06 2.618257100316783159e-01
1.910000000000000000e+02 1.316308975219726562e-03 1.216052811466416577e+06 -8.167389923949687214e-01
1.920000000000000000e+02 1.190423965454101562e-03 1.210154209410791518e+06 -8.045911837774408770e-01
1.930000000000000000e+02 1.190900802612304688e-03 1.062645328782540280e+06 -1.950370267699347737e+00
1.940000000000000000e+02 1.192331314086914062e-03 1.109745684912334196e+06 -1.289072164004942733e+00
1.950000000000000000e+02 1.182556152343750000e-03 1.357576125873090466e+06 6.217206942961215344e-01
1.960000000000000000e+02 1.182794570922851562e-03 1.443477421978175873e+06 1.230685353200111409e+00
1.970000000000000000e+02 1.220703125000000000e-03 1.299225169380508596e+06 8.342161661934865968e-02
1.980000000000000000e+02 1.204967498779296875e-03 1.348723963930070167e+06 4.547083299634012699e-01
1.990000000000000000e+02 1.203536987304687500e-03 1.475166780218774453e+06 1.417852742523987075e+00
2.000000000000000000e+02 1.199960708618164062e-03 1.454786640544727212e+06 1.156904814901442924e+00
2.010000000000000000e+02 1.196861267089843750e-03 1.216685146186755737e+06 -6.928127962976963206e-01
2.020000000000000000e+02 1.201868057250976562e-03 1.050688208928447450e+06 -1.930016334041324555e+00
2.030000000000000000e+02 1.185178756713867188e-03 9.617341116236391244e+05 -2.377541032541044430e+00
2.040000000000000000e+02 1.192808151245117188e-03 1.010395848611879745e+06 -1.757158473298180201e+00
2.050000000000000000e+02 1.193761825561523438e-03 9.686291737867448246e+05 -1.879008900136629912e+00
2.060000000000000000e+02 1.271009445190429688e-03 9.144402893816935830e+05 -2.045033390728569156e+00
2.070000000000000000e+02 1.189708709716796875e-03 9.202767274394204142e+05 -1.824304457604139174e+00
2.080000000000000000e+02 1.192092895507812500e-03 9.126168433006948326e+05 -1.728312153999211009e+00
2.090000000000000000e+02 1.187086105346679688e-03 9.266431754221380688e+05 -1.537702014049832755e+00
2.100000000000000000e+02 1.188755035400390625e-03 9.581954281433180440e+05 -1.289637183966244605e+00
2.110000000000000000e+02 1.188278198242187500e-03 9.469992004151532892e+05 -1.290734179194133580e+00
2.120000000000000000e+02 1.186609268188476562e-03 7.778399784746184014e+05 -2.088262956621115496e+00
2.130000000000000000e+02 1.182079315185546875e-03 6.797757929040216841e+05 -2.395265210600850292e+00
2.140000000000000000e+02 1.191377639770507812e-03 7.254269563012236031e+05 -1.968254837304085569e+00
2.150000000000000000e+02 1.190423965454101562e-03 7.602461664997036569e+05 -1.685212396244276212e+00
2.160000000000000000e+02 1.202583312988281250e-03 7.133848224747688510e+05 -1.793078025557302002e+00
2.170000000000000000e+02 1.202106475830078125e-03 7.157494749264506390e+05 -1.682983662850454643e+00
2.180000000000000000e+02 1.206636428833007812e-03 6.920727554099061526e+05 -1.693231564843848291e+00
2.190000000000000000e+02 1.188278198242187500e-03 7.050990286194797372e+05 -1.559501176424678004e+00
2.200000000000000000e+02 1.199245452880859375e-03 7.203447213765719207e+05 -1.434608644593853066e+00
2.210000000000000000e+02 1.257133483886718750e-02 8.049262002309656236e+05 -1.062019969569859779e+00
2.220000000000000000e+02 6.580114364624023438e-03 7.920053151099582901e+05 -1.083491784060744978e+00
2.230000000000000000e+02 4.284381866455078125e-03 7.890598201188051607e+05 -1.066891951975644570e+00
2.240000000000000000e+02 4.347801208496093750e-03 8.043698917639704887e+05 -9.832030723877708267e-01
2.250000000000000000e+02 1.295089721679687500e-03 8.591624017420505406e+05 -7.555829262819306891e-01
2.260000000000000000e+02 1.301288604736328125e-03 8.116830241129493807e+05 -9.218441882998696935e-01
2.270000000000000000e+02 1.300573348999023438e-03 8.069603888079714961e+05 -9.213684701949652611e-01
2.280000000000000000e+02 1.298666000366210938e-03 8.754541538198078051e+05 -6.437836413640718458e-01
2.290000000000000000e+02 1.289367675781250000e-03 8.167307592179944040e+05 -8.584214065011044337e-01
2.300000000000000000e+02 1.283645629882812500e-03 7.892015721639456460e+05 -9.486779293192413309e-01
2.310000000000000000e+02 1.315832138061523438e-03 8.850578800025149249e+05 -5.636317652140485635e-01
2.320000000000000000e+02 1.340150833129882812e-03 1.104247985465075821e+06 2.890626839151586025e-01
2.330000000000000000e+02 1.287937164306640625e-03 1.115088841448998079e+06 3.282886622174432945e-01
2.340000000000000000e+02 1.302242279052734375e-03 1.093803028078524861e+06 2.413231732559264764e-01
2.350000000000000000e+02 1.307487487792968750e-03 9.994696161384668667e+05 -1.347428750861641433e-01
2.360000000000000000e+02 1.296997070312500000e-03 1.019286487833166844e+06 -5.427792413378305925e-02
2.370000000000000000e+02 1.296758651733398438e-03 1.023125274163527181e+06 -3.830869471962529416e-02
2.380000000000000000e+02 1.290082931518554688e-03 9.626509736910240026e+05 -2.842015145111755348e-01
2.390000000000000000e+02 1.292228698730468750e-03 8.989597478300824296e+05 -5.430273263267912931e-01
2.400000000000000000e+02 1.287937164306640625e-03 8.812435553127236199e+05 -6.102932456972771647e-01
2.410000000000000000e+02 1.283645629882812500e-03 1.322503549125878839e+06 1.228991765096413502e+00
2.420000000000000000e+02 1.284599304199218750e-03 1.742396200200445484e+06 2.940600642608159898e+00
2.430000000000000000e+02 1.288652420043945312e-03 1.336777200051899301e+06 1.147046820340629658e+00
2.440000000000000000e+02 1.293897628784179688e-03 7.656780909221452894e+05 -1.097364683056832213e+00
2.450000000000000000e+02 1.280307769775390625e-03 6.953673459579765331e+05 -1.351979962013606595e+00
2.460000000000000000e+02 1.287698745727539062e-03 7.489996240412256448e+05 -1.115724462035077247e+00
2.470000000000000000e+02 1.290559768676757812e-03 7.777850879543159390e+05 -9.858905414890820618e-01
2.480000000000000000e+02 1.304388046264648438e-03 9.175112122645380441e+05 -4.323994303285672025e-01
2.490000000000000000e+02 1.297473907470703125e-03 1.002134879312409670e+06 -1.001583971032386639e-01
2.500000000000000000e+02 1.291990280151367188e-03 1.025717304856394650e+06 -7.215143303320402900e-03
2.510000000000000000e+02 1.280307769775390625e-03 1.005739462888851180e+06 -8.585911684266973876e-02
2.520000000000000000e+02 1.291275024414062500e-03 9.642171037462755339e+05 -2.499900286177738074e-01
2.530000000000000000e+02 1.302242279052734375e-03 1.001532370952073485e+06 -9.913271295674612460e-02
2.540000000000000000e+02 1.307010650634765625e-03 1.160609713980819331e+06 5.412875963012214742e-01
2.550000000000000000e+02 1.288890838623046875e-03 1.182380840884132078e+06 6.245760588903673804e-01
2.560000000000000000e+02 1.291275024414062500e-03 1.137528938811777625e+06 4.368073907045218474e-01
2.570000000000000000e+02 1.286745071411132812e-03 1.153164372993239900e+06 4.972096611230961138e-01
2.580000000000000000e+02 1.301765441894531250e-03 1.252315586023509735e+06 8.998102339781551828e-01
2.590000000000000000e+02 1.299142837524414062e-03 1.314461282606075983e+06 1.144613725924909398e+00
2.600000000000000000e+02 1.292705535888671875e-03 1.288485409171890700e+06 1.021543631944040964e+00
2.610000000000000000e+02 1.283407211303710938e-03 1.231524904914556304e+06 7.751752504972068136e-01
2.620000000000000000e+02 1.296758651733398438e-03 1.174231249839225784e+06 5.321895721347073005e-01
2.630000000000000000e+02 1.308202743530273438e-03 1.188035510341135785e+06 5.850154900570238015e-01
2.640000000000000000e+02 1.303195953369140625e-03 1.163527836743021617e+06 4.787726009935879268e-01
2.650000000000000000e+02 1.299381256103515625e-03 1.187939673243670957e+06 5.769116805231159217e-01
2.660000000000000000e+02 1.319408416748046875e-03 1.155323219518029131e+06 4.360978805590065011e-01
2.670000000000000000e+02 1.311540603637695312e-03 1.065656895410148427e+06 5.654480051413653119e-02
2.680000000000000000e+02 1.316308975219726562e-03 9.646714554509710288e+05 -3.703485906904587233e-01
2.690000000000000000e+02 1.371383666992187500e-03 9.908738926561332773e+05 -2.567375909463956996e-01
2.700000000000000000e+02 1.294851303100585938e-03 9.512203436161568388e+05 -4.244513880462788546e-01
2.710000000000000000e+02 1.314640045166015625e-03 8.941714921936043538e+05 -6.663003309537891550e-01
2.720000000000000000e+02 1.301050186157226562e-03 8.189135223550278461e+05 -9.847423268658372919e-01
2.730000000000000000e+02 1.337289810180664062e-03 7.858198435789020732e+05 -1.116632162882991164e+00
2.740000000000000000e+02 1.324892044067382812e-03 8.036987301094214199e+05 -1.026405670837299722e+00
2.750000000000000000e+02 1.314163208007812500e-03 8.475605474489550106e+05 -8.268359219142111805e-01
2.760000000000000000e+02 1.319408416748046875e-03 9.490203393786645029e+05 -3.829454596762881802e-01
2.770000000000000000e+02 1.318454742431640625e-03 1.191145073287035339e+06 6.659501064628225997e-01
2.780000000000000000e+02 1.306533813476562500e-03 1.121329960158183239e+06 3.583462872155456225e-01
2.790000000000000000e+02 1.306772232055664062e-03 1.121738362679067301e+06 3.580750509491832378e-01
2.800000000000000000e+02 1.334428787231445312e-03 1.100344410416800529e+06 2.624594501969542693e-01
2.810000000000000000e+02 1.316785812377929688e-03 1.133474987600419205e+06 4.066835816450546370e-01
2.820000000000000000e+02 1.315832138061523438e-03 1.165729222843771335e+06 5.467132231451756752e-01
2.830000000000000000e+02 1.313447952270507812e-03 1.190788205933012767e+06 6.542414860966467849e-01
2.840000000000000000e+02 1.330137252807617188e-03 1.120180386587270303e+06 3.361033530211848808e-01
2.850000000000000000e+02 1.310825347900390625e-03 1.018699975722534698e+06 -1.183927206191522641e-01
2.860000000000000000e+02 1.317977905273437500e-03 9.840612334950098302e+05 -2.730879637721083664e-01
2.870000000000000000e+02 1.316070556640625000e-03 9.837556984018596122e+05 -2.730881974062336348e-01
2.880000000000000000e+02 1.318216323852539062e-03 9.554911836901272181e+05 -3.995389915284742743e-01
2.890000000000000000e+02 2.024888992309570312e-03 9.847869932008644100e+05 -2.644047963094083853e-01
2.900000000000000000e+02 5.004167556762695312e-03 9.697172961947702570e+05 -3.318274885519950645e-01
2.910000000000000000e+02 4.907608032226562500e-03 9.440482020546973217e+05 -4.476857050866928645e-01
2.920000000000000000e+02 5.020380020141601562e-03 9.200093968902836787e+05 -5.557392857341332260e-01
2.930000000000000000e+02 4.923343658447265625e-03 8.832949769538282417e+05 -7.217449786568935766e-01
2.940000000000000000e+02 1.293659210205078125e-03 8.494693590728268027e+05 -8.731671680250091550e-01
2.950000000000000000e+02 1.300811767578125000e-03 9.081023722309338627e+05 -5.952926447390990417e-01
2.960000000000000000e+02 1.286268234252929688e-03 9.246744866128971335e+05 -5.149445929538749578e-01
2.970000000000000000e+02 5.203247070312500000e-03 9.922453315091045806e+05 -1.977616076084709462e-01
2.980000000000000000e+02 1.306295394897460938e-03 9.654935680314197671e+05 -3.218760151243331147e-01
2.990000000000000000e+02 1.307249069213867188e-03 9.422513242719572736e+05 -4.293882728493624845e-01
