2.220510693084952235e+07
1.000000000000000000e+00 4.602241516113281250e-02 1.450645516073491599e+05 0.000000000000000000e+00
2.000000000000000000e+00 4.568719863891601562e-02 1.468584797062481812e+05 7.539111710105481645e-01
3.000000000000000000e+00 4.633998870849609375e-02 8.851651820930755639e+04 -1.227886605958213417e+00
4.000000000000000000e+00 4.574680328369140625e-02 1.313800950579808559e+05 4.169318537874782682e-01
5.000000000000000000e+00 7.536864280700683594e-02 1.069599749200216902e+05 -4.713713795021599595e-01
6.000000000000000000e+00 1.009712219238281250e-01 1.239970095499292947e+05 2.172182126619255915e-01
7.000000000000000000e+00 1.544315814971923828e-01 1.410370831085190875e+05 9.086958227948148670e-01
8.000000000000000000e+00 1.123936176300048828e-01 1.395866215903269185e+05 7.500684203627674407e-01
9.000000000000000000e+00 4.759740829467773438e-02 1.390008592182410648e+05 6.630280058517816766e-01
1.000000000000000000e+01 4.783511161804199219e-02 1.469736528482508438e+05 9.780437323924979776e-01
1.100000000000000000e+01 4.587626457214355469e-02 1.561566874364275718e+05 1.312609913013697005e+00
1.200000000000000000e+01 4.651021957397460938e-02 1.662025041466447001e+05 1.618024836154019264e+00
1.300000000000000000e+01 5.232715606689453125e-02 1.515361441808739037e+05 7.976950672742388893e-01
1.400000000000000000e+01 1.446049213409423828e-01 1.603322910806126602e+05 1.127334666311677669e+00
1.500000000000000000e+01 9.541296958923339844e-02 1.418220291093754640e+05 2.619825104193849730e-01
1.600000000000000000e+01 1.184728145599365234e-01 1.572219261302624946e+05 9.266276330420927243e-01
1.700000000000000000e+01 9.603476524353027344e-02 1.929292854284576315e+05 2.447261850993347920e+00
1.800000000000000000e+01 9.529638290405273438e-02 2.170371646010008699e+05 2.986868999841244321e+00
1.900000000000000000e+01 9.766769409179687500e-02 2.716392172775606741e+05 4.168278433975909358e+00
1.900000000000000000e+01 1.912250518798828125e-01 2.249033524300568970e+05 0.000000000000000000e+00
2.000000000000000000e+01 9.482741355895996094e-02 3.291168828162864666e+05 0.000000000000000000e+00
2.100000000000000000e+01 8.502840995788574219e-02 2.382530278434395441e+05 -5.259470800142024283e-01
2.200000000000000000e+01 7.370615005493164062e-02 3.151270038187689497e+05 8.999743209004147371e-01
2.300000000000000000e+01 1.587004661560058594e-01 3.289546059233857086e+05 9.855555728668440318e-01
2.400000000000000000e+01 7.944130897521972656e-02 2.613931220720187703e+05 -5.037175532233607589e-01
2.500000000000000000e+01 4.745173454284667969e-02 3.080232787880653632e+05 5.316195635884077841e-01
2.600000000000000000e+01 4.823040962219238281e-02 3.254930381046287366e+05 8.838948346184799520e-01
2.700000000000000000e+01 4.738807678222656250e-02 2.723455424878387130e+05 -4.426582527492893826e-01
2.800000000000000000e+01 4.641342163085937500e-02 3.428123085952247493e+05 1.312450047654158292e+00
2.900000000000000000e+01 4.698896408081054688e-02 3.582598814446639735e+05 1.514394104074602510e+00
3.000000000000000000e+01 4.670333862304687500e-02 3.488591846126393648e+05 1.095069174010771640e+00
3.100000000000000000e+01 4.668450355529785156e-02 3.376165374756007222e+05 7.462613045818996538e-01
3.200000000000000000e+01 5.372333526611328125e-02 3.118522045328918030e+05 1.112173884846194838e-01
3.300000000000000000e+01 4.650115966796875000e-02 3.062770107159853214e+05 -2.583792532250157176e-02
3.400000000000000000e+01 4.647326469421386719e-02 3.329725528139596572e+05 6.372144895049198787e-01
3.500000000000000000e+01 4.717588424682617188e-02 3.163181378334483597e+05 1.881659908109754586e-01
3.600000000000000000e+01 4.684972763061523438e-02 2.508295321723644738e+05 -1.529009816886602868e+00
3.700000000000000000e+01 4.759621620178222656e-02 2.103962110217383306e+05 -2.416510090590153315e+00
3.800000000000000000e+01 4.721760749816894531e-02 2.119900899733059923e+05 -2.010193270150529621e+00
3.900000000000000000e+01 4.671001434326171875e-02 2.691160663864068920e+05 -5.784568691592473222e-01
4.000000000000000000e+01 4.830932617187500000e-02 2.942662500149892876e+05 -2.174779728185689473e-02
4.100000000000000000e+01 4.768562316894531250e-02 2.719064307275640895e+05 -5.121112792725782681e-01
4.200000000000000000e+01 4.753184318542480469e-02 2.608825046069686650e+05 -7.446291174085899467e-01
4.300000000000000000e+01 4.710340499877929688e-02 2.786633468655372271e+05 -3.197341260157163245e-01
4.400000000000000000e+01 4.883503913879394531e-02 2.617716417434311297e+05 -7.014370461781600508e-01
4.500000000000000000e+01 4.779601097106933594e-02 3.045117235872407909e+05 3.119903790572040592e-01
4.600000000000000000e+01 4.724192619323730469e-02 2.913519253126590047e+05 -5.617857877145659463e-03
4.700000000000000000e+01 4.835700988769531250e-02 3.306766842045395169e+05 9.428376358420911263e-01
4.800000000000000000e+01 4.702949523925781250e-02 3.054916336991852731e+05 3.037315113441226844e-01
4.900000000000000000e+01 4.700994491577148438e-02 3.019523513680968899e+05 2.113827882415121873e-01
5.000000000000000000e+01 5.069184303283691406e-02 2.962784656583631877e+05 6.624319051324722984e-02
5.100000000000000000e+01 4.729700088500976562e-02 2.956057787045495934e+05 4.815750188777900148e-02
5.200000000000000000e+01 4.984903335571289062e-02 2.793443158240457415e+05 -3.718352908643486332e-01
5.300000000000000000e+01 9.839129447937011719e-02 2.701532597254257416e+05 -6.058783221877069858e-01
5.400000000000000000e+01 4.764413833618164062e-02 3.082501073098535999e+05 4.107561635649087384e-01
5.500000000000000000e+01 4.759931564331054688e-02 3.472086803491911269e+05 1.444404826029555222e+00
5.600000000000000000e+01 5.169796943664550781e-02 3.210337166369229089e+05 6.965955859357084723e-01
5.700000000000000000e+01 4.720449447631835938e-02 3.064063521274561645e+05 2.952925330248462044e-01
5.800000000000000000e+01 4.725217819213867188e-02 3.328991506535250228e+05 1.002345480193750582e+00
5.900000000000000000e+01 4.871392250061035156e-02 3.973209381169872941e+05 2.707149023749571892e+00
6.000000000000000000e+01 4.952502250671386719e-02 3.492285828471676796e+05 1.256769987112109188e+00
6.100000000000000000e+01 4.819226264953613281e-02 3.027354455873749102e+05 6.431155191457009479e-02
6.200000000000000000e+01 4.886078834533691406e-02 2.857099275802755146e+05 -3.643034479954694316e-01
6.300000000000000000e+01 4.824757575988769531e-02 2.836358048961007153e+05 -4.123438966785505921e-01
6.400000000000000000e+01 4.881358146667480469e-02 2.913810605624539312e+05 -2.085151918426540463e-01
6.500000000000000000e+01 9.509229660034179688e-02 3.187926577384819393e+05 5.040734357291638545e-01
6.600000000000000000e+01 4.798269271850585938e-02 3.652560293363205274e+05 1.711292163687800238e+00
6.700000000000000000e+01 4.756021499633789062e-02 4.067166726361611509e+05 2.705579230259634205e+00
6.800000000000000000e+01 7.764434814453125000e-02 4.341086174572690506e+05 3.155476481429688285e+00
6.800000000000000000e+01 1.456723213195800781e-01 1.931056934806309000e+05 0.000000000000000000e+00
6.900000000000000000e+01 4.785227775573730469e-02 1.585631690052610356e+05 0.000000000000000000e+00
7.000000000000000000e+01 4.894423484802246094e-02 2.245626504723010585e+05 1.994993404537657167e+00
7.100000000000000000e+01 4.830312728881835938e-02 2.295331840231493115e+05 1.134626366809526443e+00
7.200000000000000000e+01 4.797697067260742188e-02 3.049506859321110533e+05 3.153703422334456885e+00
7.200000000000000000e+01 1.405892372131347656e-01 1.787722934778185736e+05 0.000000000000000000e+00
7.300000000000000000e+01 4.984641075134277344e-02 1.967925358240549685e+05 0.000000000000000000e+00
7.400000000000000000e+01 5.358786582946777344e-01 2.841567837575969170e+05 7.563379961105521687e+00
7.400000000000000000e+01 3.285408020019531250e-04 4.257965280132918997e+04 0.000000000000000000e+00
7.500000000000000000e+01 5.255913734436035156e-02 1.605952371232583246e+05 3.212587930702877514e+00
7.500000000000000000e+01 1.043579578399658203e-01 1.561373433471897442e+05 0.000000000000000000e+00
7.600000000000000000e+01 5.215787887573242188e-02 1.168880136678825802e+05 0.000000000000000000e+00
7.700000000000000000e+01 5.486822128295898438e-02 1.164680596978837129e+05 -7.222383669944431039e-01
7.800000000000000000e+01 5.262207984924316406e-02 1.033637869718147849e+05 -1.161724700828846712e+00
7.900000000000000000e+01 5.230903625488281250e-02 1.226044740612289315e+05 -2.671269922816475739e-02
8.000000000000000000e+01 5.233550071716308594e-02 1.300285445025146037e+05 3.508015029557549069e-01
8.100000000000000000e+01 6.221342086791992188e-02 1.237968199357280828e+05 -2.521178137676870212e-02
8.200000000000000000e+01 1.020121574401855469e-01 1.616317910741660453e+05 2.290298129187884779e+00
8.300000000000000000e+01 4.433786869049072266e-01 3.312439083656316507e+05 1.006318117249936428e+01
8.300000000000000000e+01 1.233577728271484375e-03 6.038185370479622361e+04 0.000000000000000000e+00
8.400000000000000000e+01 4.841854572296142578e-01 3.266660116510574589e+05 5.529579317484675016e+00
8.400000000000000000e+01 3.640651702880859375e-04 6.945987457698183425e+04 0.000000000000000000e+00
8.500000000000000000e+01 8.950090408325195312e-02 3.469425404794971109e+05 4.942482306508445333e+00
8.500000000000000000e+01 1.451783180236816406e-01 3.447212095478936681e+05 0.000000000000000000e+00
8.600000000000000000e+01 5.187320709228515625e-02 1.517744633331071527e+05 0.000000000000000000e+00
8.700000000000000000e+01 1.024601459503173828e-01 1.472274625786629331e+05 -7.404342679734839949e-01
8.800000000000000000e+01 1.053781509399414062e-01 1.824681656454205513e+05 -2.847977256932883172e-01
8.900000000000000000e+01 1.127498149871826172e-01 1.957319710799019085e+05 -1.157570793732478065e-01
9.000000000000000000e+01 9.147739410400390625e-02 2.791562631928575574e+05 9.223978681985718353e-01
9.100000000000000000e+01 8.889603614807128906e-02 2.066455363339680771e+05 -1.296720978975274829e-01
9.200000000000000000e+01 4.864645004272460938e-02 2.233387002823555085e+05 1.105354823566574163e-01
9.300000000000000000e+01 4.576730728149414062e-02 2.587434269521653769e+05 6.356449046657480784e-01
9.400000000000000000e+01 4.578590393066406250e-02 1.836711183104357915e+05 -5.854263801963749403e-01
9.500000000000000000e+01 4.587340354919433594e-02 2.288876550271484593e+05 1.879080830979656669e-01
9.600000000000000000e+01 4.860186576843261719e-02 2.194897166106709337e+05 1.872391335848466384e-02
9.700000000000000000e+01 4.679298400878906250e-02 2.771873665653507924e+05 1.054811649347779712e+00
9.800000000000000000e+01 4.596424102783203125e-02 2.868447877601456712e+05 1.145923058244491921e+00
9.900000000000000000e+01 4.810714721679687500e-02 2.709189870404460817e+05 7.717278301310757094e-01
1.000000000000000000e+02 4.651188850402832031e-02 2.344649986032192828e+05 7.255964389788642499e-02
1.010000000000000000e+02 4.597616195678710938e-02 3.041407692239084281e+05 1.374787226508417559e+00
1.020000000000000000e+02 8.130049705505371094e-02 2.981805617426038953e+05 1.154569792379042115e+00
1.030000000000000000e+02 5.182957649230957031e-02 2.275871693641890888e+05 -1.985945910763196876e-01
1.040000000000000000e+02 1.629521846771240234e-01 2.408723544072191580e+05 5.437107155443524076e-02
1.050000000000000000e+02 1.200649738311767578e-01 2.419385172873784322e+05 7.348989550246345925e-02
1.060000000000000000e+02 1.018829345703125000e-01 2.503177699099335296e+05 2.364812109084868663e-01
1.070000000000000000e+02 9.413647651672363281e-02 2.551796486116152082e+05 3.287810801921204340e-01
1.080000000000000000e+02 9.383678436279296875e-02 2.937850703803700162e+05 1.113856058382681535e+00
1.090000000000000000e+02 9.700226783752441406e-02 3.454959753811536357e+05 2.120629568871692960e+00
1.100000000000000000e+02 9.454751014709472656e-02 2.818683924648502725e+05 6.885108441006254631e-01
1.110000000000000000e+02 9.515357017517089844e-02 2.958765958670621039e+05 9.408516430409755715e-01
1.120000000000000000e+02 8.273530006408691406e-02 2.444066664073542343e+05 -9.180850380232309649e-02
1.130000000000000000e+02 4.807257652282714844e-02 2.332834444744240318e+05 -3.104826281577339198e-01
1.140000000000000000e+02 4.808354377746582031e-02 2.159322154600291979e+05 -6.540744059028259505e-01
1.150000000000000000e+02 4.810476303100585938e-02 1.968346036574827740e+05 -1.027191912467750656e+00
1.160000000000000000e+02 4.654407501220703125e-02 2.214175056087836856e+05 -4.938888803611083400e-01
1.170000000000000000e+02 9.083032608032226562e-02 2.767945617184863077e+05 6.555951278319712694e-01
1.180000000000000000e+02 1.016652584075927734e-01 3.303463873369445209e+05 1.754266764567925074e+00
1.190000000000000000e+02 5.953574180603027344e-02 3.945419412936652661e+05 2.949001045944602328e+00
1.200000000000000000e+02 4.940605163574218750e-02 4.873096213633241132e+05 4.290035294993344905e+00
1.200000000000000000e+02 1.319615840911865234e-01 2.033223304082836839e+05 0.000000000000000000e+00
1.210000000000000000e+02 7.946586608886718750e-02 1.375814645774615346e+05 0.000000000000000000e+00
1.220000000000000000e+02 1.336224079132080078e-01 1.792376603899524198e+05 1.889988044395249367e-01
1.230000000000000000e+02 9.562420845031738281e-02 2.169673188129168702e+05 1.310507254418193712e+00
1.240000000000000000e+02 9.678912162780761719e-02 2.599534142972748086e+05 2.173369233036791304e+00
1.250000000000000000e+02 6.992411613464355469e-02 2.584957889741029358e+05 1.303442624282930229e+00
1.260000000000000000e+02 4.866123199462890625e-02 2.128340381564751442e+05 7.576707918178225698e-02
1.270000000000000000e+02 4.847049713134765625e-02 2.220796393892095075e+05 2.856883982360223784e-01
1.280000000000000000e+02 4.721641540527343750e-02 2.466946810451496858e+05 8.818395209782966537e-01
1.290000000000000000e+02 4.715299606323242188e-02 2.827886774349635816e+05 1.716803966992372699e+00
1.300000000000000000e+02 9.097743034362792969e-02 2.953005221402415191e+05 1.712513628258640841e+00
1.310000000000000000e+02 6.758689880371093750e-02 4.157263004367120448e+05 4.046076473385802785e+00
1.310000000000000000e+02 1.315157413482666016e-01 2.616102992069011379e+05 0.000000000000000000e+00
1.320000000000000000e+02 4.881429672241210938e-02 3.070550154807600775e+05 0.000000000000000000e+00
1.330000000000000000e+02 4.856181144714355469e-02 2.602449026344024460e+05 -7.495971411044982657e-01
1.340000000000000000e+02 4.727935791015625000e-02 2.511608892337479629e+05 -9.437731302790715038e-01
1.350000000000000000e+02 4.734587669372558594e-02 2.520217121144948178e+05 -7.163109900676911668e-01
1.360000000000000000e+02 5.564785003662109375e-02 2.638756660463031149e+05 -1.096162974693837971e-01
1.370000000000000000e+02 4.963994026184082031e-02 2.704605403127028840e+05 2.149596383421819024e-01
1.380000000000000000e+02 4.919648170471191406e-02 2.766661135927626165e+05 5.269672174809392207e-01
1.390000000000000000e+02 3.966071605682373047e-01 6.867500951374727301e+05 2.329489849526803624e+01
1.390000000000000000e+02 3.106594085693359375e-04 3.965734314612822345e+04 0.000000000000000000e+00
1.400000000000000000e+02 3.285858631134033203e-01 2.841930697427503765e+05 8.013238900152053645e+00
1.400000000000000000e+02 3.013610839843750000e-04 6.170569132084481680e+04 0.000000000000000000e+00
1.410000000000000000e+02 2.808825969696044922e-01 3.279316939593313145e+05 5.394444235073394545e+00
1.410000000000000000e+02 2.973079681396484375e-04 5.677028959615137137e+04 0.000000000000000000e+00
1.420000000000000000e+02 3.483176231384277344e-01 3.256674536880631349e+05 5.991432526039841555e+00
1.420000000000000000e+02 1.092433929443359375e-03 6.177594150172205264e+04 0.000000000000000000e+00
1.430000000000000000e+02 9.225726127624511719e-02 1.506112214124802267e+05 1.326566111738965992e+00
1.440000000000000000e+02 5.642366409301757812e-02 1.219159874023933662e+05 2.182163041795340819e-01
1.450000000000000000e+02 5.111956596374511719e-02 1.355341150163168204e+05 5.617413860176095897e-01
1.460000000000000000e+02 4.612278938293457031e-02 1.330442143723483896e+05 4.247537226921863085e-01
1.470000000000000000e+02 4.610872268676757812e-02 1.418850024921380973e+05 6.754022862763745527e-01
1.480000000000000000e+02 4.702568054199218750e-02 1.880206465396645362e+05 2.190205443984667433e+00
1.490000000000000000e+02 1.205322742462158203e-01 1.635352044865761127e+05 8.932847553877473201e-01
1.500000000000000000e+02 6.195330619812011719e-02 1.346221924896403798e+05 -2.656527428566983484e-02
1.510000000000000000e+02 5.181241035461425781e-02 1.848545430487002304e+05 1.514066562630559831e+00
1.520000000000000000e+02 5.302524566650390625e-02 1.852173728971595992e+05 1.317948316946145670e+00
1.530000000000000000e+02 6.586098670959472656e-02 1.923754854513642204e+05 1.379826602427801641e+00
1.540000000000000000e+02 9.381937980651855469e-02 1.532072501183072163e+05 1.581314365475135486e-01
1.550000000000000000e+02 8.945536613464355469e-02 1.398464721841951832e+05 -2.293837011089867317e-01
1.560000000000000000e+02 4.741096496582031250e-02 1.631770559663117747e+05 4.692933749974999569e-01
1.570000000000000000e+02 4.646921157836914062e-02 1.791041798608688405e+05 9.368383343218669168e-01
1.580000000000000000e+02 4.600501060485839844e-02 1.819224439562511106e+05 9.728093433339529694e-01
1.590000000000000000e+02 4.680919647216796875e-02 1.890259382218444953e+05 1.139716251819969273e+00
1.600000000000000000e+02 4.693675041198730469e-02 2.175667956046134641e+05 1.943489793631475449e+00
1.610000000000000000e+02 4.682278633117675781e-02 1.772867914625977282e+05 5.794104810922158233e-01
1.620000000000000000e+02 4.679822921752929688e-02 1.786868729458758608e+05 6.022159336839205679e-01
1.630000000000000000e+02 4.678678512573242188e-02 1.786327226834457542e+05 5.824038832436888580e-01
1.640000000000000000e+02 4.679894447326660156e-02 3.004012502054459183e+05 4.224428089725714486e+00
1.640000000000000000e+02 9.340143203735351562e-02 1.936795833371057524e+05 0.000000000000000000e+00
1.650000000000000000e+02 5.288720130920410156e-02 2.099179164804806351e+05 0.000000000000000000e+00
1.660000000000000000e+02 4.810714721679687500e-02 2.264169212841899425e+05 2.144022513426237619e+00
1.670000000000000000e+02 4.797935485839843750e-02 2.209473069539591670e+05 6.684956675891736699e-01
1.680000000000000000e+02 2.746903896331787109e-01 4.337990453179112519e+05 1.530704439764812186e+01
1.680000000000000000e+02 2.975463867187500000e-04 6.108763289115436055e+04 0.000000000000000000e+00
1.690000000000000000e+02 4.565501213073730469e-02 2.937870274908916326e+05 4.680016998602430256e+00
1.690000000000000000e+02 9.112191200256347656e-02 2.883009394627591246e+05 0.000000000000000000e+00
1.700000000000000000e+02 4.633665084838867188e-02 2.597177172147206147e+05 0.000000000000000000e+00
1.710000000000000000e+02 4.626655578613281250e-02 1.466438376934363332e+05 -6.301668954110045462e+00
1.720000000000000000e+02 4.737734794616699219e-02 1.188298380145407136e+05 -1.504788093524576098e+00
1.730000000000000000e+02 4.620099067687988281e-02 1.322565937895532988e+05 -8.550433376110122552e-01
1.740000000000000000e+02 7.315087318420410156e-02 1.786306277377690712e+05 -1.335953995203887634e-01
1.750000000000000000e+02 9.056925773620605469e-02 1.800818336659952183e+05 -1.036715608163250035e-01
1.760000000000000000e+02 9.266376495361328125e-02 2.043140947107217216e+05 2.786227299028263826e-01
1.770000000000000000e+02 9.393739700317382812e-02 2.311012653444200696e+05 7.081293035837379346e-01
1.780000000000000000e+02 1.123523712158203125e-01 2.741566340632576612e+05 1.395985424563022104e+00
1.790000000000000000e+02 9.327054023742675781e-02 2.170381629858010274e+05 2.593557584136223504e-01
1.800000000000000000e+02 9.340071678161621094e-02 1.915058647342155746e+05 -1.972479072510654741e-01
1.810000000000000000e+02 8.492016792297363281e-02 4.648262719053062028e+05 4.797324583591595193e+00
1.810000000000000000e+02 1.311178207397460938e-01 3.288334063539269264e+05 0.000000000000000000e+00
1.820000000000000000e+02 4.635882377624511719e-02 3.304356632781968219e+05 0.000000000000000000e+00
1.830000000000000000e+02 4.649853706359863281e-02 3.254734368798479554e+05 -3.672745017742868878e+00
1.840000000000000000e+02 2.856967449188232422e-01 3.476493004080530372e+05 7.661226663738756493e+00
1.840000000000000000e+02 2.944469451904296875e-04 1.108471400556578010e+05 0.000000000000000000e+00
1.850000000000000000e+02 4.562306404113769531e-02 2.349480933975518274e+05 8.762020099235681148e-01
1.860000000000000000e+02 4.573154449462890625e-02 2.173325084441418876e+05 4.133634688467995866e-01
1.870000000000000000e+02 4.586338996887207031e-02 1.887997897264093335e+05 -1.290273588895006762e-01
1.880000000000000000e+02 4.544162750244140625e-02 2.745971210668114945e+05 1.603322667710646687e+00
1.890000000000000000e+02 9.332561492919921875e-02 2.993661221744645154e+05 1.654081415362256058e+00
1.900000000000000000e+02 4.930639266967773438e-02 2.580800881573523511e+05 6.055943096731746245e-01
1.910000000000000000e+02 5.529212951660156250e-02 2.049491493636349333e+05 -3.575912197580303209e-01
1.920000000000000000e+02 8.813452720642089844e-02 2.531021290665985725e+05 5.425543463204481887e-01
1.930000000000000000e+02 1.197676658630371094e-01 2.888819385450605187e+05 1.191604525226442668e+00
1.940000000000000000e+02 9.346079826354980469e-02 2.522392358522280410e+05 3.792979746658217133e-01
1.950000000000000000e+02 9.339666366577148438e-02 2.704351267359326594e+05 7.185496815401426485e-01
1.960000000000000000e+02 9.427118301391601562e-02 1.787422220961154962e+05 -1.157571523229740107e+00
1.970000000000000000e+02 5.506277084350585938e-02 1.950863237753812573e+05 -7.407324094650152846e-01
1.980000000000000000e+02 4.690742492675781250e-02 2.280947143639365095e+05 -3.725928234019652840e-02
1.990000000000000000e+02 4.674267768859863281e-02 2.658760426552214776e+05 7.534132624280304169e-01
2.000000000000000000e+02 4.625248908996582031e-02 2.859919689527353621e+05 1.146292351084352790e+00
2.010000000000000000e+02 8.132791519165039062e-02 3.643092688582665287e+05 2.724426146432838536e+00
2.020000000000000000e+02 4.818177223205566406e-02 3.868780420613670140e+05 2.645120332190411983e+00
2.030000000000000000e+02 4.703330993652343750e-02 4.270796614253622247e+05 2.849662762818493178e+00
2.040000000000000000e+02 4.672050476074218750e-02 3.992859488892799127e+05 1.962689549290382418e+00
2.050000000000000000e+02 4.655575752258300781e-02 3.326715093517370406e+05 8.960115125000215341e-01
2.060000000000000000e+02 5.017161369323730469e-02 3.092735751775701065e+05 5.549772425044459112e-01
2.070000000000000000e+02 6.893634796142578125e-02 3.407654913468761952e+05 9.593741802070169244e-01
2.080000000000000000e+02 5.973219871520996094e-02 3.094209315145424334e+05 5.050074723579806024e-01
2.090000000000000000e+02 4.699850082397460938e-02 2.699711439959415584e+05 -4.142860137703040929e-02
2.100000000000000000e+02 4.778146743774414062e-02 2.483679106018175662e+05 -3.391763561425167883e-01
2.110000000000000000e+02 4.696679115295410156e-02 2.497794477436057932e+05 -3.127519231888917783e-01
2.120000000000000000e+02 4.639625549316406250e-02 2.584801248497182387e+05 -1.826985807827059549e-01
2.130000000000000000e+02 4.699707031250000000e-02 3.175438305401214748e+05 6.784259460932676733e-01
2.140000000000000000e+02 6.927919387817382812e-02 3.549241382606000989e+05 1.210833517750338872e+00
2.150000000000000000e+02 9.235787391662597656e-02 3.291194436227306724e+05 7.892669264964199405e-01
2.160000000000000000e+02 8.368825912475585938e-02 3.014329727611363051e+05 3.643457225142956446e-01
2.170000000000000000e+02 8.121752738952636719e-02 4.464532359116149019e+05 2.512485688426787878e+00
2.180000000000000000e+02 9.455657005310058594e-02 4.145566157161128940e+05 1.833403417698689974e+00
2.190000000000000000e+02 5.328989028930664062e-02 4.288264367967962753e+05 1.918853157617816940e+00
2.200000000000000000e+02 4.749870300292968750e-02 5.047298128393361694e+05 2.787192450813046118e+00
2.210000000000000000e+02 4.917502403259277344e-02 4.993382851321207127e+05 2.436649008550874740e+00
2.220000000000000000e+02 4.835009574890136719e-02 4.319423421292856801e+05 1.478813947249636884e+00
2.230000000000000000e+02 4.805421829223632812e-02 3.855237595936233993e+05 9.062602605126908184e-01
2.240000000000000000e+02 8.425545692443847656e-02 3.554095987730126362e+05 5.513559871723540118e-01
2.250000000000000000e+02 8.282947540283203125e-02 4.148803979827645817e+05 1.210235209051578886e+00
2.260000000000000000e+02 4.928779602050781250e-02 4.200880192515581148e+05 1.234214895383136223e+00
2.270000000000000000e+02 4.732775688171386719e-02 4.332023015699046664e+05 1.344952573990875866e+00
2.280000000000000000e+02 4.756188392639160156e-02 4.475850875848661526e+05 1.462014652754971333e+00
2.290000000000000000e+02 4.782485961914062500e-02 4.243830943476449465e+05 1.160894898083409288e+00
2.300000000000000000e+02 5.030107498168945312e-02 4.231243908901542309e+05 1.118635269819037381e+00
2.310000000000000000e+02 4.760313034057617188e-02 5.155656477089732070e+05 2.092098974800820521e+00
2.320000000000000000e+02 4.757976531982421875e-02 5.841513092776131816e+05 2.699954275167207651e+00
2.330000000000000000e+02 4.729485511779785156e-02 4.985150850479070214e+05 1.649918997071041726e+00
2.340000000000000000e+02 4.761481285095214844e-02 4.619621269470254774e+05 1.236724384750339523e+00
2.350000000000000000e+02 8.718299865722656250e-02 4.392754505017405027e+05 9.880838918108471036e-01
2.360000000000000000e+02 7.231426239013671875e-02 4.923881871081685531e+05 1.482643816631016076e+00
2.370000000000000000e+02 4.920125007629394531e-02 5.618109876775013981e+05 2.102636564504783312e+00
2.380000000000000000e+02 4.855847358703613281e-02 6.533472722253974061e+05 2.851815718832272140e+00
2.390000000000000000e+02 5.289125442504882812e-02 5.961409522101964103e+05 2.138840133980501879e+00
2.400000000000000000e+02 4.825592041015625000e-02 5.504227258102031192e+05 1.651409664364723584e+00
2.410000000000000000e+02 3.944511413574218750e-01 1.156821150722226128e+06 6.662054547470714461e+00
2.410000000000000000e+02 4.746913909912109375e-04 5.351406072654891614e+04 0.000000000000000000e+00
2.420000000000000000e+02 3.370294570922851562e-01 9.140341274922970915e+05 2.203381649377949358e+01
2.420000000000000000e+02 6.163120269775390625e-04 7.258687859177895007e+04 0.000000000000000000e+00
2.430000000000000000e+02 2.743339538574218750e-01 8.431936271319231018e+05 1.430666066803304304e+01
2.430000000000000000e+02 2.987384796142578125e-04 7.690848257712261693e+04 0.000000000000000000e+00
2.440000000000000000e+02 3.654332160949707031e-01 7.984036239177979296e+05 1.255993711149573500e+01
2.440000000000000000e+02 2.985000610351562500e-04 9.461301952060246549e+04 0.000000000000000000e+00
2.450000000000000000e+02 4.538846015930175781e-02 2.124142381201267708e+05 1.053708821694067099e+00
2.460000000000000000e+02 7.487010955810546875e-02 2.208868841477116512e+05 8.888543163315983930e-01
2.470000000000000000e+02 6.067132949829101562e-02 2.154196666667340905e+05 6.228739679295531850e-01
2.480000000000000000e+02 4.885578155517578125e-02 2.923007676308962982e+05 2.004507029676324326e+00
2.490000000000000000e+02 1.261804103851318359e-01 2.865616631745257182e+05 1.288191873557073208e+00
2.500000000000000000e+02 6.385040283203125000e-02 3.653384420169268269e+05 2.257338141122849695e+00
2.510000000000000000e+02 8.220815658569335938e-02 2.480925930259110464e+05 1.668207772955815904e-01
2.520000000000000000e+02 7.831573486328125000e-02 2.705303540442608646e+05 4.541858312128310704e-01
2.530000000000000000e+02 4.709768295288085938e-02 3.231877957705103327e+05 1.156868907370214750e+00
2.540000000000000000e+02 4.736089706420898438e-02 3.852854097422541236e+05 1.890139179025243310e+00
2.550000000000000000e+02 4.824852943420410156e-02 3.456022395858488162e+05 1.082939044643903337e+00
2.560000000000000000e+02 6.620264053344726562e-02 3.937945454440934118e+05 1.594401266820772545e+00
2.570000000000000000e+02 9.305691719055175781e-02 3.033112265484378440e+05 3.400425228164943303e-01
2.580000000000000000e+02 8.970141410827636719e-02 4.528281394195778994e+05 2.152865737391064460e+00
2.590000000000000000e+02 7.773947715759277344e-02 4.920472710016986821e+05 2.257880640913693782e+00
2.600000000000000000e+02 4.618644714355468750e-02 4.849164277668820578e+05 1.839632065675564698e+00
2.610000000000000000e+02 4.625082015991210938e-02 4.377553459661076777e+05 1.194696499822194946e+00
2.620000000000000000e+02 6.254005432128906250e-02 2.613919740136182518e+05 -5.098613441469728169e-01
2.630000000000000000e+02 8.700513839721679688e-02 2.502296754914709018e+05 -5.995838817392799003e-01
2.640000000000000000e+02 4.664897918701171875e-02 2.616588420367081126e+05 -4.710005410711875506e-01
2.650000000000000000e+02 8.534526824951171875e-02 2.823481052431248827e+05 -2.559363516170957142e-01
2.660000000000000000e+02 8.963966369628906250e-02 3.072900775184524828e+05 -8.990738395683878096e-04
2.670000000000000000e+02 8.857464790344238281e-02 3.362228361520037870e+05 2.948043585290117674e-01
2.680000000000000000e+02 1.008315086364746094e-01 3.662666529214413604e+05 6.016527256226494869e-01
2.690000000000000000e+02 1.239993572235107422e-01 3.871370276845784974e+05 8.065816562652178279e-01
2.700000000000000000e+02 1.105051040649414062e-01 3.427715319480564212e+05 3.104800915809285966e-01
2.710000000000000000e+02 1.028728485107421875e-01 3.469397621158572729e+05 3.496477598174700940e-01
2.720000000000000000e+02 1.012110710144042969e-01 3.465122509587150416e+05 3.383368175848737169e-01
2.730000000000000000e+02 4.712080955505371094e-02 3.070807675285551813e+05 -1.081112176064926711e-01
2.740000000000000000e+02 4.689121246337890625e-02 3.134489158216426731e+05 -3.408145648246255210e-02
2.750000000000000000e+02 4.682326316833496094e-02 3.270038851547574741e+05 1.228960202159353615e-01
2.760000000000000000e+02 4.690623283386230469e-02 4.107843606711752946e+05 1.103323669889343606e+00
2.770000000000000000e+02 8.373022079467773438e-02 4.915237611125647090e+05 2.011965856519855489e+00
2.780000000000000000e+02 9.547567367553710938e-02 3.970498945177299320e+05 8.154316369736237524e-01
2.790000000000000000e+02 5.111026763916015625e-02 3.779535775195029564e+05 5.814932447113236869e-01
2.800000000000000000e+02 7.247209548950195312e-02 3.250425769323562854e+05 -3.111655145048884338e-02
2.810000000000000000e+02 9.062051773071289062e-02 3.245535292054577731e+05 -3.635833834423671251e-02
2.820000000000000000e+02 9.706354141235351562e-02 3.074568403355516493e+05 -2.358245318275803692e-01
2.830000000000000000e+02 8.437132835388183594e-02 3.210282706067858962e+05 -7.210839477036988521e-02
2.840000000000000000e+02 8.876872062683105469e-02 3.538314002140769153e+05 3.220076893253444039e-01
2.850000000000000000e+02 4.855084419250488281e-02 3.725700055230697617e+05 5.449886715138713145e-01
2.860000000000000000e+02 4.849958419799804688e-02 4.717044018565259175e+05 1.748839731197340708e+00
2.870000000000000000e+02 6.286501884460449219e-02 5.304310187259572558e+05 2.372800615651397216e+00
2.880000000000000000e+02 4.710102081298828125e-02 5.028576383276485140e+05 1.895818967184130788e+00
2.890000000000000000e+02 4.684400558471679688e-02 4.224965768802774837e+05 9.145840382038732397e-01
2.900000000000000000e+02 5.005002021789550781e-02 3.526935011738310568e+05 1.220761534380430530e-01
2.910000000000000000e+02 7.311320304870605469e-02 3.294824565535791917e+05 -1.395820384869033981e-01
2.920000000000000000e+02 8.435034751892089844e-02 3.826040064799580723e+05 4.639643412331584393e-01
2.930000000000000000e+02 4.790115356445312500e-02 3.740200295986955753e+05 3.603009969071099272e-01
2.940000000000000000e+02 4.705238342285156250e-02 3.270015109777141479e+05 -1.856754424624627586e-01
2.950000000000000000e+02 4.858899116516113281e-02 3.211272602802286856e+05 -2.522244719734927920e-01
2.960000000000000000e+02 4.704380035400390625e-02 3.185865567714267527e+05 -2.795683566822145250e-01
2.970000000000000000e+02 4.706907272338867188e-02 3.348586550713742035e+05 -8.400589204598264692e-02
2.980000000000000000e+02 4.741096496582031250e-02 3.918587007311171619e+05 5.984393840473535287e-01
2.990000000000000000e+02 4.700469970703125000e-02 3.729337755837484729e+05 3.635710191507714462e-01
