1.745301356226740777e+07
1.000000000000000000e+00 2.583794593811035156e-01 1.433972160617023474e+05 0.000000000000000000e+00
2.000000000000000000e+00 4.036586284637451172e-01 1.437250453389333270e+05 7.123629153722507157e-01
3.000000000000000000e+00 2.626883983612060547e-01 8.529901192480797181e+04 -5.645894855133883894e-01
4.000000000000000000e+00 2.304668426513671875e-01 1.263345921222725738e+05 4.408451314224372530e-01
5.000000000000000000e+00 2.818534374237060547e-01 1.021256220140949881e+05 -2.213053656438350725e-01
6.000000000000000000e+00 4.620246887207031250e-01 1.054098657360294746e+05 -1.118270375278635209e-01
7.000000000000000000e+00 3.313515186309814453e-01 1.159333244170292019e+05 2.223131615085131296e-01
8.000000000000000000e+00 3.200197219848632812e-01 1.011519250946080429e+05 -2.852791930815433141e-01
9.000000000000000000e+00 3.387169837951660156e-01 1.130201763545176073e+05 1.526964902656464673e-01
1.000000000000000000e+01 3.195354938507080078e-01 1.040189921496863099e+05 -1.937719834657068707e-01
1.100000000000000000e+01 5.076677799224853516e-01 9.090258203215654066e+04 -7.055847129971799525e-01
1.200000000000000000e+01 4.251649379730224609e-01 1.223073555496397748e+05 6.142267744375884408e-01
1.300000000000000000e+01 3.549346923828125000e-01 1.017864253693211213e+05 -2.754410446269940360e-01
1.400000000000000000e+01 5.096399784088134766e-01 1.122580287646326906e+05 1.891922835929977231e-01
1.500000000000000000e+01 4.260516166687011719e-01 9.750699743925161602e+04 -4.807286942242766647e-01
1.600000000000000000e+01 4.167528152465820312e-01 1.185832254125679028e+05 5.111918235762520357e-01
1.700000000000000000e+01 4.895021915435791016e-01 1.630077571054824220e+05 2.596303037061850283e+00
1.800000000000000000e+01 5.713417530059814453e-01 1.406868303679380042e+05 1.216369688888684131e+00
1.900000000000000000e+01 5.226824283599853516e-01 2.136150837542099762e+05 4.117090309377057444e+00
1.900000000000000000e+01 9.837462902069091797e-01 2.014791321124196111e+05 0.000000000000000000e+00
2.000000000000000000e+01 6.784317493438720703e-01 2.865684008147273562e+05 0.000000000000000000e+00
2.100000000000000000e+01 4.799799919128417969e-01 1.846521099130162620e+05 -9.867778063543075628e-01
2.200000000000000000e+01 6.477062702178955078e-01 2.311636152810592030e+05 1.268478211034027581e-01
2.300000000000000000e+01 6.115210056304931641e-01 1.814719473613923474e+05 -9.944068924080372573e-01
2.400000000000000000e+01 5.779609680175781250e-01 1.422877331411628402e+05 -1.716699025745353602e+00
2.500000000000000000e+01 6.629407405853271484e-01 1.335349863275172829e+05 -1.435817414633576483e+00
2.600000000000000000e+01 5.506718158721923828e-01 1.424273175065021787e+05 -9.896867800319719688e-01
2.700000000000000000e+01 6.955258846282958984e-01 1.327481993715526769e+05 -1.060998644348455588e+00
2.800000000000000000e+01 6.331553459167480469e-01 1.299396702714362618e+05 -9.970528813739464313e-01
2.900000000000000000e+01 6.474525928497314453e-01 1.037810994674514368e+05 -1.408384617435526343e+00
3.000000000000000000e+01 7.830862998962402344e-01 1.547357057186337188e+05 -2.840236616140871528e-01
3.100000000000000000e+01 6.263976097106933594e-01 1.877758675854976464e+05 3.701502227930051347e-01
3.200000000000000000e+01 7.997574806213378906e-01 1.977561089216607797e+05 5.562952663052250779e-01
3.300000000000000000e+01 7.065534591674804688e-01 1.551105948239641730e+05 -3.541168494878909057e-01
3.400000000000000000e+01 6.812510490417480469e-01 1.386051335235261067e+05 -6.954998761094465243e-01
3.500000000000000000e+01 8.063557147979736328e-01 1.327411755692991719e+05 -7.923839726753552082e-01
3.600000000000000000e+01 8.737018108367919922e-01 1.158508445412054134e+05 -1.129393582006193997e+00
3.700000000000000000e+01 7.049314975738525391e-01 1.230921326112614042e+05 -9.009424025998006291e-01
3.800000000000000000e+01 9.164748191833496094e-01 1.381949051730003557e+05 -5.245668870261130934e-01
3.900000000000000000e+01 8.101804256439208984e-01 1.415908807222705509e+05 -4.315982112750876287e-01
4.000000000000000000e+01 9.216113090515136719e-01 1.292865421635287494e+05 -7.036341229369448280e-01
4.100000000000000000e+01 8.516643047332763672e-01 1.458773287221071369e+05 -2.925934395228189655e-01
4.200000000000000000e+01 8.988506793975830078e-01 1.267931716121428035e+05 -7.414201893444372082e-01
4.300000000000000000e+01 9.014229774475097656e-01 1.429317332960959466e+05 -3.287160759099157503e-01
4.400000000000000000e+01 9.227657318115234375e-01 1.363534703862678725e+05 -4.833351243468466674e-01
4.500000000000000000e+01 9.788610935211181641e-01 1.525681390715016460e+05 -6.721141149903812895e-02
4.600000000000000000e+01 9.525454044342041016e-01 1.359528622926785029e+05 -4.890952791145984913e-01
4.700000000000000000e+01 1.054136037826538086e+00 1.402863355433117540e+05 -3.665382737447898109e-01
4.800000000000000000e+01 1.275400400161743164e+00 1.323754103785434272e+05 -5.671620700158199746e-01
4.900000000000000000e+01 1.259195089340209961e+00 1.517504811764251790e+05 -4.021571245479456380e-02
5.000000000000000000e+01 9.631075859069824219e-01 1.541805528697659611e+05 2.607066365837079625e-02
5.100000000000000000e+01 1.010402441024780273e+00 1.598502486485343252e+05 1.813818984422003178e-01
5.200000000000000000e+01 1.075608968734741211e+00 1.655560706211877114e+05 3.377343470098697620e-01
5.300000000000000000e+01 9.938817024230957031e-01 1.458251576391129056e+05 -2.255226220277134486e-01
5.400000000000000000e+01 1.117215871810913086e+00 1.525209235102807579e+05 -3.020183044144614942e-02
5.500000000000000000e+01 1.128733158111572266e+00 1.174344670316922857e+05 -1.050594510355651545e+00
5.600000000000000000e+01 1.079347133636474609e+00 1.226044528232122830e+05 -8.708911677662078965e-01
5.700000000000000000e+01 1.153344869613647461e+00 1.186267169461102603e+05 -9.670057191525932572e-01
5.800000000000000000e+01 1.161031246185302734e+00 1.875351491794280591e+05 1.068918218351157856e+00
5.900000000000000000e+01 1.089166164398193359e+00 2.255495386277783837e+05 2.149134836691755535e+00
6.000000000000000000e+01 1.064330577850341797e+00 1.647623156209297013e+05 3.108863018714912996e-01
6.100000000000000000e+01 1.224222183227539062e+00 1.391719647479488631e+05 -4.166318905609966428e-01
6.200000000000000000e+01 1.283480882644653320e+00 1.604713946650216531e+05 1.972226781607602786e-01
6.300000000000000000e+01 1.235603094100952148e+00 1.441825428302875953e+05 -2.755209122748565886e-01
6.400000000000000000e+01 1.305069446563720703e+00 1.671620706853402371e+05 3.985104429764739775e-01
6.500000000000000000e+01 1.162242412567138672e+00 1.981090345908176096e+05 1.305520677304517152e+00
6.600000000000000000e+01 1.297751903533935547e+00 1.860897856417406583e+05 9.169188412745274963e-01
6.700000000000000000e+01 1.316510915756225586e+00 2.225211668862616934e+05 1.967387463486955701e+00
6.800000000000000000e+01 1.383205413818359375e+00 2.625191612488292740e+05 3.013273408414883114e+00
6.800000000000000000e+01 2.666421890258789062e+00 1.463037952447004500e+05 0.000000000000000000e+00
6.900000000000000000e+01 1.286734104156494141e+00 2.044707629500875191e+05 0.000000000000000000e+00
7.000000000000000000e+01 1.383975744247436523e+00 2.054430596232984681e+05 7.307462314819396232e-01
7.100000000000000000e+01 1.437165498733520508e+00 2.228453319859201729e+05 1.105488826412495573e+00
7.200000000000000000e+01 1.503209352493286133e+00 2.499917588009387255e+05 1.653835417038387323e+00
7.300000000000000000e+01 1.439728975296020508e+00 1.981369811995885393e+05 -2.017866167792042031e-01
7.400000000000000000e+01 1.493479728698730469e+00 2.014319463937519467e+05 -9.075185272597738328e-02
7.500000000000000000e+01 1.457133531570434570e+00 2.176978650751686364e+05 4.361107608832646698e-01
7.600000000000000000e+01 1.468885898590087891e+00 2.055457177824540122e+05 -8.347101025303421684e-03
7.700000000000000000e+01 1.538344621658325195e+00 2.369059336169797753e+05 1.136746299725980736e+00
7.800000000000000000e+01 1.507380723953247070e+00 2.624022696056243731e+05 1.936260236953750491e+00
7.900000000000000000e+01 1.534135341644287109e+00 2.965492444240287296e+05 2.689141348373333074e+00
8.000000000000000000e+01 1.653868198394775391e+00 3.160358517636182369e+05 2.519587091552527358e+00
8.100000000000000000e+01 1.564159870147705078e+00 1.841018033368866309e+05 -9.777846826518864498e-01
8.200000000000000000e+01 1.628781557083129883e+00 2.365938654983134184e+05 2.628888478555693187e-01
8.300000000000000000e+01 2.070919513702392578e+00 4.828454772131412174e+05 5.959029694192510718e+00
8.300000000000000000e+01 1.023292541503906250e-03 4.137017372331756633e+04 0.000000000000000000e+00
8.400000000000000000e+01 6.571543216705322266e-01 3.258833217965469812e+05 9.018797571297261229e+00
8.400000000000000000e+01 7.762908935546875000e-04 4.776759832992267184e+04 0.000000000000000000e+00
8.500000000000000000e+01 8.086612224578857422e-01 3.467604707933960599e+05 8.144914046200478097e+00
8.500000000000000000e+01 8.473396301269531250e-04 4.132011579870496644e+04 0.000000000000000000e+00
8.600000000000000000e+01 8.680765628814697266e-01 3.243383674393811962e+05 8.979416166116282128e+00
8.600000000000000000e+01 7.824897766113281250e-04 5.127331570926808490e+04 0.000000000000000000e+00
8.700000000000000000e+01 1.775949001312255859e-01 1.800981028685259807e+05 2.846120831466524503e+00
8.800000000000000000e+01 2.674558162689208984e-01 1.409537846100471797e+05 4.571213178754792161e-01
8.900000000000000000e+01 2.434782981872558594e-01 1.609149332250647130e+05 7.673341709448699977e-01
9.000000000000000000e+01 2.530593872070312500e-01 2.482707189990388870e+05 2.364260881619021593e+00
9.100000000000000000e+01 4.240095615386962891e-01 1.629460844029116270e+05 2.314673114154876254e-01
9.200000000000000000e+01 4.990348815917968750e-01 1.656749514809554676e+05 2.604889291838300425e-01
9.300000000000000000e+01 3.070859909057617188e-01 1.976126019921065017e+05 8.002716158636002941e-01
9.400000000000000000e+01 3.902993202209472656e-01 1.422737070765729295e+05 -2.578458966325063995e-01
9.500000000000000000e+01 4.505307674407958984e-01 1.746401264482254628e+05 3.661244445236220280e-01
9.600000000000000000e+01 3.678755760192871094e-01 1.383723565773268347e+05 -3.687599097340201193e-01
9.700000000000000000e+01 4.198870658874511719e-01 1.536361907116315560e+05 -3.769408118927521784e-02
9.800000000000000000e+01 3.364393711090087891e-01 1.395831338491939532e+05 -3.388894874923911171e-01
9.900000000000000000e+01 4.536204338073730469e-01 1.184587952237482241e+05 -7.973561688779468026e-01
1.000000000000000000e+02 5.106124877929687500e-01 1.384230537325899641e+05 -3.032464189235880569e-01
1.010000000000000000e+02 4.523997306823730469e-01 1.363456590901790478e+05 -3.419047135125943271e-01
1.020000000000000000e+02 5.655672550201416016e-01 1.255562375127287814e+05 -5.905280930621664703e-01
1.030000000000000000e+02 5.194442272186279297e-01 1.266045751335228124e+05 -5.433426059941599551e-01
1.040000000000000000e+02 5.061206817626953125e-01 1.486175097087701433e+05 2.575805965265792058e-02
1.050000000000000000e+02 5.434052944183349609e-01 1.042120083183727693e+05 -1.117054759358369065e+00
1.060000000000000000e+02 6.136384010314941406e-01 1.491835481822230213e+05 9.245849954976412266e-02
1.070000000000000000e+02 5.068542957305908203e-01 1.437743731702019868e+05 -5.145774179850086394e-02
1.080000000000000000e+02 7.134566307067871094e-01 1.478471967967734672e+05 5.895567445225663450e-02
1.090000000000000000e+02 5.255515575408935547e-01 1.504991315535447793e+05 1.305479167604260415e-01
1.100000000000000000e+02 6.747081279754638672e-01 1.322516845628859010e+05 -3.834211623513910094e-01
1.110000000000000000e+02 6.056177616119384766e-01 1.559701640046715911e+05 3.012712533647315949e-01
1.120000000000000000e+02 6.190330982208251953e-01 1.172678090937139496e+05 -8.283345787873613864e-01
1.130000000000000000e+02 7.569992542266845703e-01 1.531548469745476032e+05 2.447248698566733549e-01
1.140000000000000000e+02 6.224195957183837891e-01 1.462023202834565309e+05 3.372303760169371306e-02
1.150000000000000000e+02 7.780823707580566406e-01 1.331320849534502777e+05 -3.621641141071333947e-01
1.160000000000000000e+02 7.222704887390136719e-01 1.429581881517421280e+05 -5.406069661742321508e-02
1.170000000000000000e+02 6.843094825744628906e-01 1.656607623447447841e+05 6.551593890156844902e-01
1.180000000000000000e+02 8.310797214508056641e-01 1.435333821220564714e+05 -5.564983103473797321e-02
1.190000000000000000e+02 7.712399959564208984e-01 1.562808004362798529e+05 3.527964564360484556e-01
1.200000000000000000e+02 7.819206714630126953e-01 1.719356430228692770e+05 8.544548553868862584e-01
1.210000000000000000e+02 7.825069427490234375e-01 1.379125967606311315e+05 -2.727663669266831015e-01
1.220000000000000000e+02 7.909524440765380859e-01 1.549219508405019005e+05 2.917948406833676955e-01
1.230000000000000000e+02 8.451128005981445312e-01 1.626777083480788860e+05 5.465839065487154702e-01
1.240000000000000000e+02 7.654261589050292969e-01 1.742193742356903094e+05 9.265017811703732953e-01
1.250000000000000000e+02 8.438987731933593750e-01 1.389506533920234942e+05 -2.856324107982539107e-01
1.260000000000000000e+02 8.003520965576171875e-01 1.560961955672489712e+05 3.037773389101743327e-01
1.270000000000000000e+02 1.114424943923950195e+00 1.327657751216303441e+05 -5.060888221129399289e-01
1.280000000000000000e+02 1.056223869323730469e+00 1.779833782748115773e+05 1.077442905181883015e+00
1.290000000000000000e+02 9.322361946105957031e-01 2.594148604641631828e+05 3.885493439594857712e+00
1.290000000000000000e+02 1.870350360870361328e+00 1.312720459446881723e+05 0.000000000000000000e+00
1.300000000000000000e+02 8.336567878723144531e-01 1.564867020906197722e+05 0.000000000000000000e+00
1.310000000000000000e+02 1.422804594039916992e+00 2.752320337434385438e+05 7.367172162209139508e+00
1.310000000000000000e+02 1.019001007080078125e-03 3.207990910481334868e+04 0.000000000000000000e+00
1.320000000000000000e+02 8.636460304260253906e-01 2.430707326757830160e+05 8.594231425708922956e+00
1.320000000000000000e+02 9.484291076660156250e-04 4.407684900606738665e+04 0.000000000000000000e+00
1.330000000000000000e+02 8.576583862304687500e-01 2.714257493349536089e+05 6.587423238222534394e+00
1.330000000000000000e+02 8.091926574707031250e-04 3.509762189921053505e+04 0.000000000000000000e+00
1.340000000000000000e+02 3.680088520050048828e-01 1.683302213824000501e+05 4.661329567020491282e+00
1.340000000000000000e+02 6.530094146728515625e-01 1.682517843564373034e+05 0.000000000000000000e+00
1.350000000000000000e+02 1.876158714294433594e-01 1.265012084720625717e+05 0.000000000000000000e+00
1.360000000000000000e+02 1.955134868621826172e-01 1.286763333950407396e+05 -6.334289671499105934e-01
1.370000000000000000e+02 2.980656623840332031e-01 1.197385079159688903e+05 -9.107573840619961336e-01
1.380000000000000000e+02 3.216221332550048828e-01 8.164856847643015499e+04 -2.464201671442114439e+00
1.390000000000000000e+02 4.570059776306152344e-01 2.731554649840997881e+05 4.812100974922509877e+00
1.390000000000000000e+02 8.037273883819580078e-01 2.722047477657707641e+05 0.000000000000000000e+00
1.400000000000000000e+02 2.728586196899414062e-01 1.189908990658646944e+05 0.000000000000000000e+00
1.410000000000000000e+02 2.863283157348632812e-01 2.764478492670838605e+05 7.462719855110983014e-01
1.420000000000000000e+02 4.074871540069580078e-01 1.222213932749583328e+05 -1.118366375174884020e+00
1.430000000000000000e+02 5.249204635620117188e-01 1.098187577408718207e+05 -9.872759168969604815e-01
1.440000000000000000e+02 4.240615367889404297e-01 1.066226568614291464e+05 -8.495399029599440821e-01
1.450000000000000000e+02 5.077254772186279297e-01 1.176819159505481221e+05 -6.043879670528486958e-01
1.460000000000000000e+02 4.032597541809082031e-01 1.150827492147318844e+05 -5.838802548659903779e-01
1.470000000000000000e+02 4.517383575439453125e-01 1.203254560364599602e+05 -4.676572125953454839e-01
1.480000000000000000e+02 3.981177806854248047e-01 1.040278343775033281e+05 -6.709174372343121862e-01
1.490000000000000000e+02 5.013654232025146484e-01 1.329872201819508045e+05 -1.972065736798892521e-01
1.500000000000000000e+02 5.145857334136962891e-01 1.159669895725974638e+05 -4.530075854971821747e-01
1.510000000000000000e+02 4.352395534515380859e-01 1.608312090199091181e+05 2.926963906379866365e-01
1.520000000000000000e+02 5.908105373382568359e-01 1.194661665918875806e+05 -4.137098613510475920e-01
1.530000000000000000e+02 5.328333377838134766e-01 1.275065741626180970e+05 -2.575584517074295809e-01
1.540000000000000000e+02 5.081317424774169922e-01 1.341946935776023311e+05 -1.285954707213889936e-01
1.550000000000000000e+02 5.509190559387207031e-01 1.283400221804732428e+05 -2.336424048496284767e-01
1.560000000000000000e+02 6.302580833435058594e-01 1.541302510156003991e+05 2.679745643694264046e-01
1.570000000000000000e+02 5.424883365631103516e-01 1.307229607634074637e+05 -2.015039870842242065e-01
1.580000000000000000e+02 6.991388797760009766e-01 1.424606553958790028e+05 4.182011893611980308e-02
1.590000000000000000e+02 6.126446723937988281e-01 1.507153749391639722e+05 2.127943052929254508e-01
1.600000000000000000e+02 7.046008110046386719e-01 1.280243516563500161e+05 -2.767847353488788187e-01
1.610000000000000000e+02 6.586749553680419922e-01 1.345471751741642947e+05 -1.277869177853986904e-01
1.620000000000000000e+02 6.947047710418701172e-01 1.428088293603537022e+05 5.953706477919352980e-02
1.630000000000000000e+02 6.713426113128662109e-01 1.628997610832249920e+05 5.172985528418350132e-01
1.640000000000000000e+02 7.852332592010498047e-01 1.970290360290024255e+05 1.296497268766491295e+00
1.650000000000000000e+02 7.611689567565917969e-01 1.644799802862615325e+05 4.853385991526995569e-01
1.660000000000000000e+02 7.405390739440917969e-01 1.733072764920686604e+05 6.799200233027331564e-01
1.670000000000000000e+02 8.083825111389160156e-01 1.848974782822987181e+05 9.350370686282023502e-01
1.680000000000000000e+02 8.464293479919433594e-01 2.025999407185459277e+05 1.322787853647200640e+00
1.690000000000000000e+02 7.636642456054687500e-01 2.000291613666232442e+05 1.203802733156134286e+00
1.700000000000000000e+02 8.266155719757080078e-01 3.414857750334705343e+05 4.432189733462100989e+00
1.700000000000000000e+02 1.589497804641723633e+00 2.630933501084484742e+05 0.000000000000000000e+00
1.710000000000000000e+02 7.875266075134277344e-01 1.460064406475133728e+05 0.000000000000000000e+00
1.720000000000000000e+02 7.269001007080078125e-01 1.311310015610521950e+05 -8.867771456976805133e-01
1.730000000000000000e+02 8.073492050170898438e-01 2.374581129635757243e+05 7.938951803223054382e-01
1.740000000000000000e+02 8.242042064666748047e-01 2.575305911040392239e+05 9.617347834343743518e-01
1.750000000000000000e+02 9.107186794281005859e-01 2.257821208911144349e+05 2.953208006486510162e-01
1.760000000000000000e+02 9.169538021087646484e-01 2.053847547199193214e+05 -8.350964759225322498e-02
1.770000000000000000e+02 8.495452404022216797e-01 2.166678968718931719e+05 1.373459696806314523e-01
1.780000000000000000e+02 8.296890258789062500e-01 2.108894446064906078e+05 1.046869183803705514e-02
1.790000000000000000e+02 9.943833351135253906e-01 2.377720519495099725e+05 6.025770108486201426e-01
1.800000000000000000e+02 9.925394058227539062e-01 2.120500796505123726e+05 -2.570349105990491975e-02
1.810000000000000000e+02 1.552733898162841797e+00 4.923665942558725365e+05 6.747214562235561708e+00
1.810000000000000000e+02 1.158237457275390625e-03 3.774787169460450241e+04 0.000000000000000000e+00
1.820000000000000000e+02 7.574853897094726562e-01 5.024674236477951636e+05 1.670348257307601614e+01
1.820000000000000000e+02 7.693767547607421875e-04 5.443553172468504636e+04 0.000000000000000000e+00
1.830000000000000000e+02 7.016084194183349609e-01 3.638386681217633304e+05 7.331064205119774080e+00
1.830000000000000000e+02 7.700920104980468750e-04 5.558781134266359732e+04 0.000000000000000000e+00
1.840000000000000000e+02 1.775879859924316406e-01 2.171621994092352979e+05 3.403519009192523370e+00
1.840000000000000000e+02 4.556593894958496094e-01 2.174519119242356392e+05 0.000000000000000000e+00
1.850000000000000000e+02 2.248055934906005859e-01 1.572626498016646947e+05 0.000000000000000000e+00
1.860000000000000000e+02 2.377223968505859375e-01 2.042460748065673106e+05 3.968209711318479438e-01
1.870000000000000000e+02 2.639799118041992188e-01 1.773092080311801401e+05 -4.955822205983450579e-01
1.880000000000000000e+02 2.440309524536132812e-01 2.497751879321406304e+05 2.249015473682268951e+00
1.890000000000000000e+02 3.182802200317382812e-01 2.665517829205140588e+05 1.823856498381414726e+00
1.900000000000000000e+02 3.451731204986572266e-01 2.341466724908982578e+05 5.287759704252132931e-01
1.910000000000000000e+02 3.655724525451660156e-01 1.801200295930200955e+05 -9.015888564421223883e-01
1.920000000000000000e+02 3.051300048828125000e-01 2.019629876782815845e+05 -2.331487129496258304e-01
1.930000000000000000e+02 4.241826534271240234e-01 1.843856410918964830e+05 -7.116373621540104111e-01
1.940000000000000000e+02 4.112732410430908203e-01 1.823471389087208372e+05 -7.194909900408766878e-01
1.950000000000000000e+02 4.379730224609375000e-01 2.072934578259626578e+05 6.638982307569289698e-02
1.960000000000000000e+02 4.036293029785156250e-01 1.546609470308421005e+05 -1.570026028907911764e+00
1.970000000000000000e+02 4.197788238525390625e-01 1.688386269470977713e+05 -9.594470345140760914e-01
1.980000000000000000e+02 5.316483974456787109e-01 1.635770440524139558e+05 -1.052096276414910214e+00
1.990000000000000000e+02 3.998324871063232422e-01 1.824673819074085040e+05 -4.207960721495138112e-01
2.000000000000000000e+02 5.487048625946044922e-01 2.160028441864848137e+05 6.170568971473183728e-01
2.010000000000000000e+02 4.791917800903320312e-01 2.250570425726837129e+05 8.746756330501191945e-01
2.020000000000000000e+02 5.420622825622558594e-01 1.814959257259222795e+05 -5.346042096086689455e-01
2.030000000000000000e+02 6.100788116455078125e-01 1.606857336263950856e+05 -1.183991895860122323e+00
2.040000000000000000e+02 6.426820755004882812e-01 1.468846913723604230e+05 -1.553595461107823761e+00
2.050000000000000000e+02 5.295908451080322266e-01 1.547893651929735788e+05 -1.190419368478654372e+00
2.060000000000000000e+02 7.078843116760253906e-01 1.879518752531566715e+05 -1.143213914901380357e-01
2.070000000000000000e+02 5.316383838653564453e-01 2.027622108583195950e+05 3.508231895082230545e-01
2.080000000000000000e+02 6.874721050262451172e-01 1.856113533107572002e+05 -2.035743520198746159e-01
2.090000000000000000e+02 6.838920116424560547e-01 2.004661395039841591e+05 2.835655757131608223e-01
2.100000000000000000e+02 6.022677421569824219e-01 1.689893632588359178e+05 -7.651118315802017955e-01
2.110000000000000000e+02 7.597317695617675781e-01 1.769067870066340256e+05 -4.784711505255940800e-01
2.120000000000000000e+02 5.964722633361816406e-01 1.967654858630913950e+05 2.051856471048108255e-01
2.130000000000000000e+02 7.496905326843261719e-01 1.699395131242369243e+05 -7.240236286133051591e-01
2.140000000000000000e+02 7.207734584808349609e-01 1.959513467458780797e+05 1.993391308039286769e-01
2.150000000000000000e+02 7.506363391876220703e-01 2.153631619697776041e+05 8.827361308348414815e-01
2.160000000000000000e+02 7.181673049926757812e-01 1.949105178534219158e+05 1.321973798193741279e-01
2.170000000000000000e+02 8.590517044067382812e-01 2.304890401336583600e+05 1.413608362624661829e+00
2.180000000000000000e+02 6.890966892242431641e-01 1.784621453771151137e+05 -4.976667568645907758e-01
2.190000000000000000e+02 8.892474174499511719e-01 2.358184226824668585e+05 1.574372416438010180e+00
2.200000000000000000e+02 7.855598926544189453e-01 2.941293280538356048e+05 3.557354840923670380e+00
2.200000000000000000e+02 1.758881807327270508e+00 1.281492183135550149e+05 0.000000000000000000e+00
2.210000000000000000e+02 8.479385375976562500e-01 1.944209188608556287e+05 0.000000000000000000e+00
2.220000000000000000e+02 8.862946033477783203e-01 1.523480750418989628e+05 -1.907121346553081187e-01
2.230000000000000000e+02 8.345515727996826172e-01 1.569016309208329476e+05 -4.187960501512508205e-02
2.240000000000000000e+02 9.598581790924072266e-01 1.749884429046651931e+05 6.218787802163955325e-01
2.250000000000000000e+02 9.622902870178222656e-01 2.096954094014626753e+05 1.940032723842494367e+00
2.260000000000000000e+02 8.439302444458007812e-01 2.050410592418954184e+05 1.196858263827315527e+00
2.270000000000000000e+02 9.773635864257812500e-01 2.422272477509264718e+05 2.233224586679938284e+00
2.280000000000000000e+02 8.257935047149658203e-01 2.261492093329500931e+05 1.170192711798590190e+00
2.290000000000000000e+02 9.444017410278320312e-01 2.661676546626376803e+05 2.096473200234417078e+00
2.300000000000000000e+02 8.776829242706298828e-01 2.710440506793651730e+05 1.750204474522964126e+00
2.310000000000000000e+02 8.943383693695068359e-01 3.939468707962729386e+05 4.092407643649806026e+00
2.310000000000000000e+02 1.925822496414184570e+00 3.503371899659891496e+05 0.000000000000000000e+00
2.320000000000000000e+02 9.514703750610351562e-01 1.727264897550694877e+05 0.000000000000000000e+00
2.330000000000000000e+02 9.147949218750000000e-01 1.774476293608136475e+05 -6.695150164315449848e-01
2.340000000000000000e+02 1.153706312179565430e+00 2.405373430995162926e+05 6.949605317372986590e-02
2.350000000000000000e+02 1.134779691696166992e+00 2.093360811749325367e+05 -3.134539205873154710e-01
2.360000000000000000e+02 1.118384361267089844e+00 2.610489423715163430e+05 4.268341725135539888e-01
2.370000000000000000e+02 1.105504751205444336e+00 2.483173751255286625e+05 1.977931156405886293e-01
2.380000000000000000e+02 1.063192367553710938e+00 2.556479648106372915e+05 3.061400920412593041e-01
2.390000000000000000e+02 1.110728979110717773e+00 2.561377098901883874e+05 2.960536310463907639e-01
2.400000000000000000e+02 1.174741268157958984e+00 2.531866825352248561e+05 2.242001026973051148e-01
2.410000000000000000e+02 1.663564443588256836e+00 9.716728633255598834e+05 1.452484713758530077e+01
2.410000000000000000e+02 8.380413055419921875e-04 3.401367504730172368e+04 0.000000000000000000e+00
2.420000000000000000e+02 8.183844089508056641e-01 9.146114332122527994e+05 3.590620509588477205e+01
2.420000000000000000e+02 8.759498596191406250e-04 4.119409899871881498e+04 0.000000000000000000e+00
2.430000000000000000e+02 7.688949108123779297e-01 8.424965913563905051e+05 2.680199961511615570e+01
2.430000000000000000e+02 8.738040924072265625e-04 4.444207184377096564e+04 0.000000000000000000e+00
2.440000000000000000e+02 8.884418010711669922e-01 7.960509129149900982e+05 2.321021688407871508e+01
2.440000000000000000e+02 1.446962356567382812e-03 5.295255011911517067e+04 0.000000000000000000e+00
2.450000000000000000e+02 2.204589843750000000e-01 2.074516722591990547e+05 3.419129885673623193e+00
2.450000000000000000e+02 4.947345256805419922e-01 2.067870505133615516e+05 0.000000000000000000e+00
2.460000000000000000e+02 1.843945980072021484e-01 1.698225059184820275e+05 0.000000000000000000e+00
2.470000000000000000e+02 1.993150711059570312e-01 1.506275812710613536e+05 -1.441478678977281991e+00
2.480000000000000000e+02 2.811539173126220703e-01 2.298007972952607379e+05 1.893717090791242397e+00
2.490000000000000000e+02 4.692218303680419922e-01 1.955143117493915779e+05 1.752611129139943213e-01
2.500000000000000000e+02 3.282496929168701172e-01 3.158265465071918443e+05 4.038080779886181304e+00
2.500000000000000000e+02 5.885164737701416016e-01 3.193776414817571058e+05 0.000000000000000000e+00
2.510000000000000000e+02 2.685616016387939453e-01 1.556235152715450677e+05 0.000000000000000000e+00
2.520000000000000000e+02 2.723953723907470703e-01 1.509851585434131557e+05 -7.471645625924830947e-01
2.530000000000000000e+02 5.002086162567138672e-01 1.848076384228821262e+05 -2.487158755818980882e-01
2.540000000000000000e+02 3.320989608764648438e-01 1.551706919369495008e+05 -5.999946846323970240e-01
2.550000000000000000e+02 4.082615375518798828e-01 1.990611495895684347e+05 8.170912739905307476e-02
2.560000000000000000e+02 4.977843761444091797e-01 1.807019773137353186e+05 -2.095329459105781944e-01
2.570000000000000000e+02 4.140155315399169922e-01 1.895835757659655064e+05 -4.521593256576446340e-02
2.580000000000000000e+02 4.520781040191650391e-01 2.123461756934261357e+05 3.746318919981163620e-01
2.590000000000000000e+02 4.120814800262451172e-01 2.038649474388092058e+05 1.880869656659609201e-01
2.600000000000000000e+02 5.487935543060302734e-01 1.839344356317285274e+05 -2.307120773916538636e-01
2.610000000000000000e+02 4.928493499755859375e-01 1.908887025933084660e+05 -7.013310418047637163e-02
2.620000000000000000e+02 4.297595024108886719e-01 1.908552983557785337e+05 -6.816865484782849705e-02
2.630000000000000000e+02 6.146521568298339844e-01 2.288436006674879754e+05 8.336518526644932647e-01
2.640000000000000000e+02 4.960050582885742188e-01 1.727612837627896224e+05 -5.613373381991071387e-01
2.650000000000000000e+02 5.774178504943847656e-01 1.723368126362991461e+05 -5.481009029070084138e-01
2.660000000000000000e+02 6.162359714508056641e-01 2.538687515618716134e+05 1.531698047185166001e+00
2.670000000000000000e+02 5.658855438232421875e-01 2.405001595399153593e+05 1.064640645643265549e+00
2.680000000000000000e+02 6.680676937103271484e-01 2.582969933750394557e+05 1.435750647970824190e+00
2.690000000000000000e+02 5.995876789093017578e-01 2.069468186853493389e+05 1.098747065061204814e-01
2.700000000000000000e+02 6.517870426177978516e-01 1.912454975407007441e+05 -2.745740761255116569e-01
2.710000000000000000e+02 6.594624519348144531e-01 2.060241614922056615e+05 1.002002081199437344e-01
2.720000000000000000e+02 6.631965637207031250e-01 2.121751893979860179e+05 2.548887956374799590e-01
2.730000000000000000e+02 7.559041976928710938e-01 2.199041866605557443e+05 4.506739346753053654e-01
2.740000000000000000e+02 6.099307537078857422e-01 2.688594346247772919e+05 1.738895463102433814e+00
2.750000000000000000e+02 7.980070114135742188e-01 2.748165718293146347e+05 1.759035896552854306e+00
2.760000000000000000e+02 7.401645183563232422e-01 2.559741022428579163e+05 1.164890858704953125e+00
2.770000000000000000e+02 7.175476551055908203e-01 1.778575349406149471e+05 -7.946842199729973188e-01
2.780000000000000000e+02 7.577898502349853516e-01 1.670831083460191439e+05 -1.037265240606684680e+00
2.790000000000000000e+02 7.925772666931152344e-01 2.326235380105843942e+05 6.122078008045054309e-01
2.800000000000000000e+02 7.293202877044677734e-01 2.396668094561367761e+05 7.736962996528128356e-01
2.810000000000000000e+02 8.017592430114746094e-01 2.633776542907863040e+05 1.348295595858123752e+00
2.820000000000000000e+02 8.631820678710937500e-01 2.321798663634871773e+05 5.179493213397512452e-01
2.830000000000000000e+02 8.785066604614257812e-01 2.053760008515481895e+05 -1.633175633732143750e-01
2.840000000000000000e+02 7.598676681518554688e-01 2.200930518206268607e+05 2.133442854417020584e-01
2.850000000000000000e+02 9.686360359191894531e-01 1.978633580451499147e+05 -3.631882404196904446e-01
2.860000000000000000e+02 8.382716178894042969e-01 2.142732868142341904e+05 7.108374533587971666e-02
2.870000000000000000e+02 9.682493209838867188e-01 1.811525029917024367e+05 -8.072627722904287539e-01
2.880000000000000000e+02 8.673484325408935547e-01 1.790399720870473539e+05 -8.461714942933372674e-01
2.890000000000000000e+02 1.010909318923950195e+00 1.720399968933846103e+05 -1.014879150172806721e+00
2.900000000000000000e+02 1.021085023880004883e+00 1.602192563563967415e+05 -1.305396815618404815e+00
2.910000000000000000e+02 9.011015892028808594e-01 1.719919059763646510e+05 -9.510563604946201677e-01
2.920000000000000000e+02 9.835836887359619141e-01 2.213422723933734233e+05 3.803722706121001051e-01
2.930000000000000000e+02 1.022135734558105469e+00 2.145499394645522698e+05 1.931943357032226971e-01
2.940000000000000000e+02 9.319550991058349609e-01 2.071427004660049861e+05 -9.991715332760831014e-03
2.950000000000000000e+02 1.064281225204467773e+00 2.204085938519260671e+05 3.541605461769947172e-01
2.960000000000000000e+02 9.730231761932373047e-01 1.884100213424632675e+05 -5.369040255529173855e-01
2.970000000000000000e+02 1.075782775878906250e+00 2.471808198762767715e+05 1.111975490623877683e+00
2.980000000000000000e+02 1.119239330291748047e+00 2.904404131931230659e+05 2.292017765289846132e+00
2.990000000000000000e+02 1.114481925964355469e+00 2.635528176885594148e+05 1.435186442482970337e+00
