2.132632901228227839e+07
1.000000000000000000e+00 1.468586921691894531e-02 1.430593592417244508e+05 0.000000000000000000e+00
2.000000000000000000e+00 1.684832572937011719e-02 1.435271511422623880e+05 7.189197615457318946e-01
3.000000000000000000e+00 2.092719078063964844e-02 8.666548074140507379e+04 -1.166721316133335629e+00
4.000000000000000000e+00 1.921367645263671875e-02 1.316153892051026342e+05 5.075861401837272746e-01
5.000000000000000000e+00 2.574992179870605469e-02 1.175430448775492987e+05 -2.885770284538098987e-02
6.000000000000000000e+00 2.737021446228027344e-02 1.255662851640368026e+05 2.806043689125907736e-01
7.000000000000000000e+00 2.911019325256347656e-02 1.374609218737061601e+05 7.577457730328026608e-01
8.000000000000000000e+00 2.979350090026855469e-02 1.359032613067088532e+05 6.205314745794494602e-01
9.000000000000000000e+00 3.262376785278320312e-02 1.253384616096384998e+05 9.860229743568048322e-02
1.000000000000000000e+01 3.303933143615722656e-02 1.360067374775959761e+05 6.048528874868490668e-01
1.100000000000000000e+01 3.414082527160644531e-02 1.380514090046141646e+05 6.705238289347018599e-01
1.200000000000000000e+01 3.571009635925292969e-02 1.637960826289640972e+05 1.943209837113073268e+00
1.300000000000000000e+01 3.711724281311035156e-02 1.519530634491804230e+05 1.083503694568427100e+00
1.400000000000000000e+01 4.066538810729980469e-02 1.562154881480590557e+05 1.199585306253926120e+00
1.500000000000000000e+01 5.005645751953125000e-02 1.388948464292150747e+05 3.154752750308449372e-01
1.600000000000000000e+01 4.159879684448242188e-02 1.515355247215377749e+05 9.004279356320766814e-01
1.700000000000000000e+01 5.333542823791503906e-02 1.868322611948333506e+05 2.528528439420037799e+00
1.800000000000000000e+01 4.910087585449218750e-02 2.093573539454975398e+05 3.036058749336065787e+00
1.800000000000000000e+01 9.422922134399414062e-02 1.411221501019844145e+05 0.000000000000000000e+00
1.900000000000000000e+01 4.813671112060546875e-02 2.671717586410961812e+05 0.000000000000000000e+00
2.000000000000000000e+01 4.711222648620605469e-02 3.396158467090969789e+05 1.519893215408024023e+00
2.100000000000000000e+01 4.157614707946777344e-02 2.285154668534595403e+05 -2.069548245875427184e-01
2.200000000000000000e+01 9.438061714172363281e-02 3.048368647952630999e+05 7.346158271743045143e-01
2.300000000000000000e+01 6.898212432861328125e-02 2.959594186924676760e+05 5.185535790611670581e-01
2.400000000000000000e+01 5.456805229187011719e-02 2.339304628020891687e+05 -4.111883023813274751e-01
2.500000000000000000e+01 5.871939659118652344e-02 2.371320339397668431e+05 -3.314858707005183813e-01
2.600000000000000000e+01 6.323480606079101562e-02 2.215600426443643228e+05 -5.668432140017692911e-01
2.700000000000000000e+01 6.067824363708496094e-02 1.628938841850321915e+05 -1.538756658249535336e+00
2.800000000000000000e+01 5.941247940063476562e-02 2.406572607082044415e+05 -4.248995211052855603e-02
2.900000000000000000e+01 6.053829193115234375e-02 2.035926313212500827e+05 -6.751068128518568079e-01
3.000000000000000000e+01 6.216382980346679688e-02 1.993389272971290338e+05 -7.107180576425988772e-01
3.100000000000000000e+01 6.642293930053710938e-02 2.826436642540893517e+05 8.277039785104661762e-01
3.200000000000000000e+01 6.712341308593750000e-02 3.171325431527414476e+05 1.408974689174891992e+00
3.300000000000000000e+01 8.930134773254394531e-02 3.092944600553247146e+05 1.137855696258442739e+00
3.400000000000000000e+01 8.267259597778320312e-02 3.566811662141653942e+05 1.892887464762956329e+00
3.500000000000000000e+01 8.866310119628906250e-02 3.381675513398284675e+05 1.358595857034811560e+00
3.600000000000000000e+01 1.369726657867431641e-01 2.328523773749849352e+05 -4.364903839496764859e-01
3.700000000000000000e+01 1.467015743255615234e-01 1.583001416135517647e+05 -1.649583059315763656e+00
3.800000000000000000e+01 9.206700325012207031e-02 2.036510566279971390e+05 -7.888746955063755673e-01
3.900000000000000000e+01 9.554934501647949219e-02 2.845886939758327790e+05 5.332166660793263846e-01
4.000000000000000000e+01 8.334779739379882812e-02 2.270766318131573207e+05 -4.165804331449950437e-01
4.100000000000000000e+01 1.555235385894775391e-01 2.328009596662833646e+05 -3.114019689961713411e-01
4.200000000000000000e+01 8.144474029541015625e-02 2.312744939769221819e+05 -3.302960119882515921e-01
4.300000000000000000e+01 7.934331893920898438e-02 2.505670777012496837e+05 9.225479916773872066e-03
4.400000000000000000e+01 8.347606658935546875e-02 2.546718377364376793e+05 8.123322066053306756e-02
4.500000000000000000e+01 8.498430252075195312e-02 2.986941227971070912e+05 8.690982002675136098e-01
4.600000000000000000e+01 8.586096763610839844e-02 2.882644989438089542e+05 6.543522715777302379e-01
4.700000000000000000e+01 1.226024627685546875e-01 3.184527236401492264e+05 1.188330594738508994e+00
4.800000000000000000e+01 1.184601783752441406e-01 2.646123741270598839e+05 1.670762992349186515e-01
4.900000000000000000e+01 9.201121330261230469e-02 2.668852754654196324e+05 2.061963326917492234e-01
5.000000000000000000e+01 9.117627143859863281e-02 2.673171561888082069e+05 2.109879238040710814e-01
5.100000000000000000e+01 9.261870384216308594e-02 2.839931860947115929e+05 5.241929015079648257e-01
5.200000000000000000e+01 9.636688232421875000e-02 2.682421035800810205e+05 2.122305143555750229e-01
5.300000000000000000e+01 9.561729431152343750e-02 2.477270673482484708e+05 -1.902509496062805283e-01
5.400000000000000000e+01 1.024024486541748047e-01 2.628860606602508924e+05 1.116940266673818044e-01
5.500000000000000000e+01 1.132974624633789062e-01 2.994616511886609951e+05 8.423758793779503318e-01
5.600000000000000000e+01 2.234513759613037109e-01 2.649609069993254379e+05 1.301092404269346969e-01
5.700000000000000000e+01 1.453127861022949219e-01 2.633023311457101954e+05 9.466490047593796586e-02
5.800000000000000000e+01 1.062660217285156250e-01 3.107447850188461016e+05 1.072305085666610536e+00
5.900000000000000000e+01 1.046695709228515625e-01 4.059984413616532111e+05 3.006807002498880887e+00
5.900000000000000000e+01 2.100045680999755859e-01 1.534221956100106763e+05 0.000000000000000000e+00
6.000000000000000000e+01 1.062030792236328125e-01 3.584238747392846271e+05 0.000000000000000000e+00
6.100000000000000000e+01 1.155095100402832031e-01 2.946892049389110180e+05 2.674302145950098186e-01
6.200000000000000000e+01 1.091644763946533203e-01 2.832211946415649145e+05 1.370249246657358200e-01
6.300000000000000000e+01 1.126325130462646484e-01 2.746931587536077132e+05 2.622058220747997340e-02
6.400000000000000000e+01 1.145441532135009766e-01 2.622786269756559050e+05 -1.425209044544971382e-01
6.500000000000000000e+01 1.869931221008300781e-01 3.043791969747136463e+05 4.983584892193140825e-01
6.600000000000000000e+01 1.156322956085205078e-01 3.263626670306689921e+05 8.116927247759935238e-01
6.700000000000000000e+01 1.700742244720458984e-01 3.591125162559011951e+05 1.275925823236350620e+00
6.800000000000000000e+01 1.344201564788818359e-01 3.829300561681753607e+05 1.488169879585409250e+00
6.900000000000000000e+01 1.224944591522216797e-01 3.449113920743160998e+05 6.886915055284088538e-01
7.000000000000000000e+01 1.262629032135009766e-01 3.303496482632018742e+05 4.150048645946008419e-01
7.100000000000000000e+01 1.279335021972656250e-01 3.041051995888923993e+05 -3.489483248954221989e-02
7.200000000000000000e+01 1.305828094482421875e-01 3.368951720776692382e+05 5.284700873257923703e-01
7.300000000000000000e+01 1.853199005126953125e-01 3.115747392026549205e+05 5.834612750408721404e-02
7.400000000000000000e+01 1.299431324005126953e-01 3.659990054591357475e+05 1.053404620404054359e+00
7.500000000000000000e+01 1.337845325469970703e-01 3.861898877801793278e+05 1.355586878688272101e+00
7.600000000000000000e+01 1.374380588531494141e-01 3.868715942568060127e+05 1.259913906946958928e+00
7.700000000000000000e+01 1.379253864288330078e-01 3.717506647254503914e+05 9.062064099914500792e-01
7.800000000000000000e+01 1.790075302124023438e-01 3.504222059282431728e+05 4.854439162605506675e-01
7.900000000000000000e+01 1.602625846862792969e-01 3.311596771101586637e+05 1.219306177863196394e-01
8.000000000000000000e+01 2.070555686950683594e-01 3.616945966207483434e+05 6.864249030694551390e-01
8.100000000000000000e+01 1.424362659454345703e-01 3.001665392544545466e+05 -4.944670370265695225e-01
8.200000000000000000e+01 1.480207443237304688e-01 3.770626612144598039e+05 9.922584022436252704e-01
8.300000000000000000e+01 3.822705745697021484e-01 5.933408312437868444e+05 5.102064604617195798e+00
8.300000000000000000e+01 7.038116455078125000e-04 6.331109508862998337e+04 0.000000000000000000e+00
8.400000000000000000e+01 3.174326419830322266e-01 3.275363234003757825e+05 5.195032502243820183e+00
8.400000000000000000e+01 7.545948028564453125e-04 7.113406525907742616e+04 0.000000000000000000e+00
8.500000000000000000e+01 2.216148376464843750e-02 3.485159490587935434e+05 4.807511574975767310e+00
8.500000000000000000e+01 4.512381553649902344e-02 3.458884637028534198e+05 0.000000000000000000e+00
8.600000000000000000e+01 2.023553848266601562e-02 1.590914284504278621e+05 0.000000000000000000e+00
8.700000000000000000e+01 2.117633819580078125e-02 1.537624736948780192e+05 -7.474515333309653675e-01
8.800000000000000000e+01 2.445054054260253906e-02 1.874287781662078924e+05 -2.938454413293790646e-01
8.900000000000000000e+01 2.586293220520019531e-02 1.901395467567880114e+05 -2.357850622753399072e-01
9.000000000000000000e+01 9.118962287902832031e-02 2.780717821911668871e+05 8.941346683479106661e-01
9.100000000000000000e+01 2.850985527038574219e-02 2.140174874222803628e+05 -6.596018730478597769e-02
9.200000000000000000e+01 3.080177307128906250e-02 2.249056051439094881e+05 9.393495936683518566e-02
9.300000000000000000e+01 3.134059906005859375e-02 2.610785265370229608e+05 6.476020228658710964e-01
9.400000000000000000e+01 3.241562843322753906e-02 1.871968576560562360e+05 -5.894206757654245621e-01
9.500000000000000000e+01 3.376531600952148438e-02 2.316880943140698364e+05 1.930832073557963158e-01
9.600000000000000000e+01 3.509473800659179688e-02 2.193894153159464477e+05 -3.201102481840960995e-02
9.700000000000000000e+01 3.881335258483886719e-02 2.743657679295140551e+05 9.850759300227638349e-01
9.800000000000000000e+01 3.797507286071777344e-02 2.768495514776332420e+05 9.593732350533787923e-01
9.900000000000000000e+01 3.971242904663085938e-02 2.053596827863409126e+05 -4.383737259778395789e-01
1.000000000000000000e+02 4.638028144836425781e-02 1.757241843757692841e+05 -9.917531140993343097e-01
1.010000000000000000e+02 4.283809661865234375e-02 3.047287279576968285e+05 1.555764168436014172e+00
1.020000000000000000e+02 4.643392562866210938e-02 2.591772061546132027e+05 5.636712481369468009e-01
1.030000000000000000e+02 4.606127738952636719e-02 1.947338551712672925e+05 -6.777358629647581845e-01
1.040000000000000000e+02 4.734873771667480469e-02 2.477603021474968700e+05 3.687826896757622763e-01
1.050000000000000000e+02 4.907083511352539062e-02 2.677886613901804085e+05 7.535129627912702244e-01
1.060000000000000000e+02 5.044412612915039062e-02 2.673515055574424332e+05 7.172963607504636574e-01
1.070000000000000000e+02 5.386543273925781250e-02 2.787752215686585987e+05 9.238002860864127364e-01
1.080000000000000000e+02 5.942153930664062500e-02 3.060941019071246265e+05 1.441266215136370432e+00
1.090000000000000000e+02 9.529066085815429688e-02 1.640640550387037511e+05 -1.467325294463608154e+00
1.100000000000000000e+02 6.127929687500000000e-02 1.575815434397109493e+05 -1.504257078390410118e+00
1.110000000000000000e+02 5.777478218078613281e-02 2.133023967797684600e+05 -3.557058167895587042e-01
1.120000000000000000e+02 5.928993225097656250e-02 1.712172594694717845e+05 -1.161280263305943805e+00
1.130000000000000000e+02 6.099867820739746094e-02 2.067047346782416280e+05 -4.320201205198282435e-01
1.140000000000000000e+02 6.425738334655761719e-02 2.165342948206347937e+05 -2.317443193992843042e-01
1.150000000000000000e+02 6.576132774353027344e-02 2.007577512149689719e+05 -5.404836229202305553e-01
1.160000000000000000e+02 6.465172767639160156e-02 2.082683701854171813e+05 -3.787344045767567779e-01
1.170000000000000000e+02 7.040977478027343750e-02 2.620548697653581912e+05 7.222939535503373198e-01
1.180000000000000000e+02 6.801319122314453125e-02 3.068191770272353897e+05 1.623813316800564399e+00
1.190000000000000000e+02 1.539671421051025391e-01 3.454068396729190135e+05 2.313312044118771560e+00
1.200000000000000000e+02 7.118606567382812500e-02 4.546732231408135849e+05 4.185782436533174611e+00
1.200000000000000000e+02 1.441457271575927734e-01 1.716136570895386976e+05 0.000000000000000000e+00
1.210000000000000000e+02 7.478570938110351562e-02 2.896141860294187791e+05 0.000000000000000000e+00
1.220000000000000000e+02 1.034054756164550781e-01 2.562865581724754593e+05 3.076815943636476147e-01
1.230000000000000000e+02 1.102287769317626953e-01 2.495244933038439194e+05 1.701860074028783976e-01
1.240000000000000000e+02 7.626247406005859375e-02 2.844352216687629116e+05 8.545451114931423842e-01
1.250000000000000000e+02 7.795929908752441406e-02 2.891136010776862968e+05 8.211684602183162429e-01
1.260000000000000000e+02 8.108425140380859375e-02 2.407362894359703641e+05 -3.549680867840240284e-01
1.270000000000000000e+02 8.159732818603515625e-02 2.404768781776116521e+05 -3.359823731380605638e-01
1.280000000000000000e+02 8.242917060852050781e-02 2.537746510671738652e+05 2.698845789467139988e-02
1.290000000000000000e+02 8.586525917053222656e-02 2.921747703768491629e+05 1.081215689692218707e+00
1.300000000000000000e+02 8.477878570556640625e-02 3.049421540739263291e+05 1.320235732054451772e+00
1.310000000000000000e+02 8.731365203857421875e-02 4.225688399074365734e+05 4.300392388389720821e+00
1.310000000000000000e+02 1.751108169555664062e-01 2.592117772510350333e+05 0.000000000000000000e+00
1.320000000000000000e+02 8.678030967712402344e-02 4.734624001171219861e+05 0.000000000000000000e+00
1.330000000000000000e+02 1.197655200958251953e-01 3.561653329959473340e+05 -6.714115765391218127e-02
1.340000000000000000e+02 1.753082275390625000e-01 3.055036300788514782e+05 -5.354173577577973075e-01
1.350000000000000000e+02 9.477710723876953125e-02 2.653201744934504386e+05 -9.032237536975993297e-01
1.360000000000000000e+02 9.339070320129394531e-02 2.745050169163729297e+05 -6.518934678413134121e-01
1.370000000000000000e+02 9.541726112365722656e-02 2.849268267852345598e+05 -4.553677785745575135e-01
1.380000000000000000e+02 9.860515594482421875e-02 2.905272945157717331e+05 -3.468298451089390499e-01
1.390000000000000000e+02 3.303458690643310547e-01 6.809269824667175999e+05 5.149008053117455574e+00
1.390000000000000000e+02 6.999969482421875000e-04 3.940668464659490564e+04 0.000000000000000000e+00
1.400000000000000000e+02 3.219556808471679688e-01 2.840603408033827436e+05 8.072939592265225173e+00
1.400000000000000000e+02 7.078647613525390625e-04 6.149245351772000140e+04 0.000000000000000000e+00
1.410000000000000000e+02 2.512698173522949219e-01 3.276350303562838817e+05 5.413683985139927657e+00
1.410000000000000000e+02 6.818771362304687500e-04 5.080702712330770009e+04 0.000000000000000000e+00
1.420000000000000000e+02 3.577847480773925781e-01 3.259981204404269811e+05 6.952837097616280104e+00
1.420000000000000000e+02 6.840229034423828125e-04 5.811885002516821987e+04 0.000000000000000000e+00
1.430000000000000000e+02 1.940798759460449219e-02 1.524357659249312710e+05 1.587919042085691901e+00
1.440000000000000000e+02 2.001523971557617188e-02 1.207542648011858691e+05 2.484912356506098208e-01
1.450000000000000000e+02 2.120757102966308594e-02 1.368153852596260549e+05 6.343667766509838435e-01
1.460000000000000000e+02 2.433276176452636719e-02 1.330592539830285241e+05 4.519985420000116605e-01
1.470000000000000000e+02 3.166294097900390625e-02 1.398745866353416932e+05 6.208233546159415139e-01
1.480000000000000000e+02 2.693963050842285156e-02 1.746651733163860335e+05 1.693163829456354019e+00
1.490000000000000000e+02 2.893996238708496094e-02 1.705225076453389484e+05 1.221894856842624222e+00
1.500000000000000000e+02 3.207993507385253906e-02 1.510756206698959286e+05 5.037307394402020799e-01
1.510000000000000000e+02 3.169369697570800781e-02 1.913892365826195455e+05 1.690079684870741783e+00
1.520000000000000000e+02 3.263592720031738281e-02 1.858985367740267830e+05 1.272960491860925636e+00
1.530000000000000000e+02 7.615494728088378906e-02 2.053671426415034803e+05 1.675601353818973571e+00
1.540000000000000000e+02 7.034182548522949219e-02 2.032532576941585285e+05 1.398881021242557976e+00
1.550000000000000000e+02 3.665137290954589844e-02 1.949467159261167399e+05 1.052450245408005136e+00
1.560000000000000000e+02 3.996396064758300781e-02 2.348201048303401622e+05 1.976036381414868037e+00
1.570000000000000000e+02 4.004597663879394531e-02 2.450282051945781568e+05 1.942039300754065723e+00
1.580000000000000000e+02 4.085469245910644531e-02 2.171219311947418901e+05 1.101543501481979881e+00
1.590000000000000000e+02 4.510974884033203125e-02 1.637308336546854407e+05 -9.951266990873917917e-02
1.600000000000000000e+02 4.458999633789062500e-02 1.495030269449621846e+05 -4.082377638033308220e-01
1.610000000000000000e+02 4.634475708007812500e-02 1.622008507515746460e+05 -1.125619479344027868e-01
1.620000000000000000e+02 4.773759841918945312e-02 1.731147915432155714e+05 1.405441625377637505e-01
1.630000000000000000e+02 4.922938346862792969e-02 1.763993059338584717e+05 2.146152551272381692e-01
1.640000000000000000e+02 5.943608283996582031e-02 2.748838233093729359e+05 2.577034524224153245e+00
1.650000000000000000e+02 5.197691917419433594e-02 2.472250979377762123e+05 1.625254238780358351e+00
1.660000000000000000e+02 5.275702476501464844e-02 2.476880094685859221e+05 1.522311061855246894e+00
1.670000000000000000e+02 6.227922439575195312e-02 2.301315755477338971e+05 1.069420647534377933e+00
1.680000000000000000e+02 4.031832218170166016e-01 4.489101038907412440e+05 5.500918492658741776e+00
1.680000000000000000e+02 7.045269012451171875e-04 6.155455879287466814e+04 0.000000000000000000e+00
1.690000000000000000e+02 4.764175415039062500e-02 2.926138591641806415e+05 4.601471538691931151e+00
1.690000000000000000e+02 7.556295394897460938e-02 2.875622222180704121e+05 0.000000000000000000e+00
1.700000000000000000e+02 2.003335952758789062e-02 2.661346789657861809e+05 0.000000000000000000e+00
1.710000000000000000e+02 2.152466773986816406e-02 1.498506602429222839e+05 -8.381828723357402922e+00
1.720000000000000000e+02 2.456140518188476562e-02 1.170142428496153589e+05 -1.585699253115927743e+00
1.730000000000000000e+02 2.589631080627441406e-02 1.312372581260169973e+05 -8.763121698188685027e-01
1.740000000000000000e+02 2.701997756958007812e-02 1.783279482274537149e+05 -1.500873719260906736e-01
1.750000000000000000e+02 2.851915359497070312e-02 1.597458078643332701e+05 -3.980591278745501116e-01
1.760000000000000000e+02 2.984952926635742188e-02 1.963577726240457851e+05 1.818255653146809703e-01
1.770000000000000000e+02 3.131413459777832031e-02 2.106125679857235809e+05 4.024312160225147483e-01
1.780000000000000000e+02 3.216242790222167969e-02 2.105051440488047083e+05 3.767004237575445891e-01
1.790000000000000000e+02 3.364825248718261719e-02 2.043321919104819535e+05 2.453673552535708957e-01
1.800000000000000000e+02 3.519344329833984375e-02 2.025157608461262134e+05 1.999691317201615359e-01
1.810000000000000000e+02 2.684752941131591797e-01 4.668628374834008282e+05 5.439983436690678964e+00
1.810000000000000000e+02 6.871223449707031250e-04 6.175330835206154006e+04 0.000000000000000000e+00
1.820000000000000000e+02 2.497980594635009766e-01 5.022942657469362020e+05 9.381729159015529618e+00
1.820000000000000000e+02 6.852149963378906250e-04 9.324085789298165764e+04 0.000000000000000000e+00
1.830000000000000000e+02 1.947379112243652344e-02 3.670247783150981995e+05 3.445460474951682173e+00
1.830000000000000000e+02 3.863787651062011719e-02 3.621412826233925880e+05 0.000000000000000000e+00
1.840000000000000000e+02 1.997900009155273438e-02 2.051757261749485915e+05 0.000000000000000000e+00
1.850000000000000000e+02 2.162170410156250000e-02 1.968838036366468878e+05 -7.818145678955700228e-01
1.860000000000000000e+02 4.892611503601074219e-02 2.308320064179109468e+05 -2.567024457457417475e-01
1.870000000000000000e+02 4.415774345397949219e-02 2.730652708371808403e+05 3.158497481369010873e-01
1.880000000000000000e+02 5.955576896667480469e-02 3.124407110343700624e+05 8.710622599741136840e-01
1.890000000000000000e+02 2.851772308349609375e-02 3.101844885723756743e+05 7.194328597241780310e-01
1.900000000000000000e+02 2.985143661499023438e-02 2.991560403367775143e+05 4.692677217086728692e-01
1.910000000000000000e+02 3.135371208190917969e-02 2.613523504829648882e+05 -2.126444869878957589e-01
1.920000000000000000e+02 3.255820274353027344e-02 2.684845260545084020e+05 -7.092794824167730772e-02
1.930000000000000000e+02 3.359675407409667969e-02 3.031831582443215884e+05 6.058494880863872778e-01
1.940000000000000000e+02 3.504800796508789062e-02 2.970806667103065993e+05 4.474814961174210515e-01
1.950000000000000000e+02 3.875994682312011719e-02 2.510497626051749103e+05 -5.348944789475854611e-01
1.960000000000000000e+02 3.819060325622558594e-02 1.829316085373318347e+05 -1.977787164833764377e+00
1.970000000000000000e+02 1.230056285858154297e-01 2.014971555194970570e+05 -1.309867159270293069e+00
1.980000000000000000e+02 4.354667663574218750e-02 2.211409929255027964e+05 -8.190371581465116790e-01
1.990000000000000000e+02 4.287457466125488281e-02 3.113795462082945160e+05 9.810954899926775941e-01
2.000000000000000000e+02 4.481101036071777344e-02 3.562952786381190526e+05 1.804039038329221745e+00
2.010000000000000000e+02 4.914617538452148438e-02 3.838932235155569506e+05 2.117793611229454420e+00
2.020000000000000000e+02 5.504322052001953125e-02 3.976332765558477258e+05 2.079944185859873063e+00
2.030000000000000000e+02 5.134892463684082031e-02 4.234785093967147404e+05 2.238630088726750511e+00
2.040000000000000000e+02 5.064415931701660156e-02 3.789140296795386239e+05 1.311995561390618681e+00
2.050000000000000000e+02 5.177140235900878906e-02 3.307184044977081358e+05 5.480456692967776711e-01
2.060000000000000000e+02 5.268907546997070312e-02 3.465975564496836159e+05 7.625467976726445496e-01
2.070000000000000000e+02 5.912089347839355469e-02 3.973842580946970847e+05 1.479502106847144338e+00
2.080000000000000000e+02 8.391499519348144531e-02 3.490238109431482153e+05 6.983159225416312177e-01
2.090000000000000000e+02 9.808874130249023438e-02 2.990907725576086086e+05 -4.194090037210033983e-02
2.100000000000000000e+02 6.560730934143066406e-02 2.789844315451579751e+05 -3.371025730588702585e-01
2.110000000000000000e+02 6.100344657897949219e-02 2.744673728386426810e+05 -3.981638207568753418e-01
2.120000000000000000e+02 6.211614608764648438e-02 2.726310420807288028e+05 -4.182920876242668951e-01
2.130000000000000000e+02 6.394767761230468750e-02 3.011182991195049835e+05 2.902041197848699572e-02
2.140000000000000000e+02 6.748008728027343750e-02 3.368690385597650311e+05 5.892769263140229530e-01
2.150000000000000000e+02 6.665682792663574219e-02 3.144347057548911544e+05 2.213853511656462825e-01
2.160000000000000000e+02 6.788420677185058594e-02 2.913790608530291356e+05 -1.531571508587525610e-01
2.170000000000000000e+02 7.886409759521484375e-02 4.383619433281470556e+05 2.250749001127110738e+00
2.180000000000000000e+02 7.040572166442871094e-02 4.072295811684551300e+05 1.588641291097890207e+00
2.190000000000000000e+02 7.228088378906250000e-02 4.190132527912463411e+05 1.692046642846485982e+00
2.200000000000000000e+02 7.579374313354492188e-02 4.832671723762268666e+05 2.557753320164028565e+00
2.210000000000000000e+02 1.357030868530273438e-01 4.115256992164059193e+05 1.335225587175974837e+00
2.220000000000000000e+02 1.082935333251953125e-01 3.068956434124673833e+05 -1.444610320110353563e-01
2.230000000000000000e+02 1.048328876495361328e-01 2.696425142941056984e+05 -6.594026730214653798e-01
2.240000000000000000e+02 7.907438278198242188e-02 2.692019617917433497e+05 -6.541560257774384768e-01
2.250000000000000000e+02 8.314371109008789062e-02 3.033842064165393240e+05 -1.621334335594586118e-01
2.260000000000000000e+02 8.251810073852539062e-02 2.496765112504279532e+05 -9.249578571033428842e-01
2.270000000000000000e+02 8.961987495422363281e-02 2.772534365146348136e+05 -5.122548533182705865e-01
2.280000000000000000e+02 9.982776641845703125e-02 2.933248405148644815e+05 -2.739227884585589412e-01
2.290000000000000000e+02 8.659172058105468750e-02 3.340521633419673308e+05 3.213398728102092039e-01
2.300000000000000000e+02 8.700633049011230469e-02 3.658264302639106754e+05 7.841495788114621890e-01
2.310000000000000000e+02 9.252238273620605469e-02 5.098031819408352603e+05 2.894038974830859701e+00
2.320000000000000000e+02 9.070611000061035156e-02 6.748249273144650506e+05 4.912459928243332996e+00
2.320000000000000000e+02 1.832301616668701172e-01 1.930298941152167681e+05 0.000000000000000000e+00
2.330000000000000000e+02 1.765406131744384766e-01 5.508495498649032088e+05 0.000000000000000000e+00
2.340000000000000000e+02 9.890747070312500000e-02 4.690995996704736608e+05 3.840057820363951824e-01
2.350000000000000000e+02 1.582765579223632812e-01 4.526634217153423233e+05 2.578008175396490631e-01
2.360000000000000000e+02 1.022512912750244141e-01 4.870931228980099550e+05 4.560536038408316561e-01
2.370000000000000000e+02 1.056706905364990234e-01 5.502472429160553729e+05 8.680534968993568468e-01
2.380000000000000000e+02 1.043086051940917969e-01 6.351514225818122504e+05 1.391883387005300010e+00
2.390000000000000000e+02 1.101753711700439453e-01 5.514402253475480247e+05 5.334476546763844418e-01
2.400000000000000000e+02 1.073868274688720703e-01 4.830400754522751085e+05 -2.390259943594669201e-02
2.410000000000000000e+02 4.185614585876464844e-01 1.137532836000924231e+06 5.275045534892252697e+00
2.410000000000000000e+02 1.019716262817382812e-03 5.129752899733448430e+04 0.000000000000000000e+00
2.420000000000000000e+02 2.569332122802734375e-01 9.139526248198987450e+05 2.307529677719780636e+01
2.420000000000000000e+02 1.177549362182617188e-03 8.526010100975840760e+04 0.000000000000000000e+00
2.430000000000000000e+02 3.299345970153808594e-01 8.485697103580636904e+05 1.195394790964158993e+01
2.430000000000000000e+02 6.866455078125000000e-04 7.827414809834091284e+04 0.000000000000000000e+00
2.440000000000000000e+02 2.915375232696533203e-01 7.981206954631278059e+05 1.229867833233173791e+01
2.440000000000000000e+02 6.966590881347656250e-04 9.147728317254867579e+04 0.000000000000000000e+00
2.450000000000000000e+02 4.836940765380859375e-02 2.042737150106243789e+05 1.036694938326791826e+00
2.460000000000000000e+02 2.018833160400390625e-02 2.003271353199472651e+05 6.801667329634893955e-01
2.470000000000000000e+02 2.107906341552734375e-02 1.984066480577247276e+05 5.405107194363284462e-01
2.480000000000000000e+02 2.454257011413574219e-02 2.776641857581671793e+05 2.144034467254990250e+00
2.490000000000000000e+02 2.577137947082519531e-02 2.602343525617833657e+05 1.135438328785786322e+00
2.500000000000000000e+02 2.695202827453613281e-02 3.449648418827392161e+05 2.373256281121812972e+00
2.510000000000000000e+02 3.067064285278320312e-02 2.253743609317258233e+05 7.099490537339382679e-02
2.520000000000000000e+02 3.008770942687988281e-02 2.455650979286888323e+05 3.545058817371037896e-01
2.530000000000000000e+02 3.146958351135253906e-02 3.043386899076065165e+05 1.216150045561227078e+00
2.540000000000000000e+02 3.272867202758789062e-02 3.498852861865552259e+05 1.757606667738608186e+00
2.550000000000000000e+02 3.378987312316894531e-02 2.893283333368975436e+05 6.662211838480102122e-01
2.560000000000000000e+02 3.533363342285156250e-02 3.655522436478557647e+05 1.696284357212020089e+00
2.570000000000000000e+02 3.875756263732910156e-02 2.671757675054603606e+05 1.880975019184370489e-01
2.580000000000000000e+02 3.812599182128906250e-02 4.146367364496570081e+05 2.193139298232592793e+00
2.590000000000000000e+02 4.877185821533203125e-02 4.491612167241375428e+05 2.274815145366718916e+00
2.600000000000000000e+02 4.071784019470214844e-02 4.698774683756235172e+05 2.149447761450823613e+00
2.610000000000000000e+02 4.306745529174804688e-02 4.373468148763292702e+05 1.527348867176529623e+00
2.620000000000000000e+02 4.662942886352539062e-02 3.666602847420292674e+05 7.118531343291071289e-01
2.630000000000000000e+02 4.643630981445312500e-02 3.499143086244768929e+05 5.202301974175229660e-01
2.640000000000000000e+02 4.801177978515625000e-02 3.536690117392833927e+05 5.427204199614508173e-01
2.650000000000000000e+02 4.916048049926757812e-02 3.557547197591225849e+05 5.485216633643799078e-01
2.660000000000000000e+02 5.051612854003906250e-02 3.941636251156772487e+05 9.334300720117703065e-01
2.670000000000000000e+02 5.410981178283691406e-02 4.597899736856833333e+05 1.583767945126803411e+00
2.680000000000000000e+02 5.293941497802734375e-02 4.972828560135760345e+05 1.858595967175990848e+00
2.690000000000000000e+02 6.039118766784667969e-02 5.150793795234845602e+05 1.882451098173845372e+00
2.700000000000000000e+02 1.172647476196289062e-01 3.932376516413761419e+05 6.013660009546495377e-01
2.710000000000000000e+02 1.664118766784667969e-01 3.489315293117220281e+05 1.700601172805487615e-01
2.720000000000000000e+02 6.317448616027832031e-02 3.327053867241782136e+05 1.170158513644663917e-02
2.730000000000000000e+02 6.118512153625488281e-02 2.802574715925734490e+05 -4.997480688148759898e-01
2.740000000000000000e+02 7.671737670898437500e-02 2.963726403922347818e+05 -3.307441150336405955e-01
2.750000000000000000e+02 6.662487983703613281e-02 3.128658067297886591e+05 -1.598848327269364322e-01
2.760000000000000000e+02 6.573843955993652344e-02 3.944965660935923224e+05 6.731610266841812074e-01
2.770000000000000000e+02 6.702136993408203125e-02 4.530813049877005978e+05 1.260222420060955972e+00
2.780000000000000000e+02 7.008624076843261719e-02 3.430578611346039106e+05 9.431816565589214163e-02
2.790000000000000000e+02 6.973719596862792969e-02 3.198311429724703776e+05 -1.468877905984968812e-01
2.800000000000000000e+02 7.089304924011230469e-02 2.847280316735398956e+05 -5.125210850339660951e-01
2.810000000000000000e+02 7.446026802062988281e-02 2.941198801324819215e+05 -4.047685354387363654e-01
2.820000000000000000e+02 7.386183738708496094e-02 2.843308886833026772e+05 -5.035515890467604505e-01
2.830000000000000000e+02 1.084134578704833984e-01 3.119818569722965476e+05 -1.970510796957345434e-01
2.840000000000000000e+02 1.038658618927001953e-01 3.529659544275359949e+05 2.535838499557785397e-01
2.850000000000000000e+02 7.919239997863769531e-02 3.688009137093111640e+05 4.256026164065605522e-01
2.860000000000000000e+02 7.996988296508789062e-02 4.682609943945483537e+05 1.531080159780668692e+00
2.870000000000000000e+02 8.425521850585937500e-02 5.104627639380220207e+05 1.938902806589273720e+00
2.880000000000000000e+02 8.277392387390136719e-02 4.644911971046656254e+05 1.349305892566888154e+00
2.890000000000000000e+02 8.434700965881347656e-02 3.570306791959020193e+05 1.699131717418580212e-01
2.900000000000000000e+02 1.904225349426269531e-01 2.830096050790436566e+05 -6.247322355676693251e-01
2.910000000000000000e+02 8.856511116027832031e-02 2.659561781496655894e+05 -7.996438219871472297e-01
2.920000000000000000e+02 8.794522285461425781e-02 3.298784566487668781e+05 -9.449790618375628060e-02
2.930000000000000000e+02 9.210729598999023438e-02 3.169950837494497537e+05 -2.344406903447608659e-01
2.940000000000000000e+02 1.401009559631347656e-01 2.851620066851228476e+05 -5.834900463088349420e-01
2.950000000000000000e+02 1.069011688232421875e-01 2.871574777839370654e+05 -5.538676757289655583e-01
2.960000000000000000e+02 9.531879425048828125e-02 2.753698074659841368e+05 -6.789917936162189749e-01
2.970000000000000000e+02 9.623718261718750000e-02 3.317503838413594640e+05 -3.579696181873787825e-02
2.980000000000000000e+02 1.000168323516845703e-01 3.765621926107958425e+05 4.732312054177133520e-01
2.990000000000000000e+02 9.979581832885742188e-02 3.670865753808351001e+05 3.597731499705501546e-01
