2.317550481390304118e+07
1.000000000000000000e+00 1.752619743347167969e-01 1.436548795055576775e+05 0.000000000000000000e+00
2.000000000000000000e+00 1.658692359924316406e-01 1.457470856353886193e+05 7.579254856962923670e-01
3.000000000000000000e+00 1.054248809814453125e-01 8.789951305104124185e+04 -1.082077244763792079e+00
4.000000000000000000e+00 1.063258647918701172e-01 1.310526183281972189e+05 4.583375123273782936e-01
5.000000000000000000e+00 1.079168319702148438e-01 1.075087326899321779e+05 -3.769258237959438040e-01
6.000000000000000000e+00 1.107738018035888672e-01 1.225345231123123667e+05 2.086868126514981880e-01
7.000000000000000000e+00 1.677632331848144531e-01 1.410166783541946206e+05 9.399743481705694625e-01
8.000000000000000000e+00 1.064920425415039062e-01 1.409111520126662217e+05 8.318172425088442568e-01
9.000000000000000000e+00 1.741003990173339844e-01 1.401847308039187046e+05 7.273508915040679534e-01
1.000000000000000000e+01 1.183645725250244141e-01 1.476494444783487706e+05 9.975100582634370827e-01
1.100000000000000000e+01 1.533033847808837891e-01 1.567600046102922643e+05 1.307257472558085221e+00
1.200000000000000000e+01 2.241494655609130859e-01 1.663839521862172987e+05 1.576621131257032848e+00
1.300000000000000000e+01 1.559281349182128906e-01 1.515519659116207331e+05 7.852557558379306135e-01
1.400000000000000000e+01 1.078405380249023438e-01 1.601624842144390568e+05 1.094125733889616647e+00
1.500000000000000000e+01 1.031563282012939453e-01 1.417405195240144967e+05 2.655485790547018055e-01
1.600000000000000000e+01 1.043176651000976562e-01 1.572159679548001441e+05 9.089035975667514311e-01
1.700000000000000000e+01 1.035027503967285156e-01 1.930119237012839585e+05 2.379755174987769895e+00
1.800000000000000000e+01 1.083502769470214844e-01 2.167410949060804851e+05 2.903765945261884251e+00
1.900000000000000000e+01 1.186721324920654297e-01 2.728945393093204475e+05 4.138698742901237182e+00
1.900000000000000000e+01 2.237212657928466797e-01 2.247220672667006438e+05 0.000000000000000000e+00
2.000000000000000000e+01 1.032977104187011719e-01 3.292060601688058232e+05 0.000000000000000000e+00
2.100000000000000000e+01 1.073756217956542969e-01 2.379138744953781425e+05 -5.285528019900720409e-01
2.200000000000000000e+01 1.921894550323486328e-01 3.149124468588144518e+05 8.957069804506513355e-01
2.300000000000000000e+01 1.839952468872070312e-01 3.287667248782745446e+05 9.828306716960034661e-01
2.400000000000000000e+01 1.042177677154541016e-01 2.615589920392205531e+05 -4.964021129229412299e-01
2.500000000000000000e+01 1.062316894531250000e-01 3.081972334952549427e+05 5.371491972572114415e-01
2.600000000000000000e+01 1.048729419708251953e-01 3.254922174353598966e+05 8.841927290313984500e-01
2.700000000000000000e+01 1.054379940032958984e-01 2.721054419809504179e+05 -4.461343264249224005e-01
2.800000000000000000e+01 1.046633720397949219e-01 3.422376905116351554e+05 1.298182178864834890e+00
2.900000000000000000e+01 1.140484809875488281e-01 3.566150519823260256e+05 1.478476033122365640e+00
3.000000000000000000e+01 2.668774127960205078e-01 3.472959855830590241e+05 1.070613795407521440e+00
3.100000000000000000e+01 2.131474018096923828e-01 3.367287375835159328e+05 7.396912455649724549e-01
3.200000000000000000e+01 1.398687362670898438e-01 3.119985271852831356e+05 1.250172818240335992e-01
3.300000000000000000e+01 1.637969017028808594e-01 3.069803690632873331e+05 -4.450745102497606712e-05
3.400000000000000000e+01 2.722005844116210938e-01 3.335836221699257148e+05 6.645360968012780090e-01
3.500000000000000000e+01 2.113687992095947266e-01 3.177904765410003602e+05 2.330699639603918405e-01
3.600000000000000000e+01 1.764380931854248047e-01 2.521775603650035628e+05 -1.497802640034074484e+00
3.700000000000000000e+01 1.069200038909912109e-01 2.104818770852807793e+05 -2.431409039312408815e+00
3.800000000000000000e+01 1.048390865325927734e-01 2.115187833786049159e+05 -2.032117437138371674e+00
3.900000000000000000e+01 1.277086734771728516e-01 2.685270918489397736e+05 -5.917814401432570648e-01
4.000000000000000000e+01 1.054751873016357422e-01 2.941814118639347143e+05 -2.150737505317538989e-02
4.100000000000000000e+01 1.138076782226562500e-01 2.711717320273618097e+05 -5.281012219559195753e-01
4.200000000000000000e+01 1.051383018493652344e-01 2.608237863387926482e+05 -7.457102931652294098e-01
4.300000000000000000e+01 1.089050769805908203e-01 2.783288969123389106e+05 -3.256080490016440843e-01
4.400000000000000000e+01 2.453963756561279297e-01 2.614600492338885088e+05 -7.079497009640509653e-01
4.500000000000000000e+01 1.061999797821044922e-01 3.044020550673218677e+05 3.136839128031813084e-01
4.600000000000000000e+01 1.219720840454101562e-01 2.912733277844106779e+05 -4.219618702258875684e-03
4.700000000000000000e+01 2.143192291259765625e-01 3.305288898220394622e+05 9.455621148906909745e-01
4.800000000000000000e+01 1.681857109069824219e-01 3.053287749537441996e+05 3.040342723183840912e-01
4.900000000000000000e+01 1.230411529541015625e-01 3.032895990268271416e+05 2.483759686127569588e-01
5.000000000000000000e+01 1.053791046142578125e-01 2.971005594301618985e+05 8.926201018670756882e-02
5.100000000000000000e+01 1.805381774902343750e-01 2.954427357456862228e+05 4.570177320810136362e-02
5.200000000000000000e+01 1.339862346649169922e-01 2.790245028104063822e+05 -3.794641662183845798e-01
5.300000000000000000e+01 1.092348098754882812e-01 2.702781695570835727e+05 -6.023401063726546711e-01
5.400000000000000000e+01 1.055264472961425781e-01 3.091807190429493785e+05 4.382490099421854080e-01
5.500000000000000000e+01 2.554037570953369141e-01 3.490094062843850697e+05 1.497101403099322381e+00
5.600000000000000000e+01 1.072993278503417969e-01 3.219509247369933873e+05 7.207135959414564530e-01
5.700000000000000000e+01 1.093063354492187500e-01 3.083018233523996314e+05 3.445950756028569040e-01
5.800000000000000000e+01 1.065204143524169922e-01 3.341484168305452913e+05 1.033137328071622951e+00
5.900000000000000000e+01 1.247255802154541016e-01 3.979409258588941302e+05 2.717290938605248396e+00
6.000000000000000000e+01 1.065294742584228516e-01 3.496006606111228466e+05 1.260607270044995953e+00
6.100000000000000000e+01 1.076750755310058594e-01 3.039417336852446315e+05 9.085458802195651995e-02
6.200000000000000000e+01 1.066801548004150391e-01 2.870599028712272993e+05 -3.335970339317660405e-01
6.300000000000000000e+01 1.076669692993164062e-01 2.840314676605280256e+05 -4.062017265897048257e-01
6.400000000000000000e+01 1.067986488342285156e-01 2.916915387287138728e+05 -2.049968375367882678e-01
6.500000000000000000e+01 1.112697124481201172e-01 3.185640877947397530e+05 4.923925083476634046e-01
6.600000000000000000e+01 1.070582866668701172e-01 3.645202937310776906e+05 1.684676524400348097e+00
6.700000000000000000e+01 1.091134548187255859e-01 4.062187799330084817e+05 2.686858077274044465e+00
6.800000000000000000e+01 2.915234565734863281e-01 4.337810897246356471e+05 3.144743890373734363e+00
6.800000000000000000e+01 4.053277969360351562e-01 1.954788474686212721e+05 0.000000000000000000e+00
6.900000000000000000e+01 1.520130634307861328e-01 1.480201634054011665e+05 0.000000000000000000e+00
7.000000000000000000e+01 1.371953487396240234e-01 2.129274703593537561e+05 1.227055440191426650e+00
7.100000000000000000e+01 1.111798286437988281e-01 2.217374984017620445e+05 1.079546743578097656e+00
7.200000000000000000e+01 2.053637504577636719e-01 2.948418843995626667e+05 3.050750526026553722e+00
7.200000000000000000e+01 4.533135890960693359e-01 1.746733238782868430e+05 0.000000000000000000e+00
7.300000000000000000e+01 1.640622615814208984e-01 1.931743320002909459e+05 0.000000000000000000e+00
7.400000000000000000e+01 4.605364799499511719e-01 2.773757969002270838e+05 7.143450835948938149e+00
7.400000000000000000e+01 3.020763397216796875e-04 4.341542459929715551e+04 0.000000000000000000e+00
7.500000000000000000e+01 1.035895347595214844e-01 1.607529648280207475e+05 3.115044960930605900e+00
7.500000000000000000e+01 2.355668544769287109e-01 1.564293071988974698e+05 0.000000000000000000e+00
7.600000000000000000e+01 1.085932254791259766e-01 1.171351379762730212e+05 0.000000000000000000e+00
7.700000000000000000e+01 1.487874984741210938e-01 1.158872069029951817e+05 -7.520203417389408340e-01
7.800000000000000000e+01 1.119365692138671875e-01 1.030135601282771386e+05 -1.162586653610547582e+00
7.900000000000000000e+01 1.078791618347167969e-01 1.227030189196463471e+05 -1.788505207957335336e-02
8.000000000000000000e+01 1.143941879272460938e-01 1.306043036947346845e+05 3.782909240800229056e-01
8.100000000000000000e+01 1.187338829040527344e-01 1.237842705274265609e+05 -2.813961107519491467e-02
8.200000000000000000e+01 1.023855209350585938e-01 1.619405825336221023e+05 2.274468741955721018e+00
8.300000000000000000e+01 5.258619785308837891e-01 2.798899380258129095e+05 7.422943251702314171e+00
8.300000000000000000e+01 3.039836883544921875e-04 6.369923625515660387e+04 0.000000000000000000e+00
8.400000000000000000e+01 5.612645149230957031e-01 3.267601524510400486e+05 5.133219371615547644e+00
8.400000000000000000e+01 1.097679138183593750e-03 7.210449926046935434e+04 0.000000000000000000e+00
8.500000000000000000e+01 1.806828975677490234e-01 3.456629828164451174e+05 4.658302056194787433e+00
8.500000000000000000e+01 2.837536334991455078e-01 3.444640810499486979e+05 0.000000000000000000e+00
8.600000000000000000e+01 1.033208370208740234e-01 1.505976395228935289e+05 0.000000000000000000e+00
8.700000000000000000e+01 1.035184860229492188e-01 1.536378575592165580e+05 -6.849290512727331803e-01
8.800000000000000000e+01 1.018970012664794922e-01 1.848705761679716234e+05 -2.823893554929318706e-01
8.900000000000000000e+01 1.598079204559326172e-01 1.949505022655692592e+05 -1.460657440207316915e-01
9.000000000000000000e+01 1.039972305297851562e-01 2.810921861750477110e+05 9.432423328854206979e-01
9.100000000000000000e+01 1.035389900207519531e-01 2.075447994186727738e+05 -1.377871037819749234e-01
9.200000000000000000e+01 1.025402545928955078e-01 2.230565017901124957e+05 8.880402791559473263e-02
9.300000000000000000e+01 1.041758060455322266e-01 2.541616667671087489e+05 5.557190618523047965e-01
9.400000000000000000e+01 1.034398078918457031e-01 1.793338569809136679e+05 -6.723082204897661285e-01
9.500000000000000000e+01 1.053154468536376953e-01 2.277306357605895028e+05 1.705121127064867514e-01
9.600000000000000000e+01 1.053476333618164062e-01 2.183545740818991908e+05 7.244814443211468422e-04
9.700000000000000000e+01 1.053214073181152344e-01 2.744540683910406660e+05 1.020007251184930519e+00
9.800000000000000000e+01 1.033370494842529297e-01 2.805655895329709747e+05 1.054331470689819250e+00
9.900000000000000000e+01 1.099834442138671875e-01 2.631845133973147022e+05 6.618710695243985587e-01
1.000000000000000000e+02 1.092553138732910156e-01 2.286669762802723271e+05 -9.898995580808974543e-03
1.010000000000000000e+02 1.131742000579833984e-01 3.019394854368486558e+05 1.399090749872193840e+00
1.020000000000000000e+02 2.092182636260986328e-01 2.966209412364571472e+05 1.183779853133541948e+00
1.030000000000000000e+02 1.630363464355468750e-01 2.253157928408666048e+05 -2.160933564574343824e-01
1.040000000000000000e+02 1.117994785308837891e-01 2.360359456759534369e+05 -5.882749094524923096e-03
1.050000000000000000e+02 1.041276454925537109e-01 2.358368319159576204e+05 -9.644143376019289476e-03
1.060000000000000000e+02 1.076617240905761719e-01 2.470080828276680550e+05 2.152071853812566882e-01
1.070000000000000000e+02 1.040351390838623047e-01 2.528043601993863122e+05 3.295633341501560953e-01
1.080000000000000000e+02 1.060538291931152344e-01 2.936640240355764981e+05 1.180490109159878287e+00
1.090000000000000000e+02 1.043207645416259766e-01 3.508771316373078735e+05 2.316754137858399787e+00
1.100000000000000000e+02 1.050393581390380859e-01 2.881431622274904512e+05 8.450948539846763197e-01
1.110000000000000000e+02 1.038234233856201172e-01 3.011433427063422860e+05 1.069731610352880891e+00
1.120000000000000000e+02 1.097216606140136719e-01 2.486371756806882622e+05 1.228762171986872570e-02
1.130000000000000000e+02 1.067538261413574219e-01 2.350803031682371802e+05 -2.551990979204247223e-01
1.140000000000000000e+02 1.899368762969970703e-01 2.156270386064611957e+05 -6.407334242074331776e-01
1.150000000000000000e+02 2.456784248352050781e-01 1.961320739132999734e+05 -1.020989499474091566e+00
1.160000000000000000e+02 1.142356395721435547e-01 2.226675622287908918e+05 -4.502395849544222339e-01
1.170000000000000000e+02 1.135840415954589844e-01 2.779285441411741194e+05 6.925808437429709086e-01
1.180000000000000000e+02 1.036357879638671875e-01 3.317720697268574731e+05 1.792048999643991891e+00
1.190000000000000000e+02 1.109852790832519531e-01 3.987454361127034063e+05 3.030265433946307319e+00
1.190000000000000000e+02 3.241720199584960938e-01 1.665326436478425167e+05 0.000000000000000000e+00
1.200000000000000000e+02 1.758294105529785156e-01 2.131937107452317432e+05 0.000000000000000000e+00
1.210000000000000000e+02 1.184415817260742188e-01 1.754789101016116037e+05 -4.359614315716955346e-01
1.220000000000000000e+02 2.064857482910156250e-01 1.896661851556693728e+05 1.856590978377985202e-01
1.230000000000000000e+02 2.284030914306640625e-01 2.275641719193804893e+05 2.031716542613468235e+00
1.240000000000000000e+02 1.889135837554931641e-01 2.755635158870597370e+05 3.173959026470719813e+00
1.240000000000000000e+02 3.459172248840332031e-01 1.558638598562242405e+05 0.000000000000000000e+00
1.250000000000000000e+02 2.269721031188964844e-01 1.822464290562310198e+05 0.000000000000000000e+00
1.260000000000000000e+02 1.053960323333740234e-01 1.922578857411367353e+05 1.243761786829470806e+00
1.270000000000000000e+02 1.166100502014160156e-01 1.840141179036693065e+05 3.842799710003715896e-01
1.280000000000000000e+02 2.153961658477783203e-01 2.274096696993774967e+05 3.095376560468799276e+00
1.280000000000000000e+02 4.026486873626708984e-01 1.475199767215920438e+05 0.000000000000000000e+00
1.290000000000000000e+02 1.104719638824462891e-01 2.476964046307165409e+05 0.000000000000000000e+00
1.300000000000000000e+02 1.084160804748535156e-01 2.822001583101896103e+05 1.194204169511839053e+00
1.310000000000000000e+02 2.390589714050292969e-01 4.107492604500260786e+05 2.643646627339734767e+00
1.320000000000000000e+02 1.852116584777832031e-01 4.896789029296981171e+05 2.002346478190939916e+00
1.330000000000000000e+02 2.001347541809082031e-01 3.853089640971674817e+05 5.150612234406803935e-01
1.340000000000000000e+02 1.181197166442871094e-01 3.197383255848432891e+05 -5.991518769803638733e-02
1.350000000000000000e+02 1.289339065551757812e-01 2.772186222207423998e+05 -4.305210620129385490e-01
1.360000000000000000e+02 1.498193740844726562e-01 2.794749347268245765e+05 -3.803304174756145239e-01
1.370000000000000000e+02 2.139914035797119141e-01 2.975802141190367402e+05 -1.781951272069824954e-01
1.380000000000000000e+02 1.061122417449951172e-01 3.032448244741224917e+05 -1.101929926003102495e-01
1.390000000000000000e+02 1.146245002746582031e-01 6.848342913361395476e+05 4.124501849728373415e+00
1.390000000000000000e+02 2.208340167999267578e-01 3.048699955010169069e+05 0.000000000000000000e+00
1.400000000000000000e+02 1.985204219818115234e-01 2.188239512207254011e+05 0.000000000000000000e+00
1.410000000000000000e+02 1.907534599304199219e-01 4.201157281024697004e+05 2.601233111034904510e+00
1.420000000000000000e+02 1.132569313049316406e-01 3.419161456671663909e+05 2.704296410431952791e-01
1.430000000000000000e+02 1.073951721191406250e-01 4.155440790189009276e+05 1.125912614553867819e+00
1.440000000000000000e+02 1.085197925567626953e-01 4.247330739165741834e+05 1.008880217622661668e+00
1.450000000000000000e+02 1.103138923645019531e-01 3.680068752624610788e+05 1.658251542196796380e-01
1.460000000000000000e+02 1.075959205627441406e-01 4.020268592629521736e+05 6.062450498921861941e-01
1.470000000000000000e+02 1.117796897888183594e-01 3.796435652129404480e+05 2.460162124477925094e-01
1.480000000000000000e+02 1.072275638580322266e-01 3.225558347884049872e+05 -6.150561405643154567e-01
1.490000000000000000e+02 1.181113719940185547e-01 3.405575404078490101e+05 -2.972645123809041223e-01
1.500000000000000000e+02 1.086597442626953125e-01 3.740746152724771528e+05 2.591110506914867662e-01
1.510000000000000000e+02 1.089808940887451172e-01 4.177416653537168750e+05 9.876419906997786491e-01
1.520000000000000000e+02 1.672139167785644531e-01 3.445879081276765792e+05 -3.282058664747138921e-01
1.530000000000000000e+02 1.520090103149414062e-01 2.932694704234952223e+05 -1.220218755353934315e+00
1.540000000000000000e+02 2.166419029235839844e-01 3.329534472322976217e+05 -4.335733477305427352e-01
1.550000000000000000e+02 1.761100292205810547e-01 2.937037875022728695e+05 -1.119882042915928189e+00
1.560000000000000000e+02 1.076233386993408203e-01 2.993057050299896509e+05 -9.485160158857545154e-01
1.570000000000000000e+02 1.296505928039550781e-01 2.878847610903878231e+05 -1.103770169103101217e+00
1.580000000000000000e+02 1.437230110168457031e-01 3.583109432473999914e+05 2.111392933405162875e-01
1.590000000000000000e+02 1.222631931304931641e-01 4.153364322675354197e+05 1.246467051143333338e+00
1.600000000000000000e+02 2.362473011016845703e-01 5.530984186622657580e+05 3.657460922412847371e+00
1.600000000000000000e+02 3.452770709991455078e-01 2.773800191827701055e+05 0.000000000000000000e+00
1.610000000000000000e+02 1.090958118438720703e-01 2.708151312123875832e+05 0.000000000000000000e+00
1.620000000000000000e+02 4.042563438415527344e-01 3.517417789880410419e+05 1.672617819763548042e+01
1.620000000000000000e+02 3.025531768798828125e-04 4.262235521497107402e+04 0.000000000000000000e+00
1.630000000000000000e+02 1.022524833679199219e-01 1.452855597206533712e+05 2.699267536617961039e+00
1.640000000000000000e+02 1.053693294525146484e-01 1.709210749903297692e+05 1.548553573765918845e+00
1.650000000000000000e+02 1.783905029296875000e-01 1.401683794383005297e+05 5.022652426057040431e-01
1.660000000000000000e+02 1.081130504608154297e-01 1.483758616652587953e+05 6.071777144878226506e-01
1.670000000000000000e+02 1.107137203216552734e-01 1.384318356862156361e+05 3.388199367754111679e-01
1.680000000000000000e+02 1.073968410491943359e-01 2.074117079265699431e+05 1.867776117621715359e+00
1.690000000000000000e+02 1.038775444030761719e-01 2.039922607042083400e+05 1.369449055140247173e+00
1.700000000000000000e+02 1.043500900268554688e-01 3.093586460085133440e+05 3.173283982481307941e+00
1.700000000000000000e+02 2.080037593841552734e-01 2.674778704897436546e+05 0.000000000000000000e+00
1.710000000000000000e+02 1.074767112731933594e-01 1.498767415970020229e+05 0.000000000000000000e+00
1.720000000000000000e+02 1.049518585205078125e-01 1.509150321249681874e+05 -6.946208079636841948e-01
1.730000000000000000e+02 1.074602603912353516e-01 2.147672867810830066e+05 3.749161448776524574e-01
1.740000000000000000e+02 1.710603237152099609e-01 1.942889196564798767e+05 -2.596322662086935143e-02
1.750000000000000000e+02 1.053895950317382812e-01 1.861931343878934276e+05 -1.890402465438206503e-01
1.760000000000000000e+02 1.056499481201171875e-01 2.278566218346135865e+05 7.707158237653651822e-01
1.770000000000000000e+02 1.161689758300781250e-01 2.839620192941600108e+05 2.019139881328708697e+00
1.780000000000000000e+02 1.687526702880859375e-01 2.961499345842225594e+05 1.758304670601754438e+00
1.790000000000000000e+02 1.124076843261718750e-01 2.979451516781860264e+05 1.448848588418688133e+00
1.800000000000000000e+02 1.048209667205810547e-01 3.030829869222557172e+05 1.333971575586760716e+00
1.810000000000000000e+02 4.731254577636718750e-01 5.807682301892404212e+05 5.898317887919334979e+00
1.810000000000000000e+02 3.244876861572265625e-04 6.252137974309682613e+04 0.000000000000000000e+00
1.820000000000000000e+02 5.433533191680908203e-01 5.027065068395549315e+05 9.249739648829569560e+00
1.820000000000000000e+02 3.068447113037109375e-04 9.539351846930583997e+04 0.000000000000000000e+00
1.830000000000000000e+02 1.028335094451904297e-01 3.628684042301801383e+05 3.258221441390074080e+00
1.830000000000000000e+02 2.113230228424072266e-01 3.599522508215325070e+05 0.000000000000000000e+00
1.840000000000000000e+02 1.019303798675537109e-01 2.020484149871764239e+05 0.000000000000000000e+00
1.850000000000000000e+02 1.025192737579345703e-01 1.983014648452033871e+05 -7.406651028087833932e-01
1.860000000000000000e+02 1.040463447570800781e-01 2.838919077382493997e+05 3.301075204393587592e-01
1.870000000000000000e+02 1.039862632751464844e-01 2.863253337522107176e+05 3.288721452085094921e-01
1.880000000000000000e+02 1.020677089691162109e-01 3.608786299840581487e+05 1.403758235818119315e+00
1.890000000000000000e+02 1.031265258789062500e-01 3.506849007528102957e+05 9.590890287812767756e-01
1.900000000000000000e+02 1.137595176696777344e-01 2.755768554212082527e+05 -2.292510800053107478e-01
1.910000000000000000e+02 1.039228439331054688e-01 2.346867630763850175e+05 -8.404269973468900812e-01
1.920000000000000000e+02 1.059052944183349609e-01 2.677832717585327337e+05 -2.473270196850750335e-01
1.930000000000000000e+02 1.555879116058349609e-01 3.004044598734425381e+05 3.041037874639960226e-01
1.940000000000000000e+02 1.466588973999023438e-01 2.876004367754553095e+05 6.792859038627353796e-02
1.950000000000000000e+02 1.060855388641357422e-01 2.769887588886975427e+05 -1.277494290585929615e-01
1.960000000000000000e+02 1.027030944824218750e-01 1.833740197978669894e+05 -1.900586296910942385e+00
1.970000000000000000e+02 1.037220954895019531e-01 1.975816420400306233e+05 -1.375680604768073412e+00
1.980000000000000000e+02 1.027038097381591797e-01 2.242314386222016765e+05 -7.968446177433906596e-01
1.990000000000000000e+02 1.067559719085693359e-01 3.277616582796750590e+05 1.028166627306468905e+00
2.000000000000000000e+02 1.938889026641845703e-01 3.619316547468651552e+05 1.557232450558976078e+00
2.010000000000000000e+02 1.067943572998046875e-01 3.837667124413875863e+05 1.780998767697764107e+00
2.020000000000000000e+02 1.515922546386718750e-01 4.017888445278268773e+05 1.884757772089590055e+00
2.030000000000000000e+02 1.624426841735839844e-01 4.306632717676514876e+05 2.117549950776786094e+00
2.040000000000000000e+02 1.033310890197753906e-01 4.074608416951823165e+05 1.549733920265589537e+00
2.050000000000000000e+02 1.073019504547119141e-01 3.605742187637859024e+05 8.083447399558846280e-01
2.060000000000000000e+02 1.853399276733398438e-01 3.587882732361301314e+05 7.557690484381868190e-01
2.070000000000000000e+02 1.074991226196289062e-01 4.083270122582328622e+05 1.406824609825003458e+00
2.080000000000000000e+02 1.432116031646728516e-01 3.817738183449118515e+05 9.705481625945121538e-01
2.090000000000000000e+02 1.040935516357421875e-01 3.306613790488022496e+05 2.496331232672364120e-01
2.100000000000000000e+02 1.837289333343505859e-01 3.077072681707661250e+05 -6.864940268951497115e-02
2.110000000000000000e+02 1.075561046600341797e-01 2.902110244032639312e+05 -3.109445837148325231e-01
2.120000000000000000e+02 1.048169136047363281e-01 2.724594323368851910e+05 -5.563492983081556043e-01
2.130000000000000000e+02 1.115860939025878906e-01 3.045074639236935182e+05 -8.543557203578681924e-02
2.140000000000000000e+02 1.475224494934082031e-01 3.458156353840966476e+05 5.175670224061656999e-01
2.150000000000000000e+02 1.075656414031982422e-01 3.222824391520966310e+05 1.605634455948536932e-01
2.160000000000000000e+02 1.367390155792236328e-01 2.974650450056713307e+05 -2.134380140915287105e-01
2.170000000000000000e+02 1.523802280426025391e-01 4.197342985492404550e+05 1.647475640036585309e+00
2.180000000000000000e+02 2.512288093566894531e-01 3.695846811865153140e+05 8.189751823007070941e-01
2.190000000000000000e+02 1.277577877044677734e-01 3.828476167304308619e+05 9.980279376179135298e-01
2.200000000000000000e+02 2.084572315216064453e-01 4.808616813864137512e+05 2.433964655259514664e+00
2.210000000000000000e+02 1.046550273895263672e-01 4.588262513610780588e+05 1.921079434909326533e+00
2.220000000000000000e+02 1.134319305419921875e-01 3.850888192592018750e+05 8.090911506660459773e-01
2.230000000000000000e+02 1.168456077575683594e-01 3.486163731800445239e+05 2.946707919531690867e-01
2.240000000000000000e+02 1.268692016601562500e-01 3.272862127233937499e+05 -3.732503732885456612e-03
2.250000000000000000e+02 1.871817111968994141e-01 3.723325170771263656e+05 6.261143731675218316e-01
2.260000000000000000e+02 1.091921329498291016e-01 3.543776980195102515e+05 3.632010008979049132e-01
2.270000000000000000e+02 1.956293582916259766e-01 3.653979991934486316e+05 5.154157618245661654e-01
2.280000000000000000e+02 1.760373115539550781e-01 3.598016821989264572e+05 4.279417390440057867e-01
2.290000000000000000e+02 1.067051887512207031e-01 3.804194158684705617e+05 7.211353580368830007e-01
2.300000000000000000e+02 1.060459613800048828e-01 4.004536270027896971e+05 1.001324490077452056e+00
2.310000000000000000e+02 1.057145595550537109e-01 4.950578417489882559e+05 2.358532798809936271e+00
2.320000000000000000e+02 1.070184707641601562e-01 6.455798006169847213e+05 4.307492840421415892e+00
2.320000000000000000e+02 2.183098793029785156e-01 2.647044529989425209e+05 0.000000000000000000e+00
2.330000000000000000e+02 1.069293022155761719e-01 2.447178246960623364e+05 0.000000000000000000e+00
2.340000000000000000e+02 1.059637069702148438e-01 3.166825075508527807e+05 4.384969228975564626e+00
2.340000000000000000e+02 2.194156646728515625e-01 1.798005885808187304e+05 0.000000000000000000e+00
2.350000000000000000e+02 1.773886680603027344e-01 2.596052663042392815e+05 0.000000000000000000e+00
2.360000000000000000e+02 1.132900714874267578e-01 3.930094351184421103e+05 3.071153478649598867e+00
2.360000000000000000e+02 2.190546989440917969e-01 2.106774074833621562e+05 0.000000000000000000e+00
2.370000000000000000e+02 1.830770969390869141e-01 3.334980081165788579e+05 0.000000000000000000e+00
2.380000000000000000e+02 1.464734077453613281e-01 4.727772925456899684e+05 2.310833289457654871e+00
2.390000000000000000e+02 2.207896709442138672e-01 4.399665240120911039e+05 7.700574653168845707e-01
2.400000000000000000e+02 2.160379886627197266e-01 4.227255123292473727e+05 4.941355154841856612e-01
2.410000000000000000e+02 5.474731922149658203e-01 1.103205776418776251e+06 6.873747583803677230e+00
2.410000000000000000e+02 1.026868820190429688e-03 5.229319156958336680e+04 0.000000000000000000e+00
2.420000000000000000e+02 3.389794826507568359e-01 9.124578586341267219e+05 2.255512873217183056e+01
2.420000000000000000e+02 2.944469451904296875e-04 8.384348814520935412e+04 0.000000000000000000e+00
2.430000000000000000e+02 3.563728332519531250e-01 8.447625121747686062e+05 1.212754534810690465e+01
2.430000000000000000e+02 3.039836883544921875e-04 7.761967997047661629e+04 0.000000000000000000e+00
2.440000000000000000e+02 4.533557891845703125e-01 7.991339800634852145e+05 1.243872568070679385e+01
2.440000000000000000e+02 3.085136413574218750e-04 9.688119095966874738e+04 0.000000000000000000e+00
2.450000000000000000e+02 1.830370426177978516e-01 2.143256620259296324e+05 1.007277220108233395e+00
2.460000000000000000e+02 1.327891349792480469e-01 2.159887579830766481e+05 7.599882047182555667e-01
2.470000000000000000e+02 1.151630878448486328e-01 2.031790891234969313e+05 4.061249340218041626e-01
2.480000000000000000e+02 1.187584400177001953e-01 2.898773838108144701e+05 2.101805358636446908e+00
2.490000000000000000e+02 2.572796344757080078e-01 2.818905171846542507e+05 1.284191658900027289e+00
2.500000000000000000e+02 1.338250637054443359e-01 3.609014253280735575e+05 2.298262930419777916e+00
2.510000000000000000e+02 1.083450317382812500e-01 2.429048413401345897e+05 1.369388736477697710e-01
2.520000000000000000e+02 1.116423606872558594e-01 2.773113233860548935e+05 5.956239574386018587e-01
2.530000000000000000e+02 1.036553382873535156e-01 3.241902194159376086e+05 1.217457537445970850e+00
2.540000000000000000e+02 1.060419082641601562e-01 3.764592171198934084e+05 1.811350379350537665e+00
2.550000000000000000e+02 1.042315959930419922e-01 3.373542745149724069e+05 1.029269956972342914e+00
2.560000000000000000e+02 1.035869121551513672e-01 3.842897098022980499e+05 1.548805200413715166e+00
2.570000000000000000e+02 1.183240413665771484e-01 2.893111791663964395e+05 2.183250515356000843e-01
2.580000000000000000e+02 1.042530536651611328e-01 4.397171954558886937e+05 2.108259248390368157e+00
2.590000000000000000e+02 1.090896129608154297e-01 4.830636025164889288e+05 2.292789326173635622e+00
2.600000000000000000e+02 1.043400764465332031e-01 4.954771519642743515e+05 2.060057001524882470e+00
2.610000000000000000e+02 1.251795291900634766e-01 4.673691786571815610e+05 1.527446528081080279e+00
2.620000000000000000e+02 1.211678981781005859e-01 4.427508298541788245e+05 1.175249578587894250e+00
2.630000000000000000e+02 1.401417255401611328e-01 3.877098196516233729e+05 6.073974605628850165e-01
2.640000000000000000e+02 1.037659645080566406e-01 3.438148918057939736e+05 1.826894730690916402e-01
2.650000000000000000e+02 1.036281585693359375e-01 3.567543955719357473e+05 3.009085411524565212e-01
2.660000000000000000e+02 1.066868305206298828e-01 2.570745169692549971e+05 -6.688002586138142025e-01
2.670000000000000000e+02 1.037173271179199219e-01 2.339299033513834584e+05 -8.754256568855333098e-01
2.680000000000000000e+02 1.048369407653808594e-01 2.766132594267957611e+05 -4.252662022778062600e-01
2.690000000000000000e+02 1.042215824127197266e-01 2.900802859523411025e+05 -2.811401494896870745e-01
2.700000000000000000e+02 1.060125827789306641e-01 2.841365653226635768e+05 -3.362043442974638752e-01
2.710000000000000000e+02 1.080336570739746094e-01 3.258418608395089977e+05 1.022577509527122230e-01
2.720000000000000000e+02 1.074974536895751953e-01 3.323739509989214130e+05 1.694057461180292490e-01
2.730000000000000000e+02 1.072797775268554688e-01 2.811382007613149472e+05 -3.829993208013275918e-01
2.740000000000000000e+02 1.115581989288330078e-01 2.962286655168959987e+05 -2.118296808093803885e-01
2.750000000000000000e+02 1.061270236968994141e-01 3.147394810420751455e+05 -3.813317451736738389e-03
2.760000000000000000e+02 1.652381420135498047e-01 3.967988324622718501e+05 9.179281025374848024e-01
2.770000000000000000e+02 1.163115501403808594e-01 4.750410578634795966e+05 1.774647166582516311e+00
2.780000000000000000e+02 1.060791015625000000e-01 3.802735272061857977e+05 6.375456868631971252e-01
2.790000000000000000e+02 1.307673454284667969e-01 3.675436458368423628e+05 4.848202839878223425e-01
2.800000000000000000e+02 1.543543338775634766e-01 3.166730780543558067e+05 -9.048478341104232436e-02
2.810000000000000000e+02 1.642124652862548828e-01 3.120088869765386335e+05 -1.420384149007594965e-01
2.820000000000000000e+02 1.211898326873779297e-01 3.000904757250993862e+05 -2.767288467977352395e-01
2.830000000000000000e+02 1.337993144989013672e-01 3.172869471014710143e+05 -7.372434181211388882e-02
2.840000000000000000e+02 1.074264049530029297e-01 3.541732688781190081e+05 3.601745665095487103e-01
2.850000000000000000e+02 1.080217361450195312e-01 3.773611953419508063e+05 6.305563517000555285e-01
2.860000000000000000e+02 1.060428619384765625e-01 4.767735877016438753e+05 1.808754402666483685e+00
2.870000000000000000e+02 1.058392524719238281e-01 5.358868410388728371e+05 2.413366173001531223e+00
2.880000000000000000e+02 1.556868553161621094e-01 5.091218925259331590e+05 1.946459663381439498e+00
2.890000000000000000e+02 1.849932670593261719e-01 4.275212893364937045e+05 9.709912380300537160e-01
2.900000000000000000e+02 1.852302551269531250e-01 3.563065967202825705e+05 1.839258201277547133e-01
2.910000000000000000e+02 1.057181358337402344e-01 3.293940545502878958e+05 -1.109856991693427414e-01
2.920000000000000000e+02 1.053440570831298828e-01 3.796853511519083404e+05 4.433200442244045192e-01
2.930000000000000000e+02 1.059377193450927734e-01 3.685353953484005178e+05 3.144112588260835062e-01
2.940000000000000000e+02 1.055045127868652344e-01 3.230176462810053490e+05 -1.984008424080903332e-01
2.950000000000000000e+02 1.060402393341064453e-01 3.140992910344398697e+05 -2.972212067788688183e-01
2.960000000000000000e+02 1.076147556304931641e-01 3.086028596055844100e+05 -3.568695808051157714e-01
2.970000000000000000e+02 1.089539527893066406e-01 3.271643239278775291e+05 -1.398129573308853346e-01
2.980000000000000000e+02 1.076920032501220703e-01 3.829712642443595105e+05 5.089073241144359550e-01
2.990000000000000000e+02 1.211702823638916016e-01 3.675977827770712902e+05 3.236662984169295654e-01
