2.383693649394689873e+07
1.000000000000000000e+00 4.572820663452148438e-02 1.442663278686973208e+05 0.000000000000000000e+00
2.000000000000000000e+00 4.183435440063476562e-02 1.462682420691511070e+05 7.560895788508440463e-01
3.000000000000000000e+00 3.960394859313964844e-02 8.990158749884377175e+04 -1.053093773916504272e+00
4.000000000000000000e+00 3.963351249694824219e-02 1.332183060849248141e+05 4.998191153446102653e-01
5.000000000000000000e+00 4.020595550537109375e-02 1.093697856843789195e+05 -3.610237022531916917e-01
6.000000000000000000e+00 3.939986228942871094e-02 1.239594302012349217e+05 2.134651209444321796e-01
7.000000000000000000e+00 4.071545600891113281e-02 1.405719316307756235e+05 8.772488646643143984e-01
8.000000000000000000e+00 4.776191711425781250e-02 1.398897400966210407e+05 7.576552203649599138e-01
9.000000000000000000e+00 3.949594497680664062e-02 1.393637896079441416e+05 6.724066032017590455e-01
1.000000000000000000e+01 4.018139839172363281e-02 1.472678535753921897e+05 9.787477801227888463e-01
1.100000000000000000e+01 3.953504562377929688e-02 1.560845114507602702e+05 1.291446591311959269e+00
1.200000000000000000e+01 3.975796699523925781e-02 1.658553165371642681e+05 1.584891129424991441e+00
1.300000000000000000e+01 4.983282089233398438e-02 1.514377666884343780e+05 7.884481560969197611e-01
1.400000000000000000e+01 4.101157188415527344e-02 1.600865289073863823e+05 1.110391258785302204e+00
1.500000000000000000e+01 4.145216941833496094e-02 1.415384799481373921e+05 2.499780973579990018e-01
1.600000000000000000e+01 3.977799415588378906e-02 1.569504564334613970e+05 9.122721822247552570e-01
1.700000000000000000e+01 3.976416587829589844e-02 1.930063082842397853e+05 2.443119568870490088e+00
1.800000000000000000e+01 4.017758369445800781e-02 2.172971831035141076e+05 2.987941127425835841e+00
1.900000000000000000e+01 4.063582420349121094e-02 2.748579841314427322e+05 4.258584851353940159e+00
1.900000000000000000e+01 8.135795593261718750e-02 2.252266530406998645e+05 0.000000000000000000e+00
2.000000000000000000e+01 8.108496665954589844e-02 3.330205192546429462e+05 0.000000000000000000e+00
2.100000000000000000e+01 4.053759574890136719e-02 2.378970524833272502e+05 -5.408760728744042012e-01
2.200000000000000000e+01 4.074025154113769531e-02 3.154187626480124309e+05 8.492599596194293499e-01
2.300000000000000000e+01 4.410815238952636719e-02 3.297817528099867632e+05 9.569792417991924705e-01
2.400000000000000000e+01 8.110880851745605469e-02 2.624843710439119022e+05 -4.922570560309403320e-01
2.500000000000000000e+01 6.733226776123046875e-02 3.104175119068573695e+05 5.507472984624329770e-01
2.600000000000000000e+01 4.123115539550781250e-02 3.276366326401677798e+05 8.871728651212889005e-01
2.700000000000000000e+01 4.338240623474121094e-02 2.754128844091400970e+05 -3.941533355099710034e-01
2.800000000000000000e+01 4.023623466491699219e-02 3.431214220421006321e+05 1.260081874550044834e+00
2.900000000000000000e+01 4.009890556335449219e-02 3.572884530455950298e+05 1.441379757959100560e+00
3.000000000000000000e+01 4.018998146057128906e-02 3.472947157221225207e+05 1.030343415714948030e+00
3.100000000000000000e+01 4.047298431396484375e-02 3.367024665444653365e+05 7.064556851449609320e-01
3.200000000000000000e+01 4.103207588195800781e-02 3.116952425610285136e+05 8.946436975116417445e-02
3.300000000000000000e+01 5.122017860412597656e-02 3.078405561734773801e+05 -6.234866625011111808e-03
3.400000000000000000e+01 4.094648361206054688e-02 3.316620350654054200e+05 5.882954770392379018e-01
3.500000000000000000e+01 4.024195671081542969e-02 3.166561150226510363e+05 1.812653298305540728e-01
3.600000000000000000e+01 4.022932052612304688e-02 2.528957039530828479e+05 -1.503510138186677336e+00
3.700000000000000000e+01 4.188156127929687500e-02 2.096782507640713593e+05 -2.477031693852564054e+00
3.800000000000000000e+01 4.108524322509765625e-02 2.101807104457956739e+05 -2.073097727900987230e+00
3.900000000000000000e+01 4.083323478698730469e-02 2.683626204263670370e+05 -6.042008039834337874e-01
4.000000000000000000e+01 4.089713096618652344e-02 2.953341180295313825e+05 -8.808361727246440814e-03
4.100000000000000000e+01 4.080772399902343750e-02 2.731664949357964215e+05 -4.939176974335435788e-01
4.200000000000000000e+01 5.252313613891601562e-02 2.628076320719908108e+05 -7.117343672699975032e-01
4.300000000000000000e+01 8.060002326965332031e-02 2.801662239019391127e+05 -2.986172647474845676e-01
4.400000000000000000e+01 5.851626396179199219e-02 2.622064669698551879e+05 -7.050035278714744669e-01
4.500000000000000000e+01 4.265666007995605469e-02 3.052928396366824163e+05 3.155333012178507812e-01
4.600000000000000000e+01 4.433345794677734375e-02 2.918592223850979935e+05 -8.272616837113463614e-03
4.700000000000000000e+01 4.882597923278808594e-02 3.308294433591447887e+05 9.305972436874455633e-01
4.800000000000000000e+01 4.054784774780273438e-02 3.050196782074493822e+05 2.776077758028562825e-01
4.900000000000000000e+01 4.069900512695312500e-02 3.041124062378386734e+05 2.504643698276366459e-01
5.000000000000000000e+01 4.062700271606445312e-02 2.972113333499234286e+05 7.410473198274117324e-02
5.100000000000000000e+01 4.142808914184570312e-02 2.954442388910892187e+05 2.815940632329103771e-02
5.200000000000000000e+01 4.266309738159179688e-02 2.784643528052041074e+05 -4.097153269048047219e-01
5.300000000000000000e+01 4.056668281555175781e-02 2.702916373267957242e+05 -6.160849704578414965e-01
5.400000000000000000e+01 4.062485694885253906e-02 3.097287383209982072e+05 4.347390476724015684e-01
5.500000000000000000e+01 4.122281074523925781e-02 3.484524267033258802e+05 1.459849770856975315e+00
5.600000000000000000e+01 4.126191139221191406e-02 3.207976428247613367e+05 6.732974418956252372e-01
5.700000000000000000e+01 4.069066047668457031e-02 3.060693876557196490e+05 2.707787000702460145e-01
5.800000000000000000e+01 4.059338569641113281e-02 3.336238494241091539e+05 1.005467431908134923e+00
5.900000000000000000e+01 4.096889495849609375e-02 3.991135059476486640e+05 2.735690170865211268e+00
6.000000000000000000e+01 4.107880592346191406e-02 3.512735134573800606e+05 1.288992729359746736e+00
6.100000000000000000e+01 4.491543769836425781e-02 3.058594202289328678e+05 1.260646462493655862e-01
6.200000000000000000e+01 4.070281982421875000e-02 2.888159554894192843e+05 -3.018014693240640423e-01
6.300000000000000000e+01 4.083704948425292969e-02 2.850611713666422875e+05 -3.930677313160577113e-01
6.400000000000000000e+01 4.080152511596679688e-02 2.910171169787456165e+05 -2.360074354542251451e-01
6.500000000000000000e+01 4.149127006530761719e-02 3.173331735149848973e+05 4.458234886207896874e-01
6.600000000000000000e+01 4.488515853881835938e-02 3.650442217932871426e+05 1.682459726754276463e+00
6.700000000000000000e+01 6.852817535400390625e-02 4.066501639633799205e+05 2.680643794854970174e+00
6.800000000000000000e+01 8.445668220520019531e-02 4.345732971512483782e+05 3.147503303391487872e+00
6.800000000000000000e+01 1.687128543853759766e-01 1.936346036455460126e+05 0.000000000000000000e+00
6.900000000000000000e+01 6.931066513061523438e-02 1.598157222307765041e+05 0.000000000000000000e+00
7.000000000000000000e+01 4.115080833435058594e-02 2.250667668222176144e+05 2.021514283729195505e+00
7.100000000000000000e+01 4.033923149108886719e-02 2.299199476924944611e+05 1.136308278054204868e+00
7.200000000000000000e+01 4.121088981628417969e-02 3.048760576953674899e+05 3.165906893419001999e+00
7.200000000000000000e+01 8.373045921325683594e-02 1.785798226547184750e+05 0.000000000000000000e+00
7.300000000000000000e+01 4.103493690490722656e-02 1.974225412147941825e+05 0.000000000000000000e+00
7.400000000000000000e+01 3.392064571380615234e-01 2.845151246816850617e+05 7.243717320069058552e+00
7.400000000000000000e+01 3.261566162109375000e-04 4.240405817242261401e+04 0.000000000000000000e+00
7.500000000000000000e+01 3.947591781616210938e-02 1.604339869893942378e+05 3.229297735102131472e+00
7.500000000000000000e+01 1.360781192779541016e-01 1.565884393841049750e+05 0.000000000000000000e+00
7.600000000000000000e+01 3.905129432678222656e-02 1.166369918179336091e+05 0.000000000000000000e+00
7.700000000000000000e+01 4.096579551696777344e-02 1.161738536938716861e+05 -7.235010861792658954e-01
7.800000000000000000e+01 3.916549682617187500e-02 1.034883411398862518e+05 -1.134072323656812209e+00
7.900000000000000000e+01 3.977227210998535156e-02 1.226487779962686618e+05 -2.485002197766892837e-02
8.000000000000000000e+01 4.002046585083007812e-02 1.301222110599958542e+05 3.511815834675144354e-01
8.100000000000000000e+01 3.993916511535644531e-02 1.239135853436254256e+05 -2.005313719699949523e-02
8.200000000000000000e+01 4.191136360168457031e-02 1.613476119508997654e+05 2.247364166362385784e+00
8.300000000000000000e+01 3.349356651306152344e-01 3.516345024938412244e+05 1.105389829657950962e+01
8.300000000000000000e+01 3.206729888916015625e-04 6.367376599520644231e+04 0.000000000000000000e+00
8.400000000000000000e+01 2.997424602508544922e-01 3.304049216049020761e+05 5.217072696419314148e+00
8.400000000000000000e+01 3.197193145751953125e-04 7.851583660972307553e+04 0.000000000000000000e+00
8.500000000000000000e+01 3.931093215942382812e-02 3.479119211592755746e+05 4.145208533415942753e+00
8.500000000000000000e+01 7.806968688964843750e-02 3.447953949880970176e+05 0.000000000000000000e+00
8.600000000000000000e+01 3.897237777709960938e-02 1.618036276375422603e+05 0.000000000000000000e+00
8.700000000000000000e+01 3.942346572875976562e-02 1.641617366464106890e+05 -6.888826294108704174e-01
8.800000000000000000e+01 5.725431442260742188e-02 1.948603788749513624e+05 -2.736480255880619494e-01
8.900000000000000000e+01 6.087183952331542969e-02 2.052359299214629282e+05 -1.285194867781921657e-01
9.000000000000000000e+01 3.969407081604003906e-02 3.024919149960755603e+05 1.170893648442076884e+00
9.100000000000000000e+01 4.084444046020507812e-02 2.423959771181824908e+05 1.765354480679399429e-01
9.200000000000000000e+01 3.940653800964355469e-02 2.393129373028490809e+05 1.212856267853278242e-01
9.300000000000000000e+01 4.121112823486328125e-02 3.193966555088892346e+05 1.348575691165598167e+00
9.400000000000000000e+01 3.976035118103027344e-02 2.048078996541646193e+05 -5.463856503147234145e-01
9.500000000000000000e+01 3.978276252746582031e-02 2.265443736827652028e+05 -1.763152635886024444e-01
9.600000000000000000e+01 4.557204246520996094e-02 2.128237060223058215e+05 -3.923837358610893222e-01
9.700000000000000000e+01 7.664155960083007812e-02 2.689633784525389201e+05 5.786220542548647927e-01
9.800000000000000000e+01 4.028296470642089844e-02 2.745926519796021748e+05 6.486465554219962293e-01
9.900000000000000000e+01 4.712748527526855469e-02 2.327980297381981218e+05 -1.318249437391303402e-01
1.000000000000000000e+02 3.965592384338378906e-02 2.026968300724453002e+05 -6.868878204417698807e-01
1.010000000000000000e+02 4.061698913574218750e-02 2.960626720956921345e+05 1.111659040640694318e+00
1.020000000000000000e+02 4.155945777893066406e-02 2.830480485550840967e+05 7.957830358517898883e-01
1.030000000000000000e+02 4.054474830627441406e-02 2.168716441922553931e+05 -5.011334156332967193e-01
1.040000000000000000e+02 3.973674774169921875e-02 2.466541762492888665e+05 9.512564518657531942e-02
1.050000000000000000e+02 4.027009010314941406e-02 2.617180486016111390e+05 3.942892508582581668e-01
1.060000000000000000e+02 3.971385955810546875e-02 2.690929511201592395e+05 5.346141737815833794e-01
1.070000000000000000e+02 4.078412055969238281e-02 2.756404982492050040e+05 6.556819043284122239e-01
1.080000000000000000e+02 4.247379302978515625e-02 3.117797315976872342e+05 1.398302048865360803e+00
1.090000000000000000e+02 4.643607139587402344e-02 3.084369368316618493e+05 1.246055659698999118e+00
1.100000000000000000e+02 4.017353057861328125e-02 2.296984126808092988e+05 -4.301635158184110574e-01
1.110000000000000000e+02 4.048848152160644531e-02 2.539555605723285407e+05 8.512456631114853622e-02
1.120000000000000000e+02 5.205774307250976562e-02 2.114168766363849863e+05 -8.207056853195878743e-01
1.130000000000000000e+02 9.005141258239746094e-02 2.160547540049681556e+05 -6.973436034673045070e-01
1.140000000000000000e+02 5.248904228210449219e-02 2.154604901466396404e+05 -6.926052925636688729e-01
1.150000000000000000e+02 4.159879684448242188e-02 1.978451490026139945e+05 -1.059908711308679585e+00
1.160000000000000000e+02 7.097816467285156250e-02 2.099076536307612841e+05 -7.615827653261245667e-01
1.170000000000000000e+02 4.069662094116210938e-02 2.667850001805940410e+05 5.042372709239647532e-01
1.180000000000000000e+02 4.939556121826171875e-02 3.156281281595469336e+05 1.578758054882288375e+00
1.190000000000000000e+02 4.050278663635253906e-02 3.590036421711854637e+05 2.442949108222320476e+00
1.200000000000000000e+02 4.039692878723144531e-02 4.352906924255345948e+05 3.773426471992663345e+00
1.200000000000000000e+02 9.837603569030761719e-02 1.936024552982680616e+05 0.000000000000000000e+00
1.210000000000000000e+02 4.160070419311523438e-02 1.427586572130049171e+05 0.000000000000000000e+00
1.220000000000000000e+02 4.095602035522460938e-02 1.861499866474097653e+05 4.998173449896292087e-01
1.230000000000000000e+02 4.021477699279785156e-02 2.242891572046722285e+05 1.825331975408695184e+00
1.240000000000000000e+02 4.214763641357421875e-02 2.679793532594537828e+05 2.417295323068059609e+00
1.250000000000000000e+02 4.288983345031738281e-02 2.679615280478722998e+05 1.395729438781739162e+00
1.260000000000000000e+02 4.072546958923339844e-02 2.206266086273081601e+05 1.384092885195480904e-01
1.270000000000000000e+02 4.033732414245605469e-02 2.318800554646799865e+05 3.789198253275130046e-01
1.280000000000000000e+02 4.073166847229003906e-02 2.552874913931583287e+05 9.084706382252019097e-01
1.290000000000000000e+02 7.817554473876953125e-02 2.867213829136313288e+05 1.578048692261643238e+00
1.300000000000000000e+02 8.123803138732910156e-02 2.980173688527432969e+05 1.586324488113892928e+00
1.310000000000000000e+02 4.658484458923339844e-02 4.190380998505867319e+05 3.928034186202266298e+00
1.310000000000000000e+02 8.402228355407714844e-02 2.620748086377722211e+05 0.000000000000000000e+00
1.320000000000000000e+02 4.294896125793457031e-02 3.069068462568173418e+05 0.000000000000000000e+00
1.330000000000000000e+02 7.100963592529296875e-02 2.589659310794717458e+05 -8.051754178179139076e-01
1.340000000000000000e+02 3.561186790466308594e-02 2.499064657145737146e+05 -9.720328679531201610e-01
1.350000000000000000e+02 3.622221946716308594e-02 2.509112406341301685e+05 -7.278155827576174852e-01
1.360000000000000000e+02 3.648900985717773438e-02 2.625796416824953048e+05 -1.345640052599944847e-01
1.370000000000000000e+02 3.896737098693847656e-02 2.698539743149541318e+05 2.190802130857672780e-01
1.380000000000000000e+02 3.843665122985839844e-02 2.767927507700675051e+05 5.630713312163249107e-01
1.390000000000000000e+02 3.485186100006103516e-01 6.870659368071777280e+05 2.288594922725017966e+01
1.390000000000000000e+02 3.023147583007812500e-04 3.950647246694198111e+04 0.000000000000000000e+00
1.400000000000000000e+02 2.658870220184326172e-01 2.839593533428997034e+05 8.043575269336546540e+00
1.400000000000000000e+02 2.956390380859375000e-04 5.236910358744851692e+04 0.000000000000000000e+00
1.410000000000000000e+02 3.511037826538085938e-01 3.320160794697519159e+05 6.844684616368736485e+00
1.410000000000000000e+02 3.056526184082031250e-04 5.947390273692088522e+04 0.000000000000000000e+00
1.420000000000000000e+02 3.324060440063476562e-01 3.296268837156230584e+05 5.716786591097992698e+00
1.420000000000000000e+02 2.980232238769531250e-04 5.824913504539572023e+04 0.000000000000000000e+00
1.430000000000000000e+02 3.428936004638671875e-02 1.523809900057368504e+05 1.578292750197123340e+00
1.440000000000000000e+02 3.441643714904785156e-02 1.235575413125154882e+05 3.055302345413825615e-01
1.450000000000000000e+02 3.444194793701171875e-02 1.350675441321041726e+05 5.675324669309805836e-01
1.460000000000000000e+02 3.438878059387207031e-02 1.363202173702549771e+05 5.382778489240432895e-01
1.470000000000000000e+02 3.451704978942871094e-02 1.436554609573583293e+05 7.106607284477410857e-01
1.480000000000000000e+02 3.519940376281738281e-02 1.303195162545827479e+05 2.128666516545305032e-01
1.490000000000000000e+02 3.458023071289062500e-02 1.660954682477636379e+05 1.434527180057244777e+00
1.500000000000000000e+02 3.439712524414062500e-02 1.509502776275362703e+05 7.165189188349337934e-01
1.510000000000000000e+02 3.456664085388183594e-02 1.790609258394093195e+05 1.616889357237001112e+00
1.520000000000000000e+02 3.453278541564941406e-02 1.769750346214960737e+05 1.311879875510916449e+00
1.530000000000000000e+02 3.484964370727539062e-02 1.581347347345877788e+05 5.891854560338717350e-01
1.540000000000000000e+02 7.212829589843750000e-02 1.714312078663207940e+05 9.835616959232594825e-01
1.550000000000000000e+02 3.529119491577148438e-02 1.567246470096529229e+05 4.465213654237672469e-01
1.560000000000000000e+02 3.457927703857421875e-02 2.089481835769484460e+05 2.150537020313455283e+00
1.570000000000000000e+02 3.488659858703613281e-02 2.422893411332123796e+05 2.817384914841769561e+00
1.580000000000000000e+02 3.556895256042480469e-02 2.615260202585883671e+05 2.721390014646635880e+00
1.590000000000000000e+02 3.588461875915527344e-02 2.341647442618892819e+05 1.618183109497827621e+00
1.600000000000000000e+02 3.546762466430664062e-02 2.277802614890877157e+05 1.340875040358749937e+00
1.610000000000000000e+02 3.478837013244628906e-02 1.818387099870530947e+05 3.129663357003212298e-01
1.620000000000000000e+02 5.549621582031250000e-02 1.803837609459818341e+05 2.746625403171448765e-01
1.630000000000000000e+02 3.497362136840820312e-02 1.768094633032112324e+05 1.917914214190300781e-01
1.640000000000000000e+02 3.487658500671386719e-02 3.022888044638042920e+05 2.929764466455257566e+00
1.650000000000000000e+02 3.904247283935546875e-02 2.787256069391628262e+05 2.000009589326840143e+00
1.660000000000000000e+02 3.586888313293457031e-02 2.689298545917608426e+05 1.639006643829679755e+00
1.670000000000000000e+02 3.532075881958007812e-02 2.498695742667015293e+05 1.195123242981709133e+00
1.680000000000000000e+02 3.706622123718261719e-02 4.511005199233831372e+05 4.635308409727469936e+00
1.680000000000000000e+02 7.270359992980957031e-02 2.246390703893557074e+05 0.000000000000000000e+00
1.690000000000000000e+02 3.503084182739257812e-02 2.161439984336808848e+05 0.000000000000000000e+00
1.700000000000000000e+02 2.842020988464355469e-01 3.537019911585746449e+05 2.219280271215341571e+01
1.700000000000000000e+02 2.975463867187500000e-04 7.450499900591404003e+04 0.000000000000000000e+00
1.710000000000000000e+02 3.482174873352050781e-02 2.923422800340106478e+05 3.427762574304078491e+00
1.710000000000000000e+02 6.943726539611816406e-02 2.807334887973951991e+05 0.000000000000000000e+00
1.720000000000000000e+02 3.438448905944824219e-02 1.061255332085154951e+05 0.000000000000000000e+00
1.730000000000000000e+02 3.489017486572265625e-02 1.173808264286144840e+05 -6.159460533338718680e-01
1.740000000000000000e+02 3.485941886901855469e-02 1.381085776680239942e+05 -3.066972037290839337e-01
1.750000000000000000e+02 3.757691383361816406e-02 1.395067837626018154e+05 -2.596560774033125352e-01
1.760000000000000000e+02 4.069924354553222656e-02 1.613989268000826414e+05 7.087719370264462804e-02
1.770000000000000000e+02 3.510570526123046875e-02 1.774419631148629123e+05 3.187190759734715439e-01
1.780000000000000000e+02 3.530335426330566406e-02 1.633316455053011596e+05 5.529545097091542044e-02
1.790000000000000000e+02 3.542637825012207031e-02 2.052820529849944869e+05 8.272519000655700339e-01
1.800000000000000000e+02 3.526425361633300781e-02 2.060558690627132892e+05 7.686848875270826387e-01
1.810000000000000000e+02 2.724065780639648438e-01 4.347454951597856707e+05 5.160095356831441826e+00
1.810000000000000000e+02 2.968311309814453125e-04 6.033718472922104411e+04 0.000000000000000000e+00
1.820000000000000000e+02 2.763442993164062500e-01 5.027673725057922420e+05 9.662796534071757648e+00
1.820000000000000000e+02 3.013610839843750000e-04 1.239943243997563259e+05 0.000000000000000000e+00
1.830000000000000000e+02 3.413248062133789062e-02 3.745901716004838818e+05 2.151056667029644931e+00
1.840000000000000000e+02 3.576540946960449219e-02 2.872584880564932246e+05 3.064702053192574494e-01
1.850000000000000000e+02 3.542256355285644531e-02 2.139226115930527740e+05 -4.278402402351161316e-01
1.860000000000000000e+02 3.660607337951660156e-02 2.545125829835779441e+05 5.374414836394755118e-02
1.870000000000000000e+02 3.526401519775390625e-02 2.791941500746503007e+05 3.488678733411479937e-01
1.880000000000000000e+02 3.836441040039062500e-02 3.143404955166501459e+05 7.855327815674926217e-01
1.890000000000000000e+02 3.463292121887207031e-02 3.124906181662656018e+05 6.859860234101768928e-01
1.900000000000000000e+02 3.542041778564453125e-02 2.984179730245309765e+05 4.347676836611925055e-01
1.910000000000000000e+02 3.473186492919921875e-02 2.635160851889466285e+05 -1.059000415230891279e-01
1.920000000000000000e+02 3.510260581970214844e-02 2.708606498492251267e+05 1.309936991597853567e-02
1.930000000000000000e+02 3.481197357177734375e-02 3.036955153963546618e+05 5.495666072351477194e-01
1.940000000000000000e+02 5.687713623046875000e-02 3.154041135231364169e+05 7.207665328738940280e-01
1.950000000000000000e+02 4.198002815246582031e-02 2.822238420506953844e+05 1.118307389410620328e-01
1.960000000000000000e+02 7.727074623107910156e-02 1.894489031205429637e+05 -1.548369821334743213e+00
1.970000000000000000e+02 6.933999061584472656e-02 1.982512346396805951e+05 -1.243727901296395322e+00
1.980000000000000000e+02 3.799700736999511719e-02 2.268430411170192237e+05 -6.705257475512302889e-01
1.990000000000000000e+02 3.521466255187988281e-02 3.287731696045127464e+05 1.110119938825947949e+00
2.000000000000000000e+02 3.548622131347656250e-02 3.639879364923569956e+05 1.650138454468440541e+00
2.010000000000000000e+02 3.521156311035156250e-02 3.846735763615077012e+05 1.846462597137882966e+00
2.020000000000000000e+02 3.566575050354003906e-02 4.001942210513501195e+05 1.909566567311260066e+00
2.030000000000000000e+02 3.486728668212890625e-02 4.271872940356963663e+05 2.122158523803538088e+00
2.040000000000000000e+02 3.626894950866699219e-02 4.045274956220012973e+05 1.580798834910553952e+00
2.050000000000000000e+02 3.522419929504394531e-02 3.598087836776077747e+05 8.735151207234918003e-01
2.060000000000000000e+02 3.556656837463378906e-02 3.616760779644501163e+05 8.683755710514421411e-01
2.070000000000000000e+02 3.502511978149414062e-02 4.132326198133314610e+05 1.536145876797697651e+00
2.080000000000000000e+02 3.557538986206054688e-02 3.880082919623202761e+05 1.111591681252309449e+00
2.090000000000000000e+02 3.515958786010742188e-02 3.313162857654693653e+05 3.229073913624114778e-01
2.100000000000000000e+02 3.831744194030761719e-02 3.089966556421256391e+05 1.868885491777162733e-02
2.110000000000000000e+02 3.521060943603515625e-02 2.904843377796821878e+05 -2.333358150626641814e-01
2.120000000000000000e+02 3.566241264343261719e-02 2.707809587136572809e+05 -5.017104905157245831e-01
2.130000000000000000e+02 8.690047264099121094e-02 3.031035328676529462e+05 -3.990738551575057774e-02
2.140000000000000000e+02 3.575611114501953125e-02 3.430931658405857161e+05 5.290388780223355125e-01
2.150000000000000000e+02 3.653073310852050781e-02 3.198107795181659749e+05 1.846253484380169785e-01
2.160000000000000000e+02 3.586268424987792969e-02 2.956360266864061705e+05 -1.705327528083991906e-01
2.170000000000000000e+02 3.551912307739257812e-02 4.145638334152676980e+05 1.590509948904291759e+00
2.180000000000000000e+02 3.568315505981445312e-02 3.638964836533532944e+05 7.825498645471797854e-01
2.190000000000000000e+02 3.598976135253906250e-02 3.786191389345334610e+05 9.807458921263292329e-01
2.200000000000000000e+02 4.003477096557617188e-02 4.776910650301279966e+05 2.401660279107570517e+00
2.210000000000000000e+02 3.651714324951171875e-02 4.521405796180193429e+05 1.861620738188793922e+00
2.220000000000000000e+02 3.606486320495605469e-02 3.773568509400149342e+05 7.623360055341767971e-01
2.230000000000000000e+02 3.625607490539550781e-02 3.406026481527328724e+05 2.530077875157964451e-01
2.240000000000000000e+02 9.089994430541992188e-02 3.204229826090733404e+05 -2.500783171305228855e-02
2.250000000000000000e+02 3.999662399291992188e-02 3.636856179247567197e+05 5.716723294886176809e-01
2.260000000000000000e+02 3.643894195556640625e-02 3.444160086850782391e+05 2.956203788710174418e-01
2.270000000000000000e+02 3.637909889221191406e-02 3.565490002656245488e+05 4.624863340408371104e-01
2.280000000000000000e+02 3.625893592834472656e-02 3.521396947702962789e+05 3.941557604425497408e-01
2.290000000000000000e+02 3.549432754516601562e-02 3.768682161026868271e+05 7.428061647230448372e-01
2.300000000000000000e+02 3.609156608581542969e-02 3.983961945101178717e+05 1.040239952416663671e+00
2.310000000000000000e+02 3.658556938171386719e-02 4.989602633964798879e+05 2.461751982989685228e+00
2.320000000000000000e+02 3.632712364196777344e-02 6.520025429390682839e+05 4.397245191061143643e+00
2.320000000000000000e+02 1.156280040740966797e-01 2.658292269961561542e+05 0.000000000000000000e+00
2.330000000000000000e+02 3.619217872619628906e-02 2.448110073818819656e+05 0.000000000000000000e+00
2.340000000000000000e+02 3.627395629882812500e-02 3.161871011589475092e+05 4.095442706886530893e+00
2.340000000000000000e+02 7.337903976440429688e-02 1.795987358655707212e+05 0.000000000000000000e+00
2.350000000000000000e+02 3.575706481933593750e-02 2.595093575874456437e+05 0.000000000000000000e+00
2.360000000000000000e+02 3.652977943420410156e-02 3.931627604371550842e+05 3.072430074818646606e+00
2.360000000000000000e+02 7.218790054321289062e-02 2.103996930912572425e+05 0.000000000000000000e+00
2.370000000000000000e+02 3.621745109558105469e-02 3.343412727179675130e+05 0.000000000000000000e+00
2.380000000000000000e+02 3.573012351989746094e-02 4.733827785727568553e+05 2.293615391975990292e+00
2.390000000000000000e+02 3.701496124267578125e-02 4.401754657808386837e+05 7.661750780468012945e-01
2.400000000000000000e+02 3.593444824218750000e-02 4.230618447257952648e+05 4.929072272098125040e-01
2.410000000000000000e+02 3.635358810424804688e-01 1.106736543193512596e+06 6.888778144639230661e+00
2.410000000000000000e+02 3.092288970947265625e-04 5.377485181861261663e+04 0.000000000000000000e+00
2.420000000000000000e+02 2.635025978088378906e-01 9.119945160526073305e+05 2.186303237510415443e+01
2.420000000000000000e+02 3.020763397216796875e-04 7.679417729675081500e+04 0.000000000000000000e+00
2.430000000000000000e+02 3.075077533721923828e-01 8.463658852453384316e+05 1.346504513072106768e+01
2.430000000000000000e+02 3.020763397216796875e-04 7.991066433837030490e+04 0.000000000000000000e+00
2.440000000000000000e+02 3.031980991363525391e-01 8.001612463667406701e+05 1.203947904493761989e+01
2.440000000000000000e+02 2.994537353515625000e-04 1.022806766999093816e+05 0.000000000000000000e+00
2.450000000000000000e+02 3.435325622558593750e-02 2.150385283753373951e+05 8.519724921282857411e-01
2.460000000000000000e+02 3.419780731201171875e-02 2.027258398383970489e+05 4.617507800153322073e-01
2.470000000000000000e+02 3.429150581359863281e-02 1.983586374468420981e+05 3.255234432008853873e-01
2.480000000000000000e+02 3.495931625366210938e-02 2.768864351164209656e+05 1.988224241681065818e+00
2.490000000000000000e+02 4.245305061340332031e-02 2.688501632381527452e+05 1.228434373344746700e+00
2.500000000000000000e+02 3.510212898254394531e-02 3.522166225079350988e+05 2.479920346064628855e+00
2.510000000000000000e+02 3.471279144287109375e-02 2.337204180936987104e+05 8.338850625897414881e-02
2.520000000000000000e+02 3.451800346374511719e-02 2.689827746579180239e+05 5.938310459091236115e-01
2.530000000000000000e+02 3.454875946044921875e-02 3.191739082201720448e+05 1.317911887792643233e+00
2.540000000000000000e+02 3.703641891479492188e-02 3.726075939177931868e+05 1.953534012471533909e+00
2.550000000000000000e+02 3.452301025390625000e-02 3.336491952793411911e+05 1.097460435643960119e+00
2.560000000000000000e+02 3.511595726013183594e-02 3.900002997632643091e+05 1.755719156448150464e+00
2.570000000000000000e+02 3.460860252380371094e-02 2.942610173563980497e+05 3.372097942150215633e-01
2.580000000000000000e+02 3.458046913146972656e-02 4.475676577337026247e+05 2.290658455412695194e+00
2.590000000000000000e+02 4.074525833129882812e-02 4.934502395594161353e+05 2.435921710896493231e+00
2.600000000000000000e+02 7.209634780883789062e-02 5.083096967378046829e+05 2.170805246962639323e+00
2.610000000000000000e+02 5.404734611511230469e-02 4.785219944635134889e+05 1.595933486076357655e+00
2.620000000000000000e+02 4.187250137329101562e-02 4.620274771873051068e+05 1.310138767143965266e+00
2.630000000000000000e+02 5.533599853515625000e-02 4.053563158299552160e+05 7.318697613871318897e-01
2.640000000000000000e+02 3.490948677062988281e-02 3.652020185400383198e+05 3.523243612034758776e-01
2.650000000000000000e+02 3.477025032043457031e-02 3.757475570991792483e+05 4.384193585610528521e-01
2.660000000000000000e+02 3.726673126220703125e-02 4.197783261546041467e+05 8.308193779381051192e-01
2.670000000000000000e+02 3.531217575073242188e-02 4.890772405021432787e+05 1.441846564525280705e+00
2.680000000000000000e+02 3.674292564392089844e-02 5.164057790054816869e+05 1.603523886193316983e+00
2.690000000000000000e+02 3.477764129638671875e-02 5.690790480174465338e+05 1.961377621288826090e+00
2.700000000000000000e+02 3.523707389831542969e-02 5.164930968656999175e+05 1.357618367553699690e+00
2.710000000000000000e+02 7.154774665832519531e-02 4.596165794765423052e+05 8.215576833355716646e-01
2.720000000000000000e+02 4.194045066833496094e-02 4.268742553331464296e+05 5.264484575167025504e-01
2.730000000000000000e+02 3.531241416931152344e-02 4.364140961587189813e+05 5.956469409604524534e-01
2.740000000000000000e+02 3.608417510986328125e-02 4.424471464897397091e+05 6.341292878200516236e-01
2.750000000000000000e+02 3.554415702819824219e-02 4.466587997536800685e+05 6.566101069794320066e-01
2.760000000000000000e+02 3.510189056396484375e-02 5.162154301197838504e+05 1.245248014490384802e+00
2.770000000000000000e+02 3.566002845764160156e-02 6.729812971024651779e+05 2.547483866966638200e+00
2.780000000000000000e+02 3.504467010498046875e-02 6.027981231814662460e+05 1.740367646484385578e+00
2.790000000000000000e+02 3.527665138244628906e-02 6.057430787805757718e+05 1.669812940256190537e+00
2.800000000000000000e+02 3.509211540222167969e-02 5.597003984482064843e+05 1.237183597976735383e+00
2.810000000000000000e+02 3.528499603271484375e-02 5.213438373096886207e+05 9.069185633333256558e-01
2.820000000000000000e+02 3.523278236389160156e-02 5.861349818106014282e+05 1.376797500408547981e+00
2.830000000000000000e+02 3.798866271972656250e-02 5.758889993455572985e+05 1.251227899747277661e+00
2.840000000000000000e+02 3.869390487670898438e-02 5.654732978924044874e+05 1.135192821483558268e+00
2.850000000000000000e+02 3.559803962707519531e-02 6.395577763610730181e+05 1.654553246924902021e+00
2.860000000000000000e+02 3.570890426635742188e-02 6.879221883557647234e+05 1.936820167599806908e+00
2.870000000000000000e+02 3.538608551025390625e-02 7.437680592264421284e+05 2.231145952775562158e+00
2.880000000000000000e+02 3.533291816711425781e-02 6.778443071644584415e+05 1.645181028797763290e+00
2.890000000000000000e+02 3.796410560607910156e-02 6.608840060809025308e+05 1.467936001416973779e+00
2.900000000000000000e+02 3.547215461730957031e-02 6.117062569123995490e+05 1.096494222488510806e+00
2.910000000000000000e+02 3.568506240844726562e-02 5.656789777081385255e+05 7.697078101751391177e-01
2.920000000000000000e+02 3.595638275146484375e-02 5.372634464838341810e+05 5.701003869664034163e-01
2.930000000000000000e+02 3.564167022705078125e-02 5.174534682790184161e+05 4.311885496209501012e-01
2.940000000000000000e+02 3.694796562194824219e-02 4.529963139589473722e+05 -4.969671178431070424e-03
2.950000000000000000e+02 3.833222389221191406e-02 4.775726167258281494e+05 1.611230479827341910e-01
2.960000000000000000e+02 3.551006317138671875e-02 4.492212098621799960e+05 -3.378660496543821334e-02
2.970000000000000000e+02 3.629803657531738281e-02 5.077612410332217696e+05 3.696135980286196498e-01
2.980000000000000000e+02 7.545566558837890625e-02 4.896634239241078030e+05 2.402100886711290573e-01
2.990000000000000000e+02 1.170713901519775391e-01 4.672592738346318947e+05 8.109802719152045536e-02
