1.745159368280300125e+07
1.000000000000000000e+00 3.157737255096435547e-01 1.427814365402653348e+05 0.000000000000000000e+00
2.000000000000000000e+00 2.501077651977539062e-01 1.441553875155278947e+05 7.293261594373613432e-01
3.000000000000000000e+00 3.096673488616943359e-01 8.553396492087280785e+04 -5.611294118798858532e-01
4.000000000000000000e+00 5.106415748596191406e-01 1.264120780353043374e+05 4.429443625046542987e-01
5.000000000000000000e+00 2.973983287811279297e-01 1.028508293707041303e+05 -2.047590889756719656e-01
6.000000000000000000e+00 3.084311485290527344e-01 1.044566561303350027e+05 -1.441480355685764159e-01
7.000000000000000000e+00 3.967339992523193359e-01 1.156435765881598927e+05 2.137670005873778256e-01
8.000000000000000000e+00 3.410186767578125000e-01 1.011636021288498014e+05 -2.847731368731495905e-01
9.000000000000000000e+00 4.200785160064697266e-01 1.115467357468169357e+05 1.015309720061434856e-01
1.000000000000000000e+01 4.424445629119873047e-01 1.043410994563852873e+05 -1.758812513443497594e-01
1.100000000000000000e+01 3.897943496704101562e-01 9.056611262635966705e+04 -7.170333154858657965e-01
1.200000000000000000e+01 5.129339694976806641e-01 1.225152833100831194e+05 6.308273846455563216e-01
1.300000000000000000e+01 6.444048881530761719e-01 1.017946119139385264e+05 -2.709706673305028457e-01
1.400000000000000000e+01 5.159554481506347656e-01 1.120842833003416745e+05 1.868707216032656215e-01
1.500000000000000000e+01 5.664308071136474609e-01 9.726292741668318922e+04 -4.880851831225108128e-01
1.600000000000000000e+01 5.408258438110351562e-01 1.178385920948225103e+05 4.836420803777577437e-01
1.700000000000000000e+01 4.834764003753662109e-01 1.620984216116719181e+05 2.569757307349738618e+00
1.800000000000000000e+01 6.430544853210449219e-01 1.421757682066081616e+05 1.294352371814604163e+00
1.900000000000000000e+01 5.212156772613525391e-01 2.152285637159266917e+05 4.193424974049532850e+00
1.900000000000000000e+01 1.113886356353759766e+00 2.018152072596878570e+05 0.000000000000000000e+00
2.000000000000000000e+01 6.171038150787353516e-01 2.866251781680720160e+05 0.000000000000000000e+00
2.100000000000000000e+01 6.342828273773193359e-01 1.851162568593937904e+05 -9.855632159730005615e-01
2.200000000000000000e+01 6.469697952270507812e-01 2.315232614159395162e+05 1.286864006276011718e-01
2.300000000000000000e+01 6.587390899658203125e-01 1.831804867563666485e+05 -9.665750021115167012e-01
2.400000000000000000e+01 7.373201847076416016e-01 1.416545244777917978e+05 -1.761278349157697765e+00
2.500000000000000000e+01 6.376643180847167969e-01 1.328159752300879627e+05 -1.457432586372468419e+00
2.600000000000000000e+01 6.855232715606689453e-01 1.422040387728962523e+05 -9.938502330901132220e-01
2.700000000000000000e+01 7.661552429199218750e-01 1.318093398094781151e+05 -1.076993834488467527e+00
2.800000000000000000e+01 6.982119083404541016e-01 1.293217040053569071e+05 -1.002965222375111543e+00
2.900000000000000000e+01 8.437111377716064453e-01 1.031955522750061355e+05 -1.408845111464863242e+00
3.000000000000000000e+01 7.874033451080322266e-01 1.547840808620865864e+05 -2.796914794577690655e-01
3.100000000000000000e+01 8.909401893615722656e-01 1.814147168635578128e+05 2.459011028113485264e-01
3.200000000000000000e+01 7.601010799407958984e-01 1.970891618681519758e+05 5.515688093105917122e-01
3.300000000000000000e+01 9.345808029174804688e-01 1.545995755116968940e+05 -3.518051608881471726e-01
3.400000000000000000e+01 9.630098342895507812e-01 1.381640108021199412e+05 -6.904192678094549507e-01
3.500000000000000000e+01 9.145877361297607422e-01 1.318421981588407652e+05 -7.971812460056003635e-01
3.600000000000000000e+01 1.002940416336059570e+00 1.153954771368070942e+05 -1.122554980431944127e+00
3.700000000000000000e+01 9.856128692626953125e-01 1.232005318688535772e+05 -8.831586963520204892e-01
3.800000000000000000e+01 1.097082138061523438e+00 1.380918335967778112e+05 -5.138734394824235885e-01
3.900000000000000000e+01 1.065973520278930664e+00 1.413651738083415548e+05 -4.243233975840646766e-01
4.000000000000000000e+01 1.065279722213745117e+00 1.290993449567202333e+05 -6.951156217151445160e-01
4.100000000000000000e+01 1.048232793807983398e+00 1.456380322530275735e+05 -2.864995807851671850e-01
4.200000000000000000e+01 1.119480371475219727e+00 1.267205514778198558e+05 -7.306841489289405134e-01
4.300000000000000000e+01 1.149245023727416992e+00 1.429138007995350054e+05 -3.178218354938057155e-01
4.400000000000000000e+01 1.055477619171142578e+00 1.366227720213417197e+05 -4.654523059485848879e-01
4.500000000000000000e+01 1.238527774810791016e+00 1.526411909335734381e+05 -5.520133242769169335e-02
4.600000000000000000e+01 1.190824985504150391e+00 1.360406188200859469e+05 -4.765140843859150266e-01
4.700000000000000000e+01 1.201861381530761719e+00 1.406252170288552879e+05 -3.479359368834307187e-01
4.800000000000000000e+01 1.150997400283813477e+00 1.330544970750715293e+05 -5.399632825175686435e-01
4.900000000000000000e+01 1.271695852279663086e+00 1.517856656565766898e+05 -3.098567639872149698e-02
5.000000000000000000e+01 1.306253194808959961e+00 1.542190854839133972e+05 3.524572998718263073e-02
5.100000000000000000e+01 1.353137731552124023e+00 1.599268892304730834e+05 1.914623706259445668e-01
5.200000000000000000e+01 1.332509040832519531e+00 1.658002238634521200e+05 3.523106322892454734e-01
5.300000000000000000e+01 1.350726842880249023e+00 1.460364307471475622e+05 -2.120416247802969778e-01
5.400000000000000000e+01 1.255093812942504883e+00 1.516937740878189215e+05 -4.673569155512968809e-02
5.500000000000000000e+01 1.390646934509277344e+00 1.171786709987147333e+05 -1.050130902493765062e+00
5.600000000000000000e+01 1.391134738922119141e+00 1.223114361037032941e+05 -8.715559060484469045e-01
5.700000000000000000e+01 1.394814252853393555e+00 1.187365709797812451e+05 -9.558758177742577855e-01
5.800000000000000000e+01 1.404661655426025391e+00 1.875257758304146410e+05 1.076287556127308198e+00
5.900000000000000000e+01 1.462192773818969727e+00 2.257411539176349761e+05 2.161883001548675409e+00
6.000000000000000000e+01 1.483878850936889648e+00 1.649316406158879399e+05 3.221133032377845318e-01
6.100000000000000000e+01 1.327221870422363281e+00 1.394035973412254534e+05 -4.032560169996003974e-01
6.200000000000000000e+01 1.481947183609008789e+00 1.604834674218421278e+05 2.037089207755974074e-01
6.300000000000000000e+01 1.510959386825561523e+00 1.444497495962183457e+05 -2.614348723730596791e-01
6.400000000000000000e+01 1.503518104553222656e+00 1.672119897463791422e+05 4.056744803926961018e-01
6.500000000000000000e+01 1.526614904403686523e+00 1.985078911758426693e+05 1.322250951915066475e+00
6.600000000000000000e+01 1.471884965896606445e+00 1.864784430479573493e+05 9.326769372182633910e-01
6.700000000000000000e+01 1.638709306716918945e+00 2.228011833193457569e+05 1.977874226633842047e+00
6.800000000000000000e+01 1.494649410247802734e+00 2.627313641594260698e+05 3.018510877581423113e+00
6.800000000000000000e+01 3.143647670745849609e+00 1.464710424046519329e+05 0.000000000000000000e+00
6.900000000000000000e+01 1.574306249618530273e+00 2.046542955517888768e+05 0.000000000000000000e+00
7.000000000000000000e+01 1.589956283569335938e+00 2.054828014756944613e+05 7.272446086664017262e-01
7.100000000000000000e+01 1.632801055908203125e+00 2.228507196786587592e+05 1.102880814709594759e+00
7.200000000000000000e+01 1.697302818298339844e+00 2.498690068277591199e+05 1.650027208853328764e+00
7.300000000000000000e+01 1.712390661239624023e+00 1.976632321225145424e+05 -2.162610516644399017e-01
7.400000000000000000e+01 1.692727088928222656e+00 2.009152169407955080e+05 -1.051170236196211361e-01
7.500000000000000000e+01 1.732002496719360352e+00 2.175356869443332835e+05 4.349898764867354828e-01
7.600000000000000000e+01 1.779896974563598633e+00 2.057695498791314603e+05 3.054794103330969648e-03
7.700000000000000000e+01 1.820945262908935547e+00 2.368367432278344932e+05 1.139037992605898886e+00
7.800000000000000000e+01 1.772620677947998047e+00 2.622624339234896470e+05 1.936998611624352495e+00
7.900000000000000000e+01 1.916692972183227539e+00 2.964418391778165242e+05 2.692337336630624467e+00
8.000000000000000000e+01 1.901433229446411133e+00 3.147773223157289904e+05 2.491128885783824742e+00
8.100000000000000000e+01 1.884265899658203125e+00 1.823578996420359763e+05 -1.017878098001614884e+00
8.200000000000000000e+01 1.878298521041870117e+00 2.367351031561431009e+05 2.729777494985219377e-01
8.300000000000000000e+01 2.508964300155639648e+00 4.821764787301288452e+05 5.960845358893990031e+00
8.300000000000000000e+01 9.558200836181640625e-04 4.179711924541393091e+04 0.000000000000000000e+00
8.400000000000000000e+01 7.985410690307617188e-01 3.271416673309315811e+05 8.947580841717940103e+00
8.400000000000000000e+01 7.953643798828125000e-04 4.487032321007837891e+04 0.000000000000000000e+00
8.500000000000000000e+01 7.778439521789550781e-01 3.479610857878968818e+05 8.845645158235150518e+00
8.500000000000000000e+01 7.734298706054687500e-04 4.079177308466441900e+04 0.000000000000000000e+00
8.600000000000000000e+01 6.690964698791503906e-01 3.248235314890652080e+05 9.140015187414354259e+00
8.600000000000000000e+01 7.791519165039062500e-04 5.036129380164197937e+04 0.000000000000000000e+00
8.700000000000000000e+01 2.291929721832275391e-01 1.806752606310867413e+05 2.952286481875922686e+00
8.800000000000000000e+01 3.786354064941406250e-01 1.408921896188337123e+05 4.611734337675906237e-01
8.900000000000000000e+01 2.740390300750732422e-01 1.601802955974879151e+05 7.536178398232309394e-01
9.000000000000000000e+01 4.458966255187988281e-01 2.436103363661615003e+05 2.259005309607572176e+00
9.100000000000000000e+01 4.119472503662109375e-01 1.625818330809794716e+05 2.480030300758531148e-01
9.200000000000000000e+01 4.348533153533935547e-01 1.594472890463325311e+05 1.803300420810421412e-01
9.300000000000000000e+01 3.238759040832519531e-01 1.939120028454413987e+05 7.780121318001808062e-01
9.400000000000000000e+01 3.814308643341064453e-01 1.384169451666789246e+05 -2.960838406678644175e-01
9.500000000000000000e+01 4.434933662414550781e-01 1.659737548501659185e+05 2.473187909199515699e-01
9.600000000000000000e+01 7.263214588165283203e-01 1.418268984869557898e+05 -2.504521070248065806e-01
9.700000000000000000e+01 5.799732208251953125e-01 1.593104100190525351e+05 1.284548426101409790e-01
9.800000000000000000e+01 5.625972747802734375e-01 1.392289247111353034e+05 -3.180743917404471044e-01
9.900000000000000000e+01 4.346785545349121094e-01 1.176626378853205824e+05 -7.981758482711351910e-01
1.000000000000000000e+02 4.783637523651123047e-01 1.374099754461070697e+05 -2.988584472506428669e-01
1.010000000000000000e+02 5.839428901672363281e-01 1.356046206176971609e+05 -3.322804561646044985e-01
1.020000000000000000e+02 5.287380218505859375e-01 1.251297576177958981e+05 -5.794404330532750835e-01
1.030000000000000000e+02 5.051500797271728516e-01 1.265144716440219199e+05 -5.238302167584004687e-01
1.040000000000000000e+02 6.395761966705322266e-01 1.486777631471912027e+05 6.126455251910876976e-02
1.050000000000000000e+02 5.396950244903564453e-01 1.031404661958954384e+05 -1.139208214585062606e+00
1.060000000000000000e+02 6.296286582946777344e-01 1.485756334906132251e+05 1.106979978215703458e-01
1.070000000000000000e+02 6.572983264923095703e-01 1.436075640457718691e+05 -2.497287620964260338e-02
1.080000000000000000e+02 6.124026775360107422e-01 1.476522075470874843e+05 8.655740272929783596e-02
1.090000000000000000e+02 7.948122024536132812e-01 1.508512894071711344e+05 1.745595540827923065e-01
1.100000000000000000e+02 6.241466999053955078e-01 1.316271279898593202e+05 -3.795602264021661343e-01
1.110000000000000000e+02 7.944686412811279297e-01 1.498652078027016541e+05 1.602115856084066758e-01
1.120000000000000000e+02 7.523775100708007812e-01 1.167464216592875309e+05 -8.267689833762646989e-01
1.130000000000000000e+02 7.701945304870605469e-01 1.526159528266096022e+05 2.702240851854391668e-01
1.140000000000000000e+02 7.584371566772460938e-01 1.461535761414102453e+05 6.882444237546962718e-02
1.150000000000000000e+02 8.345997333526611328e-01 1.331907853802984755e+05 -3.334451778483968898e-01
1.160000000000000000e+02 7.766268253326416016e-01 1.424499076944750268e+05 -3.670539884543363301e-02
1.170000000000000000e+02 8.259665966033935547e-01 1.657036590562997444e+05 7.064750432663244872e-01
1.180000000000000000e+02 8.188738822937011719e-01 1.430582080076190177e+05 -3.843848478049276263e-02
1.190000000000000000e+02 9.017009735107421875e-01 1.556362598365054291e+05 3.733490428532629246e-01
1.200000000000000000e+02 8.496394157409667969e-01 1.736966745463636471e+05 9.655154673039259006e-01
1.210000000000000000e+02 9.439980983734130859e-01 1.390166327403848409e+05 -2.101338542562579681e-01
1.220000000000000000e+02 8.504793643951416016e-01 1.549785866031600744e+05 3.292954568288256056e-01
1.230000000000000000e+02 9.757251739501953125e-01 1.626255912992235972e+05 5.847769251297110227e-01
1.240000000000000000e+02 1.026708841323852539e+00 1.728727403029883862e+05 9.266221931926639233e-01
1.250000000000000000e+02 9.786407947540283203e-01 1.388711554372039973e+05 -2.643337826661881773e-01
1.260000000000000000e+02 1.082546234130859375e+00 1.561553140942904574e+05 3.406943986398284774e-01
1.270000000000000000e+02 1.098976373672485352e+00 1.331137042078464583e+05 -4.746252213777421014e-01
1.280000000000000000e+02 1.037936687469482422e+00 1.782497865525864181e+05 1.135400745494402397e+00
1.290000000000000000e+02 1.125206470489501953e+00 2.528044367368369130e+05 3.746672595297884545e+00
1.290000000000000000e+02 2.290437221527099609e+00 1.295947869254410471e+05 0.000000000000000000e+00
1.300000000000000000e+02 1.157247543334960938e+00 1.560867778800413071e+05 0.000000000000000000e+00
1.310000000000000000e+02 1.653380870819091797e+00 2.755231905677845934e+05 7.082942970835631513e+00
1.310000000000000000e+02 1.076459884643554688e-03 3.149600162609606195e+04 0.000000000000000000e+00
1.320000000000000000e+02 7.324163913726806641e-01 2.443155288524083444e+05 8.848781147518343104e+00
1.320000000000000000e+02 8.451938629150390625e-04 4.550922793722250935e+04 0.000000000000000000e+00
1.330000000000000000e+02 8.204112052917480469e-01 2.718491931013010908e+05 6.326478778288219473e+00
1.330000000000000000e+02 8.471012115478515625e-04 3.530863697591177333e+04 0.000000000000000000e+00
1.340000000000000000e+02 2.606668472290039062e-01 1.680814493150128110e+05 4.610830358456485811e+00
1.340000000000000000e+02 6.000204086303710938e-01 1.686658287686641270e+05 0.000000000000000000e+00
1.350000000000000000e+02 2.507588863372802734e-01 1.268935222082489636e+05 0.000000000000000000e+00
1.360000000000000000e+02 2.675485610961914062e-01 1.299808518836746516e+05 -6.025843389750028534e-01
1.370000000000000000e+02 4.169483184814453125e-01 1.199248595981710096e+05 -9.417721806480613411e-01
1.380000000000000000e+02 3.211379051208496094e-01 8.160904685037648596e+04 -2.495773567876477195e+00
1.390000000000000000e+02 3.428442478179931641e-01 2.740364820257371757e+05 4.795014070428728736e+00
1.390000000000000000e+02 7.547698020935058594e-01 2.722363724458991783e+05 0.000000000000000000e+00
1.400000000000000000e+02 4.174709320068359375e-01 1.194743610144864506e+05 0.000000000000000000e+00
1.410000000000000000e+02 3.807697296142578125e-01 2.762516435500016669e+05 7.442786591869628987e-01
1.420000000000000000e+02 4.631488323211669922e-01 1.219592446798561577e+05 -1.126607505047716673e+00
1.430000000000000000e+02 4.053506851196289062e-01 1.103331721006844309e+05 -9.829381797620102557e-01
1.440000000000000000e+02 5.427811145782470703e-01 1.068097403570128372e+05 -8.505866340174033091e-01
1.450000000000000000e+02 4.425833225250244141e-01 1.178201098006601533e+05 -6.054938946927607146e-01
1.460000000000000000e+02 4.983127117156982422e-01 1.148242021899764950e+05 -5.899960511002837471e-01
1.470000000000000000e+02 5.700299739837646484e-01 1.198553342372955231e+05 -4.757913185606191253e-01
1.480000000000000000e+02 5.326020717620849609e-01 1.040197529827498656e+05 -6.719597902657673538e-01
1.490000000000000000e+02 5.268852710723876953e-01 1.325353857297505310e+05 -2.042999495462881343e-01
1.500000000000000000e+02 6.851832866668701172e-01 1.149260971828556794e+05 -4.691240009949335099e-01
1.510000000000000000e+02 5.476391315460205078e-01 1.623592210625109728e+05 3.191854031223370081e-01
1.520000000000000000e+02 7.467219829559326172e-01 1.186848500301885069e+05 -4.268409376358700547e-01
1.530000000000000000e+02 6.201267242431640625e-01 1.167143623338084144e+05 -4.438529725272584714e-01
1.540000000000000000e+02 6.730291843414306641e-01 1.326803123434903682e+05 -1.413871047914308787e-01
1.550000000000000000e+02 7.766680717468261719e-01 1.293373849266169273e+05 -1.989464164923303857e-01
1.560000000000000000e+02 6.338512897491455078e-01 1.472464266174875956e+05 1.485660015813208557e-01
1.570000000000000000e+02 7.863545417785644531e-01 1.320522620938152540e+05 -1.541013524835939674e-01
1.580000000000000000e+02 7.134847640991210938e-01 1.403127956885618041e+05 1.683157173756730587e-02
1.590000000000000000e+02 7.822549343109130859e-01 1.534204627734904643e+05 2.886075112979775148e-01
1.600000000000000000e+02 7.657232284545898438e-01 1.282183780206600495e+05 -2.543785903321279518e-01
1.610000000000000000e+02 8.336188793182373047e-01 1.326762335833686520e+05 -1.514640776632171781e-01
1.620000000000000000e+02 8.181996345520019531e-01 1.450370559629249619e+05 1.268387932407804286e-01
1.630000000000000000e+02 8.264226913452148438e-01 1.552153959407197253e+05 3.557367699227096947e-01
1.640000000000000000e+02 8.398373126983642578e-01 2.001144577095640998e+05 1.388331128049306029e+00
1.650000000000000000e+02 9.404885768890380859e-01 1.639850924869510345e+05 4.894644427932565711e-01
1.660000000000000000e+02 9.393012523651123047e-01 1.730346584238133219e+05 6.877937873360241428e-01
1.670000000000000000e+02 8.956973552703857422e-01 1.847322826400987105e+05 9.433569460766529913e-01
1.680000000000000000e+02 9.893596172332763672e-01 2.025706528166397184e+05 1.331016917956960643e+00
1.690000000000000000e+02 8.827710151672363281e-01 2.004524280967030500e+05 1.222104092407539921e+00
1.700000000000000000e+02 9.790761470794677734e-01 3.411021793564335094e+05 4.405291731466863148e+00
1.700000000000000000e+02 1.991143941879272461e+00 2.631179423194876290e+05 0.000000000000000000e+00
1.710000000000000000e+02 9.610500335693359375e-01 1.452298679882099968e+05 0.000000000000000000e+00
1.720000000000000000e+02 1.021849393844604492e+00 1.303855251145644870e+05 -8.851830720710113232e-01
1.730000000000000000e+02 1.045000314712524414e+00 2.373443611486209556e+05 7.942866327494516598e-01
1.740000000000000000e+02 9.820935726165771484e-01 2.569616528779296787e+05 9.531834067412336964e-01
1.750000000000000000e+02 1.077226638793945312e+00 2.226064640923213738e+05 2.510009699994459886e-01
1.760000000000000000e+02 1.125453233718872070e+00 2.055649136739827518e+05 -6.464267679843539727e-02
1.770000000000000000e+02 1.064227819442749023e+00 2.163459532608899171e+05 1.450624687727977424e-01
1.780000000000000000e+02 1.086809396743774414e+00 2.111210925315144705e+05 2.935852379581381510e-02
1.790000000000000000e+02 1.138128042221069336e+00 2.373790354842754023e+05 6.055844039819181512e-01
1.800000000000000000e+02 1.042260408401489258e+00 2.118707469683505187e+05 -1.680652210030273569e-02
1.810000000000000000e+02 1.746768712997436523e+00 4.913817392042648862e+05 6.721429947643168923e+00
1.810000000000000000e+02 1.080989837646484375e-03 3.690552038634707424e+04 0.000000000000000000e+00
1.820000000000000000e+02 7.586102485656738281e-01 5.028264595124394400e+05 1.714690812519826224e+01
1.820000000000000000e+02 8.449554443359375000e-04 6.056542786637453537e+04 0.000000000000000000e+00
1.830000000000000000e+02 7.621619701385498047e-01 3.641684168713386171e+05 6.382077259172672434e+00
1.830000000000000000e+02 8.492469787597656250e-04 5.510769718436550465e+04 0.000000000000000000e+00
1.840000000000000000e+02 3.031685352325439453e-01 2.159696948294874746e+05 3.421050089151739915e+00
1.840000000000000000e+02 6.048741340637207031e-01 2.173303104698877141e+05 0.000000000000000000e+00
1.850000000000000000e+02 2.513849735260009766e-01 1.583564871342047991e+05 0.000000000000000000e+00
1.860000000000000000e+02 2.624979019165039062e-01 2.039696241132763098e+05 3.867127015864814665e-01
1.870000000000000000e+02 3.104763031005859375e-01 1.755694507851485396e+05 -5.707723228295947804e-01
1.880000000000000000e+02 4.772932529449462891e-01 2.502695171343574766e+05 2.298078408230336933e+00
1.890000000000000000e+02 3.395352363586425781e-01 2.656301353680820321e+05 1.795281899847069429e+00
1.900000000000000000e+02 3.539381027221679688e-01 2.303233523802126583e+05 4.443403842707696061e-01
1.910000000000000000e+02 4.378082752227783203e-01 1.751484534253372403e+05 -1.019797325311778025e+00
1.920000000000000000e+02 4.504814147949218750e-01 1.934161343485970574e+05 -4.215459672898150267e-01
1.930000000000000000e+02 5.669801235198974609e-01 1.852287084673967329e+05 -6.219435095071346176e-01
1.940000000000000000e+02 5.832633972167968750e-01 1.728092204807124508e+05 -9.368433512184524137e-01
1.950000000000000000e+02 7.355759143829345703e-01 2.028863830511202978e+05 9.728017324635187049e-03
1.960000000000000000e+02 4.914720058441162109e-01 1.408748267949993024e+05 -1.872220031260615647e+00
1.970000000000000000e+02 5.743515491485595703e-01 1.630356323662644718e+05 -9.693532929455697111e-01
1.980000000000000000e+02 5.056245326995849609e-01 1.634050298217303643e+05 -8.942179981510247622e-01
1.990000000000000000e+02 6.239943504333496094e-01 1.821299150566233147e+05 -3.132383082053891155e-01
2.000000000000000000e+02 6.649928092956542969e-01 2.163777876609994273e+05 6.953121745225001593e-01
2.010000000000000000e+02 5.494782924652099609e-01 2.258439430957597797e+05 9.465999309761600200e-01
2.020000000000000000e+02 5.787475109100341797e-01 1.814370261124974932e+05 -4.249498919826195653e-01
2.030000000000000000e+02 6.407656669616699219e-01 1.607907240723324940e+05 -1.041981623754086872e+00
2.040000000000000000e+02 6.764118671417236328e-01 1.478960858687342552e+05 -1.382077598047388278e+00
2.050000000000000000e+02 7.991919517517089844e-01 1.552349828070770600e+05 -1.070872806272538780e+00
2.060000000000000000e+02 7.186586856842041016e-01 1.883095875072834897e+05 -3.407754404150524496e-02
2.070000000000000000e+02 8.152217864990234375e-01 2.032072607341567928e+05 4.211162375897233301e-01
2.080000000000000000e+02 7.840545177459716797e-01 1.856911243881961855e+05 -1.332150826362446527e-01
2.090000000000000000e+02 8.854169845581054688e-01 2.010191210518391454e+05 3.557542592142675653e-01
2.100000000000000000e+02 7.407360076904296875e-01 1.690937454057241848e+05 -6.829956562987049562e-01
2.110000000000000000e+02 8.730783462524414062e-01 1.766546941395778849e+05 -4.179195558937520705e-01
2.120000000000000000e+02 8.230197429656982422e-01 1.968194941373154870e+05 2.593971154179858241e-01
2.130000000000000000e+02 9.437534809112548828e-01 1.697558916976146575e+05 -6.581658263279677179e-01
2.140000000000000000e+02 9.081318378448486328e-01 1.960538949592942081e+05 2.534080798423582470e-01
2.150000000000000000e+02 8.236522674560546875e-01 2.154219026961063792e+05 9.196912989916716796e-01
2.160000000000000000e+02 9.727373123168945312e-01 1.946411680798787274e+05 1.720111086648359600e-01
2.170000000000000000e+02 9.093720912933349609e-01 2.300852939962208038e+05 1.419190473373621808e+00
2.180000000000000000e+02 1.023136377334594727e+00 1.780640625284737616e+05 -4.504098604596107336e-01
2.190000000000000000e+02 1.034340381622314453e+00 2.359595409226687625e+05 1.593945255514555903e+00
2.200000000000000000e+02 9.693486690521240234e-01 2.938701892655404517e+05 3.513911176733323316e+00
2.200000000000000000e+02 1.992544412612915039e+00 1.284276914866129664e+05 0.000000000000000000e+00
2.210000000000000000e+02 1.055087804794311523e+00 1.940988832081115397e+05 0.000000000000000000e+00
2.220000000000000000e+02 1.011907577514648438e+00 1.522906351628896373e+05 -1.932239400124015627e-01
2.230000000000000000e+02 1.125217199325561523e+00 1.569907180754476867e+05 -3.855651513268935210e-02
2.240000000000000000e+02 1.117796182632446289e+00 1.747543950660212140e+05 6.188888625921903364e-01
2.250000000000000000e+02 1.046843051910400391e+00 2.098542459994457022e+05 1.966562659884714126e+00
2.260000000000000000e+02 1.134719133377075195e+00 2.052091404132596799e+05 1.206936639091066077e+00
2.270000000000000000e+02 1.121150970458984375e+00 2.423358772452825797e+05 2.240025212458395920e+00
2.280000000000000000e+02 1.079769134521484375e+00 2.265136558828260168e+05 1.179811877091634154e+00
2.290000000000000000e+02 1.201752662658691406e+00 2.664924445298016653e+05 2.101629689472328977e+00
2.300000000000000000e+02 1.251010179519653320e+00 2.708077162194308476e+05 1.739705586370631218e+00
2.310000000000000000e+02 1.278320074081420898e+00 3.933028240028229193e+05 4.076194733389248981e+00
2.310000000000000000e+02 2.513032436370849609e+00 3.487106121493410319e+05 0.000000000000000000e+00
2.320000000000000000e+02 1.154532670974731445e+00 1.740566021372978867e+05 0.000000000000000000e+00
2.330000000000000000e+02 1.234641075134277344e+00 1.783107111039842421e+05 -6.726602855344522292e-01
2.340000000000000000e+02 1.289788484573364258e+00 2.410799474650976190e+05 7.414651470180311232e-02
2.350000000000000000e+02 1.256950616836547852e+00 2.101418863589745306e+05 -3.118856922047951730e-01
2.360000000000000000e+02 1.346326589584350586e+00 2.616203374063629599e+05 4.362288895090578600e-01
2.370000000000000000e+02 1.284132719039916992e+00 2.483971691627500404e+05 1.956247083847783286e-01
2.380000000000000000e+02 1.311764717102050781e+00 2.556186063012727536e+05 3.041199076331996265e-01
2.390000000000000000e+02 1.356455326080322266e+00 2.560835660053243046e+05 2.938684645406203777e-01
2.400000000000000000e+02 1.384644269943237305e+00 2.533277719183283916e+05 2.250427863713993504e-01
2.410000000000000000e+02 1.907391548156738281e+00 9.628724677925712895e+05 1.456279386355872774e+01
2.410000000000000000e+02 1.058816909790039062e-03 3.515088728035845270e+04 0.000000000000000000e+00
2.420000000000000000e+02 7.792942523956298828e-01 9.140870256080651889e+05 3.465482867634145236e+01
2.420000000000000000e+02 8.440017700195312500e-04 4.199695828396351862e+04 0.000000000000000000e+00
2.430000000000000000e+02 7.591018676757812500e-01 8.425398159865437774e+05 2.625052569707341732e+01
2.430000000000000000e+02 8.473396301269531250e-04 4.581737688181407430e+04 0.000000000000000000e+00
2.440000000000000000e+02 8.218953609466552734e-01 7.963311335285175592e+05 2.245848683485995068e+01
2.440000000000000000e+02 8.649826049804687500e-04 5.264261215887008439e+04 0.000000000000000000e+00
2.450000000000000000e+02 2.420961856842041016e-01 2.048183606311818876e+05 3.381007363004115529e+00
2.450000000000000000e+02 4.846138954162597656e-01 2.077533436828503618e+05 0.000000000000000000e+00
2.460000000000000000e+02 2.828297615051269531e-01 1.732688190922544454e+05 0.000000000000000000e+00
2.470000000000000000e+02 2.684187889099121094e-01 1.511374379153273767e+05 -1.614716782659328054e+00
2.480000000000000000e+02 4.292805194854736328e-01 2.270770659497135202e+05 1.741591415645931340e+00
2.490000000000000000e+02 3.997311592102050781e-01 1.934297868911441765e+05 1.063054444264192044e-01
2.500000000000000000e+02 3.551089763641357422e-01 3.230543861746615148e+05 4.486147174703741136e+00
2.500000000000000000e+02 7.023057937622070312e-01 3.211382939765173942e+05 0.000000000000000000e+00
2.510000000000000000e+02 5.052955150604248047e-01 1.547812630567510787e+05 0.000000000000000000e+00
2.520000000000000000e+02 3.978650569915771484e-01 1.544400194147650036e+05 -7.100077189100817421e-01
2.530000000000000000e+02 3.902106285095214844e-01 1.862406295442617266e+05 -2.483669981265245186e-01
2.540000000000000000e+02 6.051499843597412109e-01 1.543479858832374157e+05 -6.271922283459877567e-01
2.550000000000000000e+02 4.273571968078613281e-01 1.823010700563478749e+05 -1.644716346308828514e-01
2.560000000000000000e+02 5.083062648773193359e-01 1.734802049143671757e+05 -2.888601697842688720e-01
2.570000000000000000e+02 5.550253391265869141e-01 1.817673173817142379e+05 -1.302776964668355408e-01
2.580000000000000000e+02 5.666153430938720703e-01 1.803097674425799341e+05 -1.493536678953322483e-01
2.590000000000000000e+02 4.936954975128173828e-01 1.796917319914980035e+05 -1.536653907374138373e-01
2.600000000000000000e+02 7.019474506378173828e-01 1.803358023520329443e+05 -1.333124477624678117e-01
2.610000000000000000e+02 5.213227272033691406e-01 1.891484483482794021e+05 6.230589857312952146e-02
2.620000000000000000e+02 5.512871742248535156e-01 1.884708016707233910e+05 4.457518076687701919e-02
2.630000000000000000e+02 7.272582054138183594e-01 2.115114459780265461e+05 5.868262796274547055e-01
2.640000000000000000e+02 5.876371860504150391e-01 1.613379078268939629e+05 -6.568064151557355679e-01
2.650000000000000000e+02 7.473492622375488281e-01 1.743473725041250582e+05 -3.041381447060464982e-01
2.660000000000000000e+02 6.241984367370605469e-01 2.410191343574703787e+05 1.410714855584390914e+00
2.670000000000000000e+02 7.898712158203125000e-01 2.104058782944490958e+05 5.306000195995962398e-01
2.680000000000000000e+02 6.849799156188964844e-01 2.471030330342921370e+05 1.446524776862014194e+00
2.690000000000000000e+02 6.730196475982666016e-01 2.055214321384747745e+05 3.036513542541009469e-01
2.700000000000000000e+02 8.050034046173095703e-01 1.925434999340594513e+05 -3.408378240973948536e-02
2.710000000000000000e+02 7.824628353118896484e-01 2.089822552912540850e+05 3.952050268368084152e-01
2.720000000000000000e+02 8.077061176300048828e-01 2.044830792005910771e+05 2.653938307373076566e-01
2.730000000000000000e+02 7.565524578094482422e-01 1.992749756751816021e+05 1.177822240142089305e-01
2.740000000000000000e+02 8.774549961090087891e-01 2.568994422796159051e+05 1.717170050947613991e+00
2.750000000000000000e+02 8.981871604919433594e-01 2.651863467947125318e+05 1.811031508779021193e+00
2.760000000000000000e+02 8.750622272491455078e-01 2.099552754649688723e+05 2.509320025574169333e-01
2.770000000000000000e+02 9.379234313964843750e-01 1.694499007171065896e+05 -8.145825802881494493e-01
2.780000000000000000e+02 8.828725814819335938e-01 1.735403593718620250e+05 -6.829443385641031927e-01
2.790000000000000000e+02 1.041396141052246094e+00 2.160519014943056682e+05 4.659446082978667136e-01
2.800000000000000000e+02 1.058970451354980469e+00 2.403917755412732658e+05 1.113761855137015422e+00
2.810000000000000000e+02 1.114702939987182617e+00 2.633263365303085302e+05 1.691339298452095408e+00
2.820000000000000000e+02 1.356174707412719727e+00 2.322560435873006354e+05 7.805049372224251991e-01
2.830000000000000000e+02 1.088796615600585938e+00 2.054111788743591460e+05 5.469424279121194721e-02
2.840000000000000000e+02 9.825785160064697266e-01 2.205221716264758725e+05 4.580553942636856335e-01
2.850000000000000000e+02 9.337990283966064453e-01 1.981887553061725339e+05 -1.541632172176808369e-01
2.860000000000000000e+02 1.035694837570190430e+00 2.149194539367652615e+05 3.072390119022370136e-01
2.870000000000000000e+02 1.023827075958251953e+00 1.810134874855243834e+05 -6.399038300624620978e-01
2.880000000000000000e+02 1.104691267013549805e+00 1.789540036874694924e+05 -6.859201591106317553e-01
2.890000000000000000e+02 1.105007171630859375e+00 1.719334195879448380e+05 -8.713619975935777973e-01
2.900000000000000000e+02 1.131405830383300781e+00 1.606576037131627090e+05 -1.171841683995488603e+00
2.910000000000000000e+02 1.114809989929199219e+00 1.722939048851136176e+05 -8.101943930448384235e-01
2.920000000000000000e+02 1.228065729141235352e+00 2.215953924819971144e+05 6.024578563541491683e-01
2.930000000000000000e+02 1.172442436218261719e+00 2.145524376507953275e+05 3.919238714835177606e-01
2.940000000000000000e+02 1.094482898712158203e+00 2.073531894988214772e+05 1.792360106232899486e-01
2.950000000000000000e+02 1.115593671798706055e+00 2.209631000623268774e+05 5.741101351791778606e-01
2.960000000000000000e+02 1.206109762191772461e+00 1.885139051981148077e+05 -3.875914154838348558e-01
2.970000000000000000e+02 1.248355150222778320e+00 2.477935479431232379e+05 1.375358260302873781e+00
2.980000000000000000e+02 1.285281896591186523e+00 2.908585248012833763e+05 2.600567261638071503e+00
2.990000000000000000e+02 1.217620134353637695e+00 2.638176671078966465e+05 1.658154869897501493e+00
