2.141990251547094434e+07
1.000000000000000000e+00 1.158754825592041016e-01 1.442612190315449552e+05 0.000000000000000000e+00
2.000000000000000000e+00 1.711795330047607422e-01 1.444970503638152441e+05 7.131916774000578441e-01
3.000000000000000000e+00 1.399319171905517578e-01 8.673401813893667713e+04 -1.240359175081567011e+00
4.000000000000000000e+00 1.490404605865478516e-01 1.292173712285124202e+05 3.992346855201244771e-01
5.000000000000000000e+00 2.400636672973632812e-01 1.050523685182137706e+05 -4.792595504679224017e-01
6.000000000000000000e+00 1.749010086059570312e-01 1.190666627978229371e+05 9.615264366403422636e-02
7.000000000000000000e+00 2.555627822875976562e-01 1.360715012281954987e+05 7.972688236467461165e-01
8.000000000000000000e+00 1.999986171722412109e-01 1.323155817772236187e+05 5.594660714543848723e-01
9.000000000000000000e+00 3.842999935150146484e-01 1.239511450520710496e+05 1.446103910932074188e-01
1.000000000000000000e+01 2.239000797271728516e-01 1.355009804626909317e+05 6.890447719836737539e-01
1.100000000000000000e+01 2.272727489471435547e-01 1.370328028980594245e+05 7.202723279095200049e-01
1.200000000000000000e+01 2.354619503021240234e-01 1.636534431116787309e+05 2.016982992699553279e+00
1.300000000000000000e+01 2.320103645324707031e-01 1.518460989828547463e+05 1.142872796014160697e+00
1.400000000000000000e+01 3.081328868865966797e-01 1.560519151550084935e+05 1.242090401357509588e+00
1.500000000000000000e+01 2.827033996582031250e-01 1.386892840032607492e+05 3.714616846495864544e-01
1.600000000000000000e+01 2.798111438751220703e-01 1.515375439471282589e+05 9.459232752461566029e-01
1.700000000000000000e+01 3.484108448028564453e-01 1.866354713805971260e+05 2.506497514801067528e+00
1.800000000000000000e+01 2.644979953765869141e-01 2.091920346614681766e+05 2.996028886845354400e+00
1.900000000000000000e+01 2.780876159667968750e-01 2.663965932018107851e+05 4.327464936561547404e+00
1.900000000000000000e+01 6.941306591033935547e-01 2.205575729046622291e+05 0.000000000000000000e+00
2.000000000000000000e+01 3.610005378723144531e-01 3.358450650088720722e+05 0.000000000000000000e+00
2.100000000000000000e+01 3.028249740600585938e-01 2.279140967345347453e+05 -6.168654585396593504e-01
2.200000000000000000e+01 3.243618011474609375e-01 3.047606774092891137e+05 6.712128466341068522e-01
2.300000000000000000e+01 4.475238323211669922e-01 2.927351950946868747e+05 3.591962987173541455e-01
2.400000000000000000e+01 3.815817832946777344e-01 2.320325691548031173e+05 -8.833308125075527428e-01
2.500000000000000000e+01 3.306229114532470703e-01 2.250343837229512574e+05 -9.078878482256332871e-01
2.600000000000000000e+01 4.030358791351318359e-01 2.094254145052397507e+05 -1.128653564362660289e+00
2.700000000000000000e+01 4.320104122161865234e-01 1.601269959809007996e+05 -2.015609229605419106e+00
2.800000000000000000e+01 4.687385559082031250e-01 2.315264664816219884e+05 -2.528138608971447487e-01
2.900000000000000000e+01 3.891186714172363281e-01 1.826764378097019217e+05 -1.182543250737399632e+00
3.000000000000000000e+01 3.954451084136962891e-01 1.889521079141124792e+05 -9.413303843962506079e-01
3.100000000000000000e+01 6.000242233276367188e-01 2.799383517173044966e+05 8.759617787206218642e-01
3.200000000000000000e+01 3.986372947692871094e-01 3.174859214352571871e+05 1.548167369185800890e+00
3.300000000000000000e+01 4.675018787384033203e-01 3.107800569587178179e+05 1.249700904896141829e+00
3.400000000000000000e+01 5.669951438903808594e-01 3.396647913135898998e+05 1.675748231613087169e+00
3.500000000000000000e+01 4.831821918487548828e-01 1.678834436992145784e+05 -1.489901754532845013e+00
3.600000000000000000e+01 4.509365558624267578e-01 1.229605323111352191e+05 -2.111358716397431667e+00
3.700000000000000000e+01 6.163973808288574219e-01 1.428242178139045427e+05 -1.522861550483598059e+00
3.800000000000000000e+01 4.737279415130615234e-01 2.031516754466082493e+05 -4.971404792013136009e-01
3.900000000000000000e+01 4.661486148834228516e-01 2.843112438274222659e+05 7.536537823361271204e-01
4.000000000000000000e+01 6.516678333282470703e-01 2.271411029235164169e+05 -1.544969728777922102e-01
4.100000000000000000e+01 5.773792266845703125e-01 2.326216161244641407e+05 -6.457331517964018386e-02
4.200000000000000000e+01 5.111749172210693359e-01 2.310825824126072403e+05 -8.806105160803176513e-02
4.300000000000000000e+01 6.979181766510009766e-01 2.507413050456196943e+05 2.381954111351336500e-01
4.400000000000000000e+01 4.919109344482421875e-01 2.548128896678328165e+05 3.018758244768640631e-01
4.500000000000000000e+01 6.549627780914306641e-01 2.986569233733884175e+05 1.047905600556474859e+00
4.600000000000000000e+01 5.605819225311279297e-01 2.874199183049825369e+05 8.154105388173487068e-01
4.700000000000000000e+01 5.796890258789062500e-01 3.073745674427104532e+05 1.135829210549154977e+00
4.800000000000000000e+01 6.756205558776855469e-01 2.471308704910196248e+05 5.707356720094103331e-02
4.900000000000000000e+01 6.494529247283935547e-01 2.641962333451642189e+05 3.544493461024116332e-01
5.000000000000000000e+01 7.868344783782958984e-01 2.647011472531111212e+05 3.571084784383219413e-01
5.100000000000000000e+01 6.039032936096191406e-01 2.821660441847238108e+05 6.652798249362643634e-01
5.200000000000000000e+01 6.801021099090576172e-01 2.654278295412821462e+05 3.469729753261954208e-01
5.300000000000000000e+01 7.209935188293457031e-01 2.440235391290587722e+05 -5.265985419009260732e-02
5.400000000000000000e+01 5.855453014373779297e-01 2.565440109539119585e+05 1.820205789891002068e-01
5.500000000000000000e+01 8.094627857208251953e-01 2.899578643027536455e+05 8.126105825765310708e-01
5.600000000000000000e+01 5.981519222259521484e-01 2.564368115000545513e+05 1.562470567605755423e-01
5.700000000000000000e+01 8.188500404357910156e-01 2.571970220517065027e+05 1.688547948450517255e-01
5.800000000000000000e+01 7.068426609039306641e-01 3.094722105444454937e+05 1.188728911837279023e+00
5.900000000000000000e+01 7.663912773132324219e-01 4.056555176798066823e+05 3.024923375868325159e+00
5.900000000000000000e+01 1.463546037673950195e+00 1.396165169503394864e+05 0.000000000000000000e+00
6.000000000000000000e+01 8.324520587921142578e-01 3.638797839462092961e+05 0.000000000000000000e+00
6.100000000000000000e+01 7.309455871582031250e-01 2.937505839254570310e+05 2.648691061706479055e-01
6.200000000000000000e+01 7.752251625061035156e-01 2.806807182888553361e+05 1.301538540543532019e-01
6.300000000000000000e+01 7.555327415466308594e-01 2.717706770396164502e+05 2.435678886534920276e-02
6.400000000000000000e+01 8.515081405639648438e-01 2.599905715164565190e+05 -1.222460483149281629e-01
6.500000000000000000e+01 7.070331573486328125e-01 3.026224049696320435e+05 4.710247829597795644e-01
6.600000000000000000e+01 8.804655075073242188e-01 3.267051091046237270e+05 7.892502195555076705e-01
6.700000000000000000e+01 7.683081626892089844e-01 3.594223622909070109e+05 1.213175608424855056e+00
6.800000000000000000e+01 8.767721652984619141e-01 3.829383692589395796e+05 1.410118695503206565e+00
6.900000000000000000e+01 7.250862121582031250e-01 3.451886412773823831e+05 6.751591401069876319e-01
7.000000000000000000e+01 9.091033935546875000e-01 3.229046205991766765e+05 3.030219566523298380e-01
7.100000000000000000e+01 8.325345516204833984e-01 2.983153023854217026e+05 -8.969881416806570196e-02
7.200000000000000000e+01 9.165132045745849609e-01 3.272758450403161696e+05 3.806081087802614116e-01
7.300000000000000000e+01 8.045675754547119141e-01 3.052118092892472632e+05 -2.499342978147968755e-03
7.400000000000000000e+01 9.472100734710693359e-01 3.679010371602043742e+05 1.083532651756347720e+00
7.500000000000000000e+01 9.897100925445556641e-01 3.621148674689793261e+05 9.125222988564207771e-01
7.600000000000000000e+01 8.475904464721679688e-01 3.320526510984920315e+05 3.421415777587893392e-01
7.700000000000000000e+01 1.007343053817749023e+00 3.525966789710016456e+05 6.987732143846270283e-01
7.800000000000000000e+01 8.984119892120361328e-01 3.456243476398998755e+05 5.457040465325851963e-01
7.900000000000000000e+01 1.009852886199951172e+00 3.303267994206525618e+05 2.457730932777965616e-01
8.000000000000000000e+01 1.024425029754638672e+00 3.607765718941040104e+05 8.162784395730396936e-01
8.100000000000000000e+01 9.282488822937011719e-01 2.996833322731967201e+05 -3.807882743299056405e-01
8.200000000000000000e+01 1.077353715896606445e+00 3.773739953866582364e+05 1.142143222225818100e+00
8.300000000000000000e+01 1.514527559280395508e+00 5.927458091901199659e+05 5.262311935819894870e+00
8.300000000000000000e+01 8.139610290527343750e-04 6.301261104632072966e+04 0.000000000000000000e+00
8.400000000000000000e+01 6.254634857177734375e-01 3.246155452292484697e+05 5.164137265598504278e+00
8.400000000000000000e+01 8.575916290283203125e-04 9.517931276814677403e+04 0.000000000000000000e+00
8.500000000000000000e+01 1.357846260070800781e-01 3.464451382817440317e+05 3.026304690987077883e+00
8.500000000000000000e+01 3.950428962707519531e-01 3.447995002800748916e+05 0.000000000000000000e+00
8.600000000000000000e+01 2.213268280029296875e-01 1.638662324672099203e+05 0.000000000000000000e+00
8.700000000000000000e+01 1.288280487060546875e-01 1.642156754724490456e+05 -7.043754590628753531e-01
8.800000000000000000e+01 1.874921321868896484e-01 1.934264017599798972e+05 -2.957748496978226393e-01
8.900000000000000000e+01 1.924905776977539062e-01 1.982784942712462216e+05 -2.113060459794343371e-01
9.000000000000000000e+01 2.528882026672363281e-01 2.855001649702018476e+05 9.621236520412485005e-01
9.100000000000000000e+01 1.749668121337890625e-01 2.159690364066612092e+05 -1.227397259110200034e-01
9.200000000000000000e+01 2.149209976196289062e-01 2.249520028981101932e+05 1.825657459498884055e-02
9.300000000000000000e+01 3.780083656311035156e-01 2.513237779689902964e+05 4.401088654119737487e-01
9.400000000000000000e+01 1.983547210693359375e-01 1.813939256771501678e+05 -7.710563114737385426e-01
9.500000000000000000e+01 2.059831619262695312e-01 2.293327665003647271e+05 1.210357493570980436e-01
9.600000000000000000e+01 2.402606010437011719e-01 2.177344469327224651e+05 -9.654399764551108154e-02
9.700000000000000000e+01 2.704730033874511719e-01 2.732116156836482696e+05 9.725215125025703511e-01
9.800000000000000000e+01 3.246066570281982422e-01 2.663842087474581203e+05 7.706966005148330190e-01
9.900000000000000000e+01 2.919385433197021484e-01 1.782404309511880274e+05 -1.003417794493663306e+00
1.000000000000000000e+02 2.487854957580566406e-01 1.709012553555103077e+05 -1.083048086676704935e+00
1.010000000000000000e+02 3.398084640502929688e-01 3.039171956008078996e+05 1.598312854887441903e+00
1.020000000000000000e+02 3.084759712219238281e-01 2.499256635412300238e+05 4.264401836502794696e-01
1.030000000000000000e+02 3.507413864135742188e-01 1.850769709022148745e+05 -8.380953754962985336e-01
1.040000000000000000e+02 3.646876811981201172e-01 2.415893975600849080e+05 2.990169304311411924e-01
1.050000000000000000e+02 3.578557968139648438e-01 2.568986133525304904e+05 5.967345451567386272e-01
1.060000000000000000e+02 3.047533035278320312e-01 2.580986999614567612e+05 6.023069095749244983e-01
1.070000000000000000e+02 3.469948768615722656e-01 2.712552516132704332e+05 8.554014147046968830e-01
1.080000000000000000e+02 5.530672073364257812e-01 1.739796389283635654e+05 -1.195952750344017490e+00
1.090000000000000000e+02 3.433856964111328125e-01 1.626298620643717295e+05 -1.370781924601951252e+00
1.100000000000000000e+02 4.434978961944580078e-01 1.550320985053537006e+05 -1.448394868886630604e+00
1.110000000000000000e+02 4.449512958526611328e-01 2.106519942864277982e+05 -2.604809221231462191e-01
1.120000000000000000e+02 4.836924076080322266e-01 1.687087016118981992e+05 -1.103926423841716353e+00
1.130000000000000000e+02 4.098448753356933594e-01 2.057340357522994454e+05 -3.145070603162207767e-01
1.140000000000000000e+02 3.746075630187988281e-01 2.162769583572389383e+05 -9.258822696129369312e-02
1.150000000000000000e+02 5.533962249755859375e-01 2.003718764101365232e+05 -4.228040283004732003e-01
1.160000000000000000e+02 3.929562568664550781e-01 2.077706959009918792e+05 -2.584354721408663735e-01
1.170000000000000000e+02 4.622814655303955078e-01 2.621117673697640130e+05 9.128579117058270853e-01
1.180000000000000000e+02 4.789729118347167969e-01 3.057361693953216309e+05 1.827605068593317617e+00
1.190000000000000000e+02 4.948689937591552734e-01 3.429076677408699761e+05 2.491352078225497646e+00
1.200000000000000000e+02 4.720416069030761719e-01 4.466766072714167531e+05 4.277769058154405890e+00
1.200000000000000000e+02 8.962671756744384766e-01 1.701908862616097613e+05 0.000000000000000000e+00
1.210000000000000000e+02 5.629167556762695312e-01 3.127891023207387188e+05 0.000000000000000000e+00
1.220000000000000000e+02 4.714002609252929688e-01 2.506627988484908128e+05 9.097101610707268582e-02
1.230000000000000000e+02 5.115301609039306641e-01 2.457449534785432625e+05 1.674731009764346759e-02
1.240000000000000000e+02 5.654015541076660156e-01 2.835825467651931685e+05 6.635205386393382421e-01
1.250000000000000000e+02 5.258579254150390625e-01 2.881118461815856863e+05 6.645909371070991556e-01
1.260000000000000000e+02 5.594537258148193359e-01 2.401555983711897570e+05 -3.675160684559831137e-01
1.270000000000000000e+02 6.088929176330566406e-01 2.398442834799188131e+05 -3.479027350311135192e-01
1.280000000000000000e+02 4.988317489624023438e-01 2.529258923015480104e+05 -2.227020530105820045e-02
1.290000000000000000e+02 6.871287822723388672e-01 2.923756057144696242e+05 9.578070825108330189e-01
1.300000000000000000e+02 5.534050464630126953e-01 3.052569875850052922e+05 1.193300439057205731e+00
1.310000000000000000e+02 5.893182754516601562e-01 4.228741915576045285e+05 3.974152318086478175e+00
1.310000000000000000e+02 1.275240898132324219e+00 2.590765083661981917e+05 0.000000000000000000e+00
1.320000000000000000e+02 5.436394214630126953e-01 4.735913975734318956e+05 0.000000000000000000e+00
1.330000000000000000e+02 6.351265907287597656e-01 3.559323518843390630e+05 -6.857372641982008299e-02
1.340000000000000000e+02 6.181371212005615234e-01 3.052761720101123792e+05 -5.360981890766892688e-01
1.350000000000000000e+02 6.088256835937500000e-01 2.656441051016080892e+05 -8.971686646229742879e-01
1.360000000000000000e+02 6.757171154022216797e-01 2.749026238183547975e+05 -6.469099350214893018e-01
1.370000000000000000e+02 6.222569942474365234e-01 2.853243326360257925e+05 -4.512268633478399016e-01
1.380000000000000000e+02 7.119307518005371094e-01 2.905765563264263328e+05 -3.476501093164789391e-01
1.390000000000000000e+02 8.683629035949707031e-01 6.806840783050181344e+05 5.147790832711513609e+00
1.390000000000000000e+02 7.729530334472656250e-04 3.991436594259658159e+04 0.000000000000000000e+00
1.400000000000000000e+02 5.062017440795898438e-01 2.840184556774288649e+05 7.941792084705877386e+00
1.400000000000000000e+02 7.150173187255859375e-04 5.339767280169378500e+04 0.000000000000000000e+00
1.410000000000000000e+02 5.895378589630126953e-01 3.324304539409645367e+05 6.682952049641808223e+00
1.410000000000000000e+02 7.057189941406250000e-04 5.784586789823431900e+04 0.000000000000000000e+00
1.420000000000000000e+02 3.930006027221679688e-01 3.288755727334806579e+05 5.919017059816135351e+00
1.420000000000000000e+02 6.804466247558593750e-04 6.207863948387195705e+04 0.000000000000000000e+00
1.430000000000000000e+02 1.129124164581298828e-01 1.519586147501862433e+05 1.340449045812577955e+00
1.440000000000000000e+02 1.478111743927001953e-01 1.197557832895337051e+05 1.526469840731224659e-01
1.450000000000000000e+02 1.522920131683349609e-01 1.324862854435813206e+05 4.769629473138904396e-01
1.460000000000000000e+02 2.454144954681396484e-01 1.228676028837618651e+05 1.420290455758930759e-01
1.470000000000000000e+02 2.191271781921386719e-01 1.244586840004292026e+05 1.847930133353675175e-01
1.480000000000000000e+02 3.073835372924804688e-01 1.141546607213185198e+05 -2.000702357763523842e-01
1.490000000000000000e+02 1.688282489776611328e-01 1.680118317991282674e+05 1.911581611829866301e+00
1.500000000000000000e+02 1.892032623291015625e-01 1.510187809982276522e+05 9.158280855199130155e-01
1.510000000000000000e+02 2.583243846893310547e-01 1.735285985148687032e+05 1.622011215387862748e+00
1.520000000000000000e+02 1.952655315399169922e-01 1.638764054907721584e+05 1.065647404485073890e+00
1.530000000000000000e+02 3.272018432617187500e-01 1.421231960602882027e+05 2.644039765844815038e-01
1.540000000000000000e+02 2.239365577697753906e-01 1.608691218948411697e+05 8.919202353451051168e-01
1.550000000000000000e+02 2.798962593078613281e-01 1.416766809488351573e+05 1.770625676138521953e-01
1.560000000000000000e+02 2.857801914215087891e-01 1.852381467294889735e+05 1.723180779370057314e+00
1.570000000000000000e+02 2.368619441986083984e-01 2.161909746561625798e+05 2.569676748957015366e+00
1.580000000000000000e+02 3.097221851348876953e-01 1.834814534299876541e+05 1.143653907565628236e+00
1.590000000000000000e+02 4.118144512176513672e-01 1.713497583037574950e+05 7.203223655884617438e-01
1.600000000000000000e+02 2.689826488494873047e-01 1.569363515681630233e+05 2.675404389550805617e-01
1.610000000000000000e+02 3.044047355651855469e-01 1.650014269949866284e+05 5.043407439544190796e-01
1.620000000000000000e+02 2.892584800720214844e-01 1.720545403539982799e+05 7.069723661146193328e-01
1.630000000000000000e+02 4.463579654693603516e-01 1.749268795691060950e+05 7.730087346665456272e-01
1.640000000000000000e+02 3.585016727447509766e-01 2.770725065399958403e+05 3.964869312794171652e+00
1.640000000000000000e+02 6.782922744750976562e-01 1.942412374121382891e+05 0.000000000000000000e+00
1.650000000000000000e+02 4.068779945373535156e-01 2.485946338891917549e+05 0.000000000000000000e+00
1.660000000000000000e+02 3.691082000732421875e-01 2.487262684643654211e+05 7.105317631297901615e-01
1.670000000000000000e+02 4.439716339111328125e-01 2.318956690933589998e+05 4.376189914757784571e-02
1.680000000000000000e+02 6.149353981018066406e-01 4.481619654133071308e+05 8.467435671300005851e+00
1.680000000000000000e+02 7.016658782958984375e-04 6.057405587095960072e+04 0.000000000000000000e+00
1.690000000000000000e+02 1.165022850036621094e-01 2.906656093088441412e+05 4.664806833984671997e+00
1.690000000000000000e+02 2.559268474578857422e-01 2.876879563788814121e+05 0.000000000000000000e+00
1.700000000000000000e+02 2.868309020996093750e-01 2.601059591157165414e+05 0.000000000000000000e+00
1.710000000000000000e+02 2.589151859283447266e-01 1.487030913712430629e+05 -6.419073356641602501e+00
1.720000000000000000e+02 1.451175212860107422e-01 1.176561909693503258e+05 -1.556160954629395743e+00
1.730000000000000000e+02 1.971585750579833984e-01 1.314955781725468987e+05 -8.680538686040797369e-01
1.740000000000000000e+02 1.624004840850830078e-01 1.765144057443330530e+05 -1.601640075786350259e-01
1.750000000000000000e+02 2.550861835479736328e-01 1.534286916561076068e+05 -4.756452909436021947e-01
1.760000000000000000e+02 1.756403446197509766e-01 1.906783825096010114e+05 1.285872655491444583e-01
1.770000000000000000e+02 1.881730556488037109e-01 2.050762211569503415e+05 3.577235694176151282e-01
1.780000000000000000e+02 3.641674518585205078e-01 1.939455912658902234e+05 1.434455903032143542e-01
1.790000000000000000e+02 2.505891323089599609e-01 2.038426075783795095e+05 3.192964085028029975e-01
1.800000000000000000e+02 2.365314960479736328e-01 2.020435531191602058e+05 2.696130503237815779e-01
1.810000000000000000e+02 4.594333171844482422e-01 4.639942006621811306e+05 5.554243537638523520e+00
1.810000000000000000e+02 6.880760192871093750e-04 6.224775658588086662e+04 0.000000000000000000e+00
1.820000000000000000e+02 4.181466102600097656e-01 5.019425097590144724e+05 9.282366211046216620e+00
1.820000000000000000e+02 6.866455078125000000e-04 1.194638590433363133e+05 0.000000000000000000e+00
1.830000000000000000e+02 1.691071987152099609e-01 3.762456928879235056e+05 2.332677425535895299e+00
1.840000000000000000e+02 2.006821632385253906e-01 2.021216216114384588e+05 -3.327576392954570417e-01
1.850000000000000000e+02 1.281757354736328125e-01 1.941343140273023746e+05 -3.741006348764698286e-01
1.860000000000000000e+02 1.492919921875000000e-01 2.768483321267677238e+05 5.365231337790152821e-01
1.870000000000000000e+02 1.538236141204833984e-01 2.832372459664124181e+05 5.589933702908777002e-01
1.880000000000000000e+02 1.608791351318359375e-01 3.152923309932101984e+05 9.047246686625259882e-01
1.890000000000000000e+02 2.430446147918701172e-01 3.090204085518816137e+05 7.296090322772063042e-01
1.900000000000000000e+02 1.866044998168945312e-01 3.032442420203272486e+05 5.961381515966314160e-01
1.910000000000000000e+02 3.017416000366210938e-01 2.471327132067090715e+05 -1.984650310610484025e-01
1.920000000000000000e+02 1.952641010284423828e-01 2.632222368860380957e+05 3.839217835962639713e-02
1.930000000000000000e+02 2.434272766113281250e-01 3.003680144881871529e+05 5.894225681570584019e-01
1.940000000000000000e+02 3.133239746093750000e-01 2.397865191964389232e+05 -3.675757577981106361e-01
1.950000000000000000e+02 2.263269424438476562e-01 2.486960065250060288e+05 -2.121403562106116969e-01
1.960000000000000000e+02 2.409195899963378906e-01 1.810531125025905203e+05 -1.316424367591506162e+00
1.970000000000000000e+02 3.613593578338623047e-01 2.001798274467532174e+05 -9.013446798586985942e-01
1.980000000000000000e+02 2.507536411285400391e-01 2.195852642681418511e+05 -5.399425704933329406e-01
1.990000000000000000e+02 3.071236610412597656e-01 3.113339307450719643e+05 9.994437298944726100e-01
2.000000000000000000e+02 2.793364524841308594e-01 3.562048947414914146e+05 1.693047758842336714e+00
2.010000000000000000e+02 3.479290008544921875e-01 3.843233910603520926e+05 1.986977138171687640e+00
2.020000000000000000e+02 3.989033699035644531e-01 3.973789295747503638e+05 1.968420462564228313e+00
2.030000000000000000e+02 3.046219348907470703e-01 4.228513870649571763e+05 2.125981831265035371e+00
2.040000000000000000e+02 3.695700168609619141e-01 3.768903429846460931e+05 1.294611681002391324e+00
2.050000000000000000e+02 3.143706321716308594e-01 3.293373689278759412e+05 6.110501778346891788e-01
2.060000000000000000e+02 3.895022869110107422e-01 3.456486056440437096e+05 8.079474413999842008e-01
2.070000000000000000e+02 4.506299495697021484e-01 3.942833709103174624e+05 1.423617618722780698e+00
2.080000000000000000e+02 3.620300292968750000e-01 3.379246183628464933e+05 6.170216705710139804e-01
2.090000000000000000e+02 4.511926174163818359e-01 2.973571993351081619e+05 7.075640783669957801e-02
2.100000000000000000e+02 4.766132831573486328e-01 2.783955659341606661e+05 -1.833184470993238502e-01
2.110000000000000000e+02 3.643398284912109375e-01 2.741351307482121629e+05 -2.380316042401545984e-01
2.120000000000000000e+02 4.412336349487304688e-01 2.724175859054222237e+05 -2.577438736472019709e-01
2.130000000000000000e+02 3.808922767639160156e-01 3.004926168995098560e+05 1.394053225884212266e-01
2.140000000000000000e+02 5.070517063140869141e-01 3.323523674495207379e+05 5.902226399241288224e-01
2.150000000000000000e+02 4.646904468536376953e-01 3.112393362557229702e+05 2.754956513831556264e-01
2.160000000000000000e+02 4.493882656097412109e-01 2.898080085050983471e+05 -4.070531996908544753e-02
2.170000000000000000e+02 5.708191394805908203e-01 4.381838230241491692e+05 2.151767059551019656e+00
2.180000000000000000e+02 4.223887920379638672e-01 3.996635048993239761e+05 1.455358574984326303e+00
2.190000000000000000e+02 4.278452396392822266e-01 3.114038463829501998e+05 1.699818339667203970e-01
2.200000000000000000e+02 5.519988536834716797e-01 3.970607662367892335e+05 1.374284901606625198e+00
2.210000000000000000e+02 5.176081657409667969e-01 3.432751686392664560e+05 5.761599981766220013e-01
2.220000000000000000e+02 4.789586067199707031e-01 3.012164542865281692e+05 -2.421807983519912860e-02
2.230000000000000000e+02 6.208052635192871094e-01 2.678746740923600737e+05 -4.983735003191973045e-01
2.240000000000000000e+02 4.758329391479492188e-01 2.691689097182139521e+05 -4.726481280371102600e-01
2.250000000000000000e+02 5.146820545196533203e-01 3.030965536998109310e+05 2.551474259577355894e-02
2.260000000000000000e+02 6.139297485351562500e-01 2.494276543209194206e+05 -7.615165101091260214e-01
2.270000000000000000e+02 5.650165081024169922e-01 2.769627406503783423e+05 -3.429675532565638063e-01
2.280000000000000000e+02 5.102100372314453125e-01 2.929795664075874956e+05 -1.007100240059439350e-01
2.290000000000000000e+02 6.773121356964111328e-01 3.338652043837793171e+05 5.149790726038795396e-01
2.300000000000000000e+02 5.592927932739257812e-01 3.657320816646776511e+05 9.912062206634136841e-01
2.310000000000000000e+02 7.303566932678222656e-01 5.101485809665160486e+05 3.160574319979428726e+00
2.310000000000000000e+02 1.261182069778442383e+00 3.548493159245972638e+05 0.000000000000000000e+00
2.320000000000000000e+02 6.031768321990966797e-01 6.735365974410293857e+05 0.000000000000000000e+00
2.330000000000000000e+02 7.016062736511230469e-01 5.537743752429046435e+05 1.756473577460950231e-01
2.340000000000000000e+02 5.604684352874755859e-01 4.680045485711158835e+05 -3.688932252085314611e-01
2.350000000000000000e+02 7.541821002960205078e-01 4.514397406313845422e+05 -4.534546321648375011e-01
2.360000000000000000e+02 5.893714427947998047e-01 4.862662001210273593e+05 -1.172686458155550865e-01
2.370000000000000000e+02 6.486463546752929688e-01 5.491157802283976926e+05 4.763559184413264647e-01
2.380000000000000000e+02 7.648518085479736328e-01 6.297488928502373165e+05 1.246077414411431716e+00
2.390000000000000000e+02 6.029677391052246094e-01 5.391427354970049346e+05 1.786974813596270695e-01
2.400000000000000000e+02 7.181439399719238281e-01 4.737827781728467671e+05 -5.114242417625689541e-01
2.410000000000000000e+02 9.239504337310791016e-01 1.123993355829594890e+06 6.599888125661499849e+00
2.410000000000000000e+02 7.648468017578125000e-04 5.994520029864912067e+04 0.000000000000000000e+00
2.420000000000000000e+02 5.529961585998535156e-01 9.158682016811313806e+05 1.948563443698683884e+01
2.420000000000000000e+02 7.097721099853515625e-04 7.198334336722265289e+04 0.000000000000000000e+00
2.430000000000000000e+02 4.289274215698242188e-01 8.429088382799986284e+05 1.443880391822229470e+01
2.430000000000000000e+02 7.023811340332031250e-04 7.641143479885991837e+04 0.000000000000000000e+00
2.440000000000000000e+02 4.276182651519775391e-01 7.992311380985486321e+05 1.267075256993989285e+01
2.440000000000000000e+02 7.157325744628906250e-04 1.031530495485242864e+05 0.000000000000000000e+00
2.450000000000000000e+02 1.718838214874267578e-01 2.313322806611493288e+05 1.050212152644459662e+00
2.460000000000000000e+02 1.277606487274169922e-01 2.559269111307776184e+05 1.113640839868833776e+00
2.470000000000000000e+02 1.640739440917968750e-01 1.965947478993664263e+05 -3.849551507551458862e-02
2.480000000000000000e+02 2.004904747009277344e-01 2.612233928459074814e+05 1.075629323976554197e+00
2.490000000000000000e+02 1.601076126098632812e-01 2.464288256684223015e+05 6.443036614810978557e-01
2.500000000000000000e+02 1.607849597930908203e-01 3.342634033701102599e+05 2.188702126080303678e+00
2.510000000000000000e+02 1.679794788360595703e-01 2.252804948997757747e+05 -6.240744011640346478e-02
2.520000000000000000e+02 1.738026142120361328e-01 2.316466010165781190e+05 4.369662017025967987e-02
2.530000000000000000e+02 1.824324131011962891e-01 2.534598768792688788e+05 4.159498349112504823e-01
2.540000000000000000e+02 2.541306018829345703e-01 1.839287706746611511e+05 -8.514473822213272092e-01
2.550000000000000000e+02 2.900061607360839844e-01 2.473775100674682180e+05 3.626299707985887188e-01
2.560000000000000000e+02 2.259953022003173828e-01 2.987738382776657818e+05 1.319818602838004784e+00
2.570000000000000000e+02 2.238252162933349609e-01 2.372906528677002352e+05 6.121355550755812336e-02
2.580000000000000000e+02 2.975020408630371094e-01 2.721213693749259110e+05 7.271693540563525238e-01
2.590000000000000000e+02 2.594392299652099609e-01 2.601677394252036756e+05 4.603108927746215606e-01
2.600000000000000000e+02 2.466111183166503906e-01 3.197223370089808595e+05 1.636366115432733581e+00
2.610000000000000000e+02 3.690140247344970703e-01 3.403278361871709349e+05 1.875320559413706567e+00
2.620000000000000000e+02 3.252730369567871094e-01 3.081685896380883642e+05 1.091590095608920619e+00
2.630000000000000000e+02 2.819452285766601562e-01 3.347012621582052088e+05 1.510340462187751420e+00
2.640000000000000000e+02 2.985043525695800781e-01 3.493897298214475159e+05 1.654627623281651028e+00
2.650000000000000000e+02 3.715071678161621094e-01 3.610921659805889940e+05 1.719044243640109215e+00
2.660000000000000000e+02 4.446296691894531250e-01 3.939914075872454559e+05 2.112224368462848556e+00
2.670000000000000000e+02 3.086616992950439453e-01 4.487540347469495027e+05 2.722676075665964035e+00
2.680000000000000000e+02 3.711433410644531250e-01 4.876808906377159292e+05 2.859240860238598358e+00
2.690000000000000000e+02 3.529620170593261719e-01 4.640242295966558740e+05 2.152209347063816836e+00
2.700000000000000000e+02 4.443821907043457031e-01 3.670501664217620273e+05 8.566682986665740129e-01
2.710000000000000000e+02 4.211695194244384766e-01 3.488039483837963198e+05 6.243139600347850093e-01
2.720000000000000000e+02 4.013054370880126953e-01 3.338538652336212108e+05 4.386932429871421291e-01
2.730000000000000000e+02 7.153511047363281250e-01 2.918837548082232825e+05 -5.656191824273851948e-02
2.740000000000000000e+02 4.335870742797851562e-01 2.989835488398130401e+05 2.806658379505948958e-02
2.750000000000000000e+02 4.431638717651367188e-01 3.168303726439734455e+05 2.416050694632174423e-01
2.760000000000000000e+02 4.029295444488525391e-01 4.052630732546888757e+05 1.314022153895436640e+00
2.770000000000000000e+02 5.467290878295898438e-01 4.627171338930262718e+05 1.954662650519226608e+00
2.780000000000000000e+02 4.400744438171386719e-01 3.415872761855547433e+05 4.230144556432102743e-01
2.790000000000000000e+02 4.244570732116699219e-01 3.162558743694834411e+05 1.189943577789773499e-01
2.800000000000000000e+02 5.593123435974121094e-01 2.818069102906213375e+05 -2.924409627046368754e-01
2.810000000000000000e+02 4.818921089172363281e-01 2.946642584073471953e+05 -1.334451096824062488e-01
2.820000000000000000e+02 5.008704662322998047e-01 2.840910426183809177e+05 -2.607946578129862192e-01
2.830000000000000000e+02 5.509464740753173828e-01 3.114598173746214597e+05 8.076125539994881419e-02
2.840000000000000000e+02 5.560798645019531250e-01 3.519569267104688333e+05 5.864547466736440562e-01
2.850000000000000000e+02 4.796576499938964844e-01 3.699838134744286072e+05 8.045731427793995083e-01
2.860000000000000000e+02 6.155250072479248047e-01 4.706581368748086388e+05 2.064802931181515255e+00
2.870000000000000000e+02 4.781112670898437500e-01 5.123781898274504347e+05 2.457561328081849350e+00
2.880000000000000000e+02 6.477832794189453125e-01 4.677932065322208800e+05 1.762168311149843625e+00
2.890000000000000000e+02 6.031022071838378906e-01 3.562897243473085109e+05 4.212415424567075295e-01
2.900000000000000000e+02 5.002048015594482422e-01 2.785569572954500327e+05 -4.737752966086576922e-01
2.910000000000000000e+02 5.743038654327392578e-01 2.592910006647750270e+05 -6.901953112244526567e-01
2.920000000000000000e+02 6.228883266448974609e-01 3.244908404248857405e+05 7.693526021330111819e-02
2.930000000000000000e+02 5.438387393951416016e-01 3.116301427319966606e+05 -7.465026399849758465e-02
2.940000000000000000e+02 7.025549411773681641e-01 2.782163097519467119e+05 -4.697417420231387308e-01
2.950000000000000000e+02 6.373546123504638672e-01 2.809828974893280538e+05 -4.312614453128140179e-01
2.960000000000000000e+02 6.100053787231445312e-01 2.670336299023869215e+05 -5.943405412670548227e-01
2.970000000000000000e+02 6.553256511688232422e-01 3.266203610432274872e+05 1.344990059899187629e-01
2.980000000000000000e+02 5.803816318511962891e-01 3.720899175711110584e+05 6.888822001011926099e-01
2.990000000000000000e+02 7.253837585449218750e-01 3.636864890746009187e+05 5.767018329762828577e-01
