1.721236947686760686e+05
1.000000000000000000e+00 4.668383598327636719e-01 6.176902390359780838e+03 0.000000000000000000e+00
2.000000000000000000e+00 4.538311958312988281e-01 6.882720112084047287e+03 1.396921609757766775e-02
3.000000000000000000e+00 4.386346340179443359e-01 7.832727368843467048e+03 1.385637214600937916e+00
4.000000000000000000e+00 3.973219394683837891e-01 9.682249528190241108e+03 3.465758283167222231e+00
4.000000000000000000e+00 8.139703273773193359e-01 8.688356102559351712e+03 0.000000000000000000e+00
5.000000000000000000e+00 4.458987712860107422e-01 9.907231103611853541e+03 0.000000000000000000e+00
6.000000000000000000e+00 4.082791805267333984e-01 9.219751150550504462e+03 -9.054964185883873640e-02
7.000000000000000000e+00 4.429926872253417969e-01 9.099773673917477936e+03 -2.814687170932635429e-01
8.000000000000000000e+00 4.448449611663818359e-01 8.953515631257279892e+03 -5.436536104028175664e-01
9.000000000000000000e+00 4.123096466064453125e-01 8.746592486147461386e+03 -9.378520106970921200e-01
1.000000000000000000e+01 4.223592281341552734e-01 8.438465643957630164e+03 -1.498662090100756794e+00
1.100000000000000000e+01 4.385018348693847656e-01 8.226674527874507476e+03 -1.640585750331485571e+00
1.200000000000000000e+01 4.082148075103759766e-01 9.243017114001333539e+03 6.402244294751548992e-01
1.300000000000000000e+01 4.104702472686767578e-01 9.073517732112153681e+03 2.534602157562891867e-01
1.400000000000000000e+01 4.218924045562744141e-01 8.690129097122506209e+03 -5.709144522191889060e-01
1.500000000000000000e+01 4.210007190704345703e-01 8.337110704529508439e+03 -1.313753826943055536e+00
1.600000000000000000e+01 4.560232162475585938e-01 8.237588202121729410e+03 -1.386671455624043370e+00
1.700000000000000000e+01 5.157113075256347656e-01 7.856005508760805242e+03 -2.032275494093519264e+00
1.800000000000000000e+01 4.247310161590576172e-01 7.719015614963055668e+03 -1.967379473421662084e+00
1.900000000000000000e+01 4.734456539154052734e-01 9.521409691015180215e+03 1.424831438638657799e+00
2.000000000000000000e+01 4.360406398773193359e-01 1.141144376392637423e+04 4.465048117353620505e+00
2.000000000000000000e+01 8.751401901245117188e-01 9.076425375599335894e+03 0.000000000000000000e+00
2.100000000000000000e+01 4.410250186920166016e-01 1.178670697228312565e+04 0.000000000000000000e+00
2.200000000000000000e+01 4.023809432983398438e-01 1.248386915604065143e+04 1.070883082752368320e+00
2.300000000000000000e+01 4.021840095520019531e-01 1.327517228263331344e+04 1.199653032354560001e+00
2.400000000000000000e+01 4.099254608154296875e-01 1.257993318142823773e+04 5.068574473597755592e-01
2.500000000000000000e+01 2.043010449409484863e+01 2.637736529343524307e+04 8.903983372178950972e+00
2.500000000000000000e+01 4.871697425842285156e-01 5.527680250365780012e+03 0.000000000000000000e+00
2.600000000000000000e+01 2.253725647926330566e+01 2.036639619274547658e+04 6.885630997930325847e+00
2.600000000000000000e+01 3.745591640472412109e-01 3.893565657034086144e+03 0.000000000000000000e+00
2.700000000000000000e+01 5.425019264221191406e-01 3.256815710320516700e+03 -1.169665006630024262e+00
2.800000000000000000e+01 4.811129570007324219e-01 3.619278823731191096e+03 -5.282112379888427300e-01
2.900000000000000000e+01 4.504218101501464844e-01 4.393421660656188578e+03 2.085784107256526410e-01
3.000000000000000000e+01 4.419870376586914062e-01 6.263930150434182906e+03 2.050749899251303798e+00
3.100000000000000000e+01 5.509119033813476562e-01 6.653183771299249202e+03 1.710728418379707794e+00
3.200000000000000000e+01 3.986816406250000000e-01 6.903751905661051751e+03 1.492511598210342960e+00
3.300000000000000000e+01 4.382658004760742188e-01 6.248874101055977917e+03 7.798167828765683041e-01
3.400000000000000000e+01 4.257781505584716797e-01 5.902647331601920996e+03 4.712737343664177847e-01
3.500000000000000000e+01 4.249942302703857422e-01 5.530961480058432244e+03 1.713932384784535023e-01
3.600000000000000000e+01 4.215354919433593750e-01 5.143014269194910412e+03 -1.358766595687603551e-01
3.700000000000000000e+01 4.231801033020019531e-01 4.969897733424780199e+03 -2.707501695019123855e-01
3.800000000000000000e+01 4.097573757171630859e-01 4.914910325142524016e+03 -3.066160559312643974e-01
3.900000000000000000e+01 2.141261863708496094e+01 1.930259022342355820e+04 1.228979770504028934e+01
3.900000000000000000e+01 4.068763256072998047e-01 3.050196477146885627e+03 0.000000000000000000e+00
4.000000000000000000e+01 2.125197005271911621e+01 1.656178496828577045e+04 1.182210032828232116e+01
4.000000000000000000e+01 4.327313899993896484e-01 3.817318678805400850e+03 0.000000000000000000e+00
