2.244779708232244593e+05
1.000000000000000000e+00 3.981733322143554688e-02 1.453767372033364154e+04 0.000000000000000000e+00
2.000000000000000000e+00 4.188084602355957031e-02 1.491053500931097551e+04 -6.256744985999613817e-01
3.000000000000000000e+00 3.640127182006835938e-02 1.529934129838120862e+04 -4.183722756021169831e-01
4.000000000000000000e+00 3.813529014587402344e-02 1.563284445977596988e+04 -2.634452623396159043e-01
5.000000000000000000e+00 3.673410415649414062e-02 1.631022243210815031e+04 1.177289386965475748e-02
6.000000000000000000e+00 5.624270439147949219e-02 1.642756545339922741e+04 5.995147053792635600e-02
7.000000000000000000e+00 3.645515441894531250e-02 1.653261356105862433e+04 1.042953846765376363e-01
8.000000000000000000e+00 3.746438026428222656e-02 1.652486875691988462e+04 9.467125819064546588e-02
9.000000000000000000e+00 5.412197113037109375e-02 1.643061016865419515e+04 4.022433522576260301e-02
1.000000000000000000e+01 4.183506965637207031e-02 1.631837672494094113e+04 -2.435087209610022063e-02
1.100000000000000000e+01 3.973102569580078125e-02 1.622934223367974118e+04 -7.580050858407859360e-02
1.200000000000000000e+01 1.331672668457031250e-01 1.583131279359206746e+04 -3.187918685503377536e-01
1.300000000000000000e+01 3.663659095764160156e-02 1.518432574190124797e+04 -7.218214331626701119e-01
1.400000000000000000e+01 5.841994285583496094e-02 1.513429241455608098e+04 -7.167902786086413069e-01
1.500000000000000000e+01 4.117512702941894531e-02 1.499199444283648882e+04 -7.768974797847063574e-01
1.600000000000000000e+01 3.983259201049804688e-02 1.467602062544843830e+04 -9.534104286870828115e-01
1.700000000000000000e+01 3.835535049438476562e-02 1.477781836746505542e+04 -8.320532017662636282e-01
1.800000000000000000e+01 3.998827934265136719e-02 1.484491152363057881e+04 -7.477705459774012242e-01
1.900000000000000000e+01 3.805255889892578125e-02 1.554043817821991615e+04 -2.327231595974879330e-01
2.000000000000000000e+01 3.936076164245605469e-02 1.697325133346801158e+04 7.984882764774237085e-01
2.100000000000000000e+01 3.846955299377441406e-02 1.874495966860240151e+04 2.048500201241549412e+00
2.200000000000000000e+01 4.309296607971191406e-02 1.986024099391195341e+04 2.582776659763953653e+00
2.300000000000000000e+01 3.821086883544921875e-02 1.941406692275603928e+04 1.944129319358860242e+00
2.400000000000000000e+01 3.979372978210449219e-02 1.883584163503549280e+04 1.433269578648377118e+00
2.500000000000000000e+01 1.404767990112304688e+00 3.266339983290264354e+04 9.130951226359599104e+00
2.500000000000000000e+01 3.850245475769042969e-02 1.596187731387220265e+04 0.000000000000000000e+00
2.600000000000000000e+01 4.170179367065429688e-02 1.673770954277447163e+04 -5.696301625326521956e-01
2.700000000000000000e+01 4.083609580993652344e-02 9.718587871404237376e+03 -2.081865470526617301e+00
2.800000000000000000e+01 4.199028015136718750e-02 9.043836736559936980e+03 -1.296128140768906700e+00
2.900000000000000000e+01 4.125332832336425781e-02 9.346310621240543696e+03 -9.451526035668020853e-01
3.000000000000000000e+01 5.692744255065917969e-02 1.021507654289281527e+04 -6.615719004275998349e-01
3.100000000000000000e+01 4.136443138122558594e-02 1.096126636418833550e+04 -4.657272722212891236e-01
3.200000000000000000e+01 4.206609725952148438e-02 1.154968201127999237e+04 -3.215049592055231886e-01
3.300000000000000000e+01 4.067254066467285156e-02 1.129203874577002352e+04 -3.555474981370735921e-01
3.400000000000000000e+01 4.485177993774414062e-02 1.122964520104036274e+04 -3.502831920032479784e-01
3.500000000000000000e+01 4.067707061767578125e-02 1.120862306345398247e+04 -3.382866289975511309e-01
3.600000000000000000e+01 4.184079170227050781e-02 1.115076748808993580e+04 -3.369861792529310618e-01
3.700000000000000000e+01 4.113960266113281250e-02 1.113817686948339360e+04 -3.264009274123547688e-01
3.800000000000000000e+01 4.092907905578613281e-02 1.112014766048452657e+04 -3.186855716744871891e-01
3.900000000000000000e+01 9.853792190551757812e-02 2.530719177027992919e+04 3.366350154046302556e+00
3.900000000000000000e+01 1.484372615814208984e-01 2.183843965034724897e+04 0.000000000000000000e+00
4.000000000000000000e+01 4.209995269775390625e-02 2.383669264148514048e+04 0.000000000000000000e+00
