2.304015227622317907e+05
1.000000000000000000e+00 3.621029853820800781e-02 1.453924966015354039e+04 0.000000000000000000e+00
2.000000000000000000e+00 3.626275062561035156e-02 1.491587290565089279e+04 -6.248328485014580380e-01
3.000000000000000000e+00 3.140044212341308594e-02 1.530158709860203817e+04 -4.186067360843287455e-01
4.000000000000000000e+00 3.544735908508300781e-02 1.566343240842163686e+04 -2.543346911725865578e-01
5.000000000000000000e+00 3.080630302429199219e-02 1.634543331114386638e+04 2.197584891267420279e-02
6.000000000000000000e+00 3.129243850708007812e-02 1.645320685012431932e+04 6.551016108248593206e-02
7.000000000000000000e+00 3.398156166076660156e-02 1.654877801352761526e+04 1.052213529745208570e-01
8.000000000000000000e+00 3.151273727416992188e-02 1.653209610281015921e+04 9.112679858899226659e-02
9.000000000000000000e+00 3.401756286621093750e-02 1.642999023945350200e+04 3.266925755076532240e-02
1.000000000000000000e+01 5.267572402954101562e-02 1.631124313317207998e+04 -3.527377871289363864e-02
1.100000000000000000e+01 4.684185981750488281e-02 1.622005815877827627e+04 -8.758904757176443068e-02
1.200000000000000000e+01 5.468058586120605469e-02 1.582255532957952528e+04 -3.300224374100451108e-01
1.300000000000000000e+01 4.592251777648925781e-02 1.517947916849020839e+04 -7.302602723083575498e-01
1.400000000000000000e+01 3.266143798828125000e-02 1.513131695380044948e+04 -7.232504969000126405e-01
1.500000000000000000e+01 3.078269958496093750e-02 1.498989686340433946e+04 -7.822215599990495205e-01
1.600000000000000000e+01 3.036260604858398438e-02 1.467594933144123934e+04 -9.568174198474818093e-01
1.700000000000000000e+01 3.010201454162597656e-02 1.477695580936227270e+04 -8.356795749908154658e-01
1.800000000000000000e+01 3.359627723693847656e-02 1.484641718070660681e+04 -7.495006013820445512e-01
1.900000000000000000e+01 3.016281127929687500e-02 1.555074593885644208e+04 -2.286041678548856593e-01
2.000000000000000000e+01 3.254318237304687500e-02 1.700425393508046182e+04 8.164846426126912693e-01
2.100000000000000000e+01 3.009104728698730469e-02 1.879135866475724470e+04 2.074460618147283331e+00
2.200000000000000000e+01 3.003549575805664062e-02 1.992488529411778654e+04 2.611594468784132150e+00
2.300000000000000000e+01 2.994751930236816406e-02 1.944607868261227122e+04 1.945032621649606108e+00
2.400000000000000000e+01 3.042650222778320312e-02 1.882574211573325738e+04 1.412030603523674266e+00
2.500000000000000000e+01 1.417199850082397461e+00 3.300566402400610241e+04 9.270027038205636671e+00
2.500000000000000000e+01 1.632666587829589844e-02 1.596169329583842591e+04 0.000000000000000000e+00
2.600000000000000000e+01 2.997159957885742188e-02 2.100257889707776121e+04 1.861429074918568016e-01
2.700000000000000000e+01 3.061866760253906250e-02 1.016845161153348818e+04 -2.510702474270776197e+00
2.800000000000000000e+01 3.110432624816894531e-02 9.311883396789286053e+03 -1.399141494366459071e+00
2.900000000000000000e+01 3.082633018493652344e-02 9.514163530628364242e+03 -1.016312165586103378e+00
3.000000000000000000e+01 3.123998641967773438e-02 1.034088627995613388e+04 -7.291354867125264816e-01
3.100000000000000000e+01 3.087162971496582031e-02 1.103020928746493519e+04 -5.418777476985136010e-01
3.200000000000000000e+01 3.106451034545898438e-02 1.154574785924999560e+04 -4.116986708286787811e-01
3.300000000000000000e+01 3.078818321228027344e-02 1.124267005200411040e+04 -4.429234878357353744e-01
3.400000000000000000e+01 3.110885620117187500e-02 1.115593150564895950e+04 -4.349901447386651521e-01
3.500000000000000000e+01 3.365898132324218750e-02 1.111033961912203995e+04 -4.221118694375870506e-01
3.600000000000000000e+01 3.126382827758789062e-02 1.103773737941927538e+04 -4.177939541725567696e-01
3.700000000000000000e+01 3.076362609863281250e-02 1.101084703175755567e+04 -4.057417167541166880e-01
3.800000000000000000e+01 5.496644973754882812e-02 1.097903155563752443e+04 -3.968353548347926529e-01
3.900000000000000000e+01 2.992391586303710938e-02 2.526344107350562990e+04 2.937471521031884691e+00
4.000000000000000000e+01 6.764507293701171875e-02 2.451070064235570317e+04 2.125176984307932671e+00
