7.911118964187731763e+03
1.000000000000000000e+00 2.654480934143066406e-02 9.592140767481056596e-01 0.000000000000000000e+00
2.000000000000000000e+00 2.719378471374511719e-02 1.292073537604790712e+00 1.210100835857411461e+00
3.000000000000000000e+00 2.724027633666992188e-02 1.890817751677565939e+00 1.721777004122436727e+00
4.000000000000000000e+00 3.745698928833007812e-02 2.394963293964069262e+00 1.734277838737083632e+00
5.000000000000000000e+00 2.989244461059570312e-02 2.886244968566544777e+00 1.734852759430684843e+00
6.000000000000000000e+00 2.944469451904296875e-02 1.682848836088049582e+00 1.047178536715038660e-01
7.000000000000000000e+00 9.333395957946777344e-02 1.186919801424166421e+00 -4.260597988214030463e-01
8.000000000000000000e+00 1.013462543487548828e-01 1.188054899157617417e+00 -3.961668190988537064e-01
9.000000000000000000e+00 7.040619850158691406e-02 9.617706804412592403e-01 -6.427382505262974055e-01
1.000000000000000000e+01 4.136323928833007812e-02 9.178655963108202087e-01 -6.540865786305066765e-01
1.100000000000000000e+01 9.865999221801757812e-02 1.112994213233818641e+00 -3.645603173930592744e-01
1.200000000000000000e+01 1.071743965148925781e-01 1.514561636597374195e+00 1.860579444837823782e-01
1.300000000000000000e+01 7.845687866210937500e-02 1.784718658136104530e+00 5.541093368184083490e-01
1.400000000000000000e+01 7.317209243774414062e-02 1.865948630667738195e+00 6.452731807998723923e-01
1.500000000000000000e+01 3.898859024047851562e-02 2.122783203875242997e+00 9.908523673386410158e-01
1.600000000000000000e+01 4.862380027770996094e-02 2.429100796257918304e+00 1.379838425761037435e+00
1.700000000000000000e+01 7.665753364562988281e-02 2.893637063291594647e+00 1.931514768090951240e+00
1.800000000000000000e+01 9.960985183715820312e-02 3.468241089656585174e+00 2.468463552001956440e+00
1.800000000000000000e+01 1.661334037780761719e-01 2.006279691692490097e+00 0.000000000000000000e+00
1.900000000000000000e+01 3.301095962524414062e-02 4.199425482875907889e+00 0.000000000000000000e+00
2.000000000000000000e+01 3.975701332092285156e-02 4.613455713344031039e+00 9.740872844956907084e-01
2.100000000000000000e+01 3.362488746643066406e-02 4.887156042837892400e+00 9.141094870847537024e-01
2.200000000000000000e+01 3.659605979919433594e-02 4.466649450566511526e+00 4.119393120524687535e-01
2.300000000000000000e+01 3.433418273925781250e-02 4.623161838526966605e+00 5.070362290021590557e-01
2.400000000000000000e+01 3.442406654357910156e-02 4.323214161489947749e+00 1.787812345955265003e-01
2.500000000000000000e+01 3.715920448303222656e-02 4.065479073791302689e+00 -9.679826017905067415e-02
2.600000000000000000e+01 3.535628318786621094e-02 3.958593327352672109e+00 -2.096906077465369167e-01
2.700000000000000000e+01 3.600263595581054688e-02 3.861928536518287380e+00 -3.127329964872055945e-01
2.800000000000000000e+01 3.875088691711425781e-02 3.613536024497135291e+00 -6.059862631212731277e-01
2.900000000000000000e+01 3.635811805725097656e-02 3.462505104157565405e+00 -7.647398822447015743e-01
3.000000000000000000e+01 6.860756874084472656e-02 3.529316451523795362e+00 -6.283533000316496864e-01
3.100000000000000000e+01 6.642198562622070312e-02 3.592303808289598610e+00 -5.108374280873027029e-01
3.200000000000000000e+01 4.729890823364257812e-02 3.698863065953137852e+00 -3.403134707206290632e-01
3.300000000000000000e+01 3.798937797546386719e-02 3.646794463292270194e+00 -4.032415060200748025e-01
3.400000000000000000e+01 1.134629249572753906e-01 3.548087318755185571e+00 -5.355436467064559336e-01
3.500000000000000000e+01 3.823542594909667969e-02 3.536315429219293094e+00 -5.338157438307453706e-01
3.600000000000000000e+01 4.072237014770507812e-02 3.443473103322767237e+00 -6.593955945786429407e-01
3.700000000000000000e+01 4.182863235473632812e-02 3.315424235651899476e+00 -8.371352297087060190e-01
3.800000000000000000e+01 4.618167877197265625e-02 3.324194643265149907e+00 -7.884096677117236052e-01
3.900000000000000000e+01 1.042666435241699219e-01 3.261351209479887103e+00 -8.596927692714009250e-01
4.000000000000000000e+01 6.236410140991210938e-02 3.230294073478014560e+00 -8.767233748742396804e-01
4.100000000000000000e+01 4.104113578796386719e-02 3.266805339703319877e+00 -7.842145338184953740e-01
4.200000000000000000e+01 4.071187973022460938e-02 3.123157839715569928e+00 -9.944818309462211126e-01
4.300000000000000000e+01 6.306457519531250000e-02 3.190604761971638670e+00 -8.447165428115265273e-01
4.400000000000000000e+01 6.937074661254882812e-02 3.302117703503260948e+00 -6.327019357927384791e-01
4.500000000000000000e+01 4.153585433959960938e-02 3.375184091240676310e+00 -4.941399853347611670e-01
4.600000000000000000e+01 4.168438911437988281e-02 3.409907201149109390e+00 -4.243475732476162388e-01
4.700000000000000000e+01 4.192376136779785156e-02 3.526685066615840025e+00 -2.143504544214301366e-01
4.800000000000000000e+01 4.246735572814941406e-02 3.718357157760996845e+00 1.256878494909665356e-01
4.900000000000000000e+01 5.044627189636230469e-02 3.629068593985564917e+00 -3.566255861230323287e-02
5.000000000000000000e+01 5.518603324890136719e-02 3.770883517019624875e+00 2.221399708420026264e-01
5.100000000000000000e+01 7.253670692443847656e-02 3.668532777976121650e+00 3.019234015306148863e-02
5.200000000000000000e+01 4.885745048522949219e-02 3.778877151296843984e+00 2.361218677423813084e-01
5.300000000000000000e+01 4.468154907226562500e-02 3.963257601954806031e+00 5.823571161611658109e-01
5.400000000000000000e+01 5.705475807189941406e-02 4.025677729069674804e+00 6.912264763497995013e-01
5.500000000000000000e+01 4.293251037597656250e-02 4.192856987318341666e+00 1.000183407987654816e+00
5.600000000000000000e+01 4.323363304138183594e-02 4.103753066101360147e+00 8.022121426810049361e-01
5.700000000000000000e+01 4.338598251342773438e-02 4.251216201916205861e+00 1.071554102334822289e+00
5.800000000000000000e+01 4.372715950012207031e-02 4.363988650722864016e+00 1.261588218274059869e+00
5.900000000000000000e+01 4.386925697326660156e-02 4.466316547353401667e+00 1.419235754402710992e+00
6.000000000000000000e+01 4.421687126159667969e-02 4.505147689985301795e+00 1.443231384893238545e+00
6.100000000000000000e+01 4.475975036621093750e-02 5.178802465697797786e+00 2.657955291014422627e+00
6.100000000000000000e+01 8.872175216674804688e-02 4.446596555874165801e+00 0.000000000000000000e+00
6.200000000000000000e+01 4.634785652160644531e-02 5.685468554035225885e+00 0.000000000000000000e+00
6.300000000000000000e+01 1.160104274749755859e-01 6.458333443227603610e+00 1.589357739962148353e+00
6.400000000000000000e+01 4.535388946533203125e-02 6.927721574820296269e+00 1.377173195873090839e+00
6.500000000000000000e+01 4.836153984069824219e-02 7.955838944823207193e+00 1.915547505443269349e+00
6.600000000000000000e+01 4.579448699951171875e-02 8.627244907956407971e+00 1.766512693094815400e+00
6.700000000000000000e+01 1.491572856903076172e-01 9.474493107863452224e+00 1.839733023962718095e+00
6.800000000000000000e+01 1.064448356628417969e-01 1.011812855811150058e+01 1.743888165333187246e+00
6.900000000000000000e+01 6.285643577575683594e-02 1.109125665774981506e+01 1.874339651232230120e+00
7.000000000000000000e+01 4.703545570373535156e-02 1.174193245838041655e+01 1.779835972221347262e+00
7.100000000000000000e+01 4.633259773254394531e-02 1.250580702608358230e+01 1.778216407668742338e+00
7.200000000000000000e+01 5.632019042968750000e-02 1.319654702469209440e+01 1.748505947526946880e+00
7.300000000000000000e+01 9.139680862426757812e-02 1.392564518541822416e+01 1.744988491974005296e+00
7.400000000000000000e+01 8.905839920043945312e-02 1.480309350566659177e+01 1.792340263071155348e+00
7.500000000000000000e+01 9.124302864074707031e-02 1.566939014074487524e+01 1.817780597654143238e+00
7.600000000000000000e+01 8.990097045898437500e-02 1.670997179293840773e+01 1.882656263080133563e+00
7.700000000000000000e+01 9.098577499389648438e-02 1.770041030997883880e+01 1.907919195322538730e+00
7.800000000000000000e+01 9.894323348999023438e-02 1.863765677210543004e+01 1.907443244787654146e+00
7.900000000000000000e+01 5.437994003295898438e-02 1.941530340546411182e+01 1.866478677057731517e+00
8.000000000000000000e+01 4.938316345214843750e-02 1.975013961237404203e+01 1.738708855617276727e+00
8.100000000000000000e+01 6.630325317382812500e-02 2.005274136701692456e+01 1.639478609488283833e+00
8.200000000000000000e+01 1.238772869110107422e-01 2.041224590515948023e+01 1.576542054612952715e+00
8.300000000000000000e+01 1.148207187652587891e-01 2.059906463151092026e+01 1.494581323762390390e+00
8.400000000000000000e+01 9.907746315002441406e-02 2.038334686528687101e+01 1.352839812836709843e+00
8.500000000000000000e+01 5.052947998046875000e-02 2.007133033347793116e+01 1.217091278052856662e+00
8.600000000000000000e+01 6.381726264953613281e-02 1.971813866362605694e+01 1.092464977289210326e+00
8.700000000000000000e+01 9.238243103027343750e-02 1.934738127422825116e+01 9.784881476777130827e-01
8.800000000000000000e+01 7.373428344726562500e-02 1.911073497961062984e+01 8.996390969266405691e-01
8.900000000000000000e+01 7.466959953308105469e-02 1.895658901830661591e+01 8.422632877417649544e-01
9.000000000000000000e+01 6.842970848083496094e-02 1.863904697118105602e+01 7.581800750839589043e-01
9.100000000000000000e+01 7.366871833801269531e-02 1.807840844700290361e+01 6.324490042790134048e-01
9.200000000000000000e+01 1.307384967803955078e-01 1.750413646207076468e+01 5.085497323351469978e-01
9.300000000000000000e+01 1.206340789794921875e-01 1.690284979473136318e+01 3.822922671747076562e-01
9.400000000000000000e+01 1.574480533599853516e-01 1.644512209392291879e+01 2.859357266907542328e-01
9.500000000000000000e+01 1.194221973419189453e-01 1.573312287362598738e+01 1.397331519430557722e-01
9.600000000000000000e+01 8.634710311889648438e-02 1.517165942238216658e+01 2.431636808908585468e-02
9.700000000000000000e+01 6.612300872802734375e-02 1.454591893384576196e+01 -1.042699083886014788e-01
9.800000000000000000e+01 7.142996788024902344e-02 1.378582103947747939e+01 -2.608559620830269710e-01
9.900000000000000000e+01 7.025814056396484375e-02 1.309181816138707788e+01 -4.033567300352656759e-01
1.000000000000000000e+02 1.644380092620849609e-01 1.175163400940292391e+01 -6.827458118084045458e-01
1.010000000000000000e+02 1.213996410369873047e-01 8.520840672591608822e+00 -1.363034160145994766e+00
1.020000000000000000e+02 1.795992851257324219e-01 8.081876414948119702e+00 -1.409653607879086668e+00
1.030000000000000000e+02 8.561015129089355469e-02 7.715932814138357188e+00 -1.437379783873590666e+00
1.040000000000000000e+02 1.228504180908203125e-01 7.358790015327190126e+00 -1.461296566805254882e+00
1.050000000000000000e+02 5.648875236511230469e-02 7.423101731781405199e+00 -1.397202380575133462e+00
1.060000000000000000e+02 1.155123710632324219e-01 7.449767297865115268e+00 -1.346854610706491595e+00
1.070000000000000000e+02 6.452631950378417969e-02 7.303724719387365560e+00 -1.335731369569094662e+00
1.080000000000000000e+02 8.767390251159667969e-02 7.059307475963006340e+00 -1.345564350010094001e+00
1.090000000000000000e+02 5.948090553283691406e-02 6.844180330700223358e+00 -1.349372733971645921e+00
1.100000000000000000e+02 5.780243873596191406e-02 7.052997919875293675e+00 -1.270214134557003272e+00
1.110000000000000000e+02 6.654548645019531250e-02 7.086246577287000470e+00 -1.231009158226888500e+00
1.120000000000000000e+02 6.075787544250488281e-02 7.181657134626019179e+00 -1.182537132230069066e+00
1.130000000000000000e+02 6.049108505249023438e-02 7.132212562771456987e+00 -1.165155330859325433e+00
1.140000000000000000e+02 6.711721420288085938e-02 6.925798218464560563e+00 -1.179324819185886497e+00
1.150000000000000000e+02 7.859730720520019531e-02 6.783983688647123422e+00 -1.180760015948066011e+00
1.160000000000000000e+02 6.996965408325195312e-02 6.659102786315216349e+00 -1.179258694224294191e+00
1.170000000000000000e+02 1.514747142791748047e-01 6.646358423042665997e+00 -1.156799476827657713e+00
1.180000000000000000e+02 1.555051803588867188e-01 6.532120537435460506e+00 -1.155060052571822427e+00
1.190000000000000000e+02 1.489307880401611328e-01 6.324731848348172036e+00 -1.171410845179397642e+00
1.200000000000000000e+02 1.340839862823486328e-01 6.249214078393109162e+00 -1.162394267611481569e+00
1.210000000000000000e+02 6.185507774353027344e-02 6.415213722669371954e+00 -1.108534359754079990e+00
1.220000000000000000e+02 6.070518493652343750e-02 6.421963953360632082e+00 -1.087198998351354806e+00
1.230000000000000000e+02 6.560850143432617188e-02 6.383000545076255250e+00 -1.075565866023833417e+00
1.240000000000000000e+02 6.497001647949218750e-02 6.277872585300273478e+00 -1.077063243408975524e+00
1.250000000000000000e+02 7.207965850830078125e-02 6.136227135217366069e+00 -1.085622224874111197e+00
1.260000000000000000e+02 1.088583469390869141e-01 6.139402753935518930e+00 -1.066987828594207155e+00
1.270000000000000000e+02 8.035540580749511719e-02 6.093512835148234608e+00 -1.058435593204422043e+00
1.280000000000000000e+02 9.150838851928710938e-02 6.198741965403744558e+00 -1.022132738331710478e+00
1.290000000000000000e+02 6.850099563598632812e-02 6.103251851352826662e+00 -1.024742709081433389e+00
1.300000000000000000e+02 6.850528717041015625e-02 6.122904840401653281e+00 -1.005957166715973017e+00
1.310000000000000000e+02 7.069945335388183594e-02 6.143423959080236862e+00 -9.877670174440967843e-01
1.320000000000000000e+02 7.291960716247558594e-02 6.099274993510147347e+00 -9.823783322647902105e-01
1.330000000000000000e+02 1.210331916809082031e-01 6.211316290456183609e+00 -9.480980853886292747e-01
1.340000000000000000e+02 1.621272563934326172e-01 6.097319579353037255e+00 -9.571966258116207937e-01
1.350000000000000000e+02 8.420443534851074219e-02 6.085350320899416410e+00 -9.471270683365862197e-01
1.360000000000000000e+02 1.064193248748779297e-01 6.030341043553410607e+00 -9.455418026279944765e-01
1.370000000000000000e+02 7.526183128356933594e-02 6.016219218969570903e+00 -9.364841389034556096e-01
1.380000000000000000e+02 7.206511497497558594e-02 5.984164276094052326e+00 -9.311620832844682560e-01
1.390000000000000000e+02 6.982588768005371094e-02 5.855351563114275848e+00 -9.443063205161812412e-01
1.400000000000000000e+02 1.095845699310302734e-01 5.939353779636633135e+00 -9.172611600287446931e-01
1.410000000000000000e+02 1.019566059112548828e-01 6.000301899180736420e+00 -8.952852645276823118e-01
1.420000000000000000e+02 7.022213935852050781e-02 6.235685900048292041e+00 -8.409866255615129349e-01
1.430000000000000000e+02 7.092356681823730469e-02 6.623212965874188285e+00 -7.590464758452785121e-01
1.440000000000000000e+02 7.517790794372558594e-02 7.138625542373931765e+00 -6.542206494348831169e-01
1.450000000000000000e+02 7.159185409545898438e-02 7.879822180628075934e+00 -5.077616388755424870e-01
1.460000000000000000e+02 7.171559333801269531e-02 8.248097035431923629e+00 -4.336929315713993760e-01
1.470000000000000000e+02 1.133813858032226562e-01 8.856220485601433268e+00 -3.140135648687042424e-01
1.480000000000000000e+02 1.100554466247558594e-01 9.424680458479361533e+00 -2.023766805789989354e-01
1.490000000000000000e+02 9.411048889160156250e-02 9.915544655622781534e+00 -1.059636979459291500e-01
1.500000000000000000e+02 1.697182655334472656e-01 1.055526363363058096e+01 1.943946114913835607e-02
1.510000000000000000e+02 1.844007968902587891e-01 1.138402748851239288e+01 1.819361340759813039e-01
1.520000000000000000e+02 1.852309703826904297e-01 1.226222157620639308e+01 3.541470743153142253e-01
1.530000000000000000e+02 8.580422401428222656e-02 1.331440371323965799e+01 5.605589778349397978e-01
1.540000000000000000e+02 7.423424720764160156e-02 1.433400108264800288e+01 7.594855617229417932e-01
1.550000000000000000e+02 9.658765792846679688e-02 1.527918989099119607e+01 9.416425357776955218e-01
1.560000000000000000e+02 9.273123741149902344e-02 1.631703319816808317e+01 1.139448104044393340e+00
1.570000000000000000e+02 7.286095619201660156e-02 1.714395289359377017e+01 1.290663383919525398e+00
1.580000000000000000e+02 7.399749755859375000e-02 1.794693652787331928e+01 1.432527731640015123e+00
1.590000000000000000e+02 7.548475265502929688e-02 1.885123132191988660e+01 1.589068856206341085e+00
1.600000000000000000e+02 7.795476913452148438e-02 1.952149572794500898e+01 1.692522237265627227e+00
1.610000000000000000e+02 7.578730583190917969e-02 1.958933920125261352e+01 1.673451506578103043e+00
1.620000000000000000e+02 1.063799858093261719e-01 1.961663385185839203e+01 1.647644936461864162e+00
1.630000000000000000e+02 1.269392967224121094e-01 1.952325054490411560e+01 1.600192674713550423e+00
1.640000000000000000e+02 1.032462120056152344e-01 1.953392441476399455e+01 1.574883400417199431e+00
1.650000000000000000e+02 1.953418254852294922e-01 1.955209045436201976e+01 1.552247773960188759e+00
1.660000000000000000e+02 8.057212829589843750e-02 1.961999510756514908e+01 1.540013638936193585e+00
1.670000000000000000e+02 1.405282020568847656e-01 1.938206020667992036e+01 1.471572270534783566e+00
1.680000000000000000e+02 1.352694034576416016e-01 1.858731406777644324e+01 1.303145316118802688e+00
1.690000000000000000e+02 1.325614452362060547e-01 1.810142968975310396e+01 1.197479493711601117e+00
1.700000000000000000e+02 1.982095241546630859e-01 1.740042634296196056e+01 1.055311838877341035e+00
1.710000000000000000e+02 2.011125087738037109e-01 1.678894961484227366e+01 9.328573286467014558e-01
1.720000000000000000e+02 1.378257274627685547e-01 1.621876911330780402e+01 8.201906164583996350e-01
1.730000000000000000e+02 1.032621860504150391e-01 1.586538878608526204e+01 7.490153657852368640e-01
1.740000000000000000e+02 8.708953857421875000e-02 1.552725464577697956e+01 6.814711900945685796e-01
1.750000000000000000e+02 8.797216415405273438e-02 1.538404570034217045e+01 6.506244167898873609e-01
1.760000000000000000e+02 1.207394599914550781e-01 1.534570264759728353e+01 6.395048427457685758e-01
1.770000000000000000e+02 1.658341884613037109e-01 1.493305965446846706e+01 5.589215207777802341e-01
1.780000000000000000e+02 2.000508308410644531e-01 1.428110801777401306e+01 4.342321534714398967e-01
1.790000000000000000e+02 9.428715705871582031e-02 1.364496218979802578e+01 3.130205823524487840e-01
1.800000000000000000e+02 9.075117111206054688e-02 1.315584904746054207e+01 2.197095641134528543e-01
1.810000000000000000e+02 9.434580802917480469e-02 1.273443850394931154e+01 1.392793218557344115e-01
1.820000000000000000e+02 9.014844894409179688e-02 1.226091196935580818e+01 4.902391891254906375e-02
1.830000000000000000e+02 9.150171279907226562e-02 1.180975350013553715e+01 -3.696703707875462902e-02
1.840000000000000000e+02 9.457898139953613281e-02 1.150355014859034952e+01 -9.528389184664375067e-02
1.850000000000000000e+02 9.871387481689453125e-02 1.137963609714242708e+01 -1.186545546453055128e-01
1.860000000000000000e+02 9.214687347412109375e-02 1.130045025029225059e+01 -1.334178468677124363e-01
1.870000000000000000e+02 9.442806243896484375e-02 1.146021617709703655e+01 -1.020087737843496239e-01
1.880000000000000000e+02 9.613180160522460938e-02 1.157368152738298761e+01 -7.959256366657009585e-02
1.890000000000000000e+02 1.619391441345214844e-01 1.185643332603165234e+01 -2.421047202752866709e-02
1.900000000000000000e+02 9.221410751342773438e-02 1.246532970540940788e+01 9.494222596402598913e-02
1.910000000000000000e+02 1.554617881774902344e-01 1.331839928913146309e+01 2.620236380065045778e-01
1.920000000000000000e+02 9.107089042663574219e-02 1.418261375315471717e+01 4.312070830702355861e-01
1.930000000000000000e+02 1.450176239013671875e-01 1.508889516318815360e+01 6.083705038362153816e-01
1.940000000000000000e+02 9.666109085083007812e-02 1.597970283663521229e+01 7.817060167201819176e-01
1.950000000000000000e+02 9.351134300231933594e-02 1.685571019216128619e+01 9.508057386959671842e-01
1.960000000000000000e+02 9.932136535644531250e-02 1.765257235111614875e+01 1.102267222929661061e+00
1.970000000000000000e+02 1.764717102050781250e-01 1.847114682465133129e+01 1.255656091792287654e+00
1.980000000000000000e+02 1.907169818878173828e-01 1.929038340954096853e+01 1.406031450882852196e+00
1.990000000000000000e+02 8.363223075866699219e-02 2.007602832802175286e+01 1.545896420956554218e+00
2.000000000000000000e+02 1.005017757415771484e-01 2.068796171191403133e+01 1.647278116952976434e+00
2.010000000000000000e+02 9.034705162048339844e-02 2.102572755243297209e+01 1.691514607682779836e+00
2.020000000000000000e+02 9.668946266174316406e-02 2.118679497429380021e+01 1.699794181996190146e+00
2.030000000000000000e+02 2.425889968872070312e-01 2.134562390893547246e+01 1.707322834137845247e+00
2.040000000000000000e+02 2.559256553649902344e-01 2.108799859943142607e+01 1.634919379003100248e+00
2.050000000000000000e+02 1.877329349517822266e-01 2.099735999867302993e+01 1.597021210074740072e+00
2.060000000000000000e+02 8.526897430419921875e-02 2.072009567928053286e+01 1.525193210347503214e+00
2.070000000000000000e+02 8.323550224304199219e-02 2.113001370011690838e+01 1.585129077666529440e+00
2.080000000000000000e+02 1.700091361999511719e-01 2.114548030458902161e+01 1.569241241864857139e+00
2.090000000000000000e+02 1.594719886779785156e-01 2.135148993200191114e+01 1.589431449266143659e+00
2.100000000000000000e+02 1.021108627319335938e-01 2.153730247139410636e+01 1.605237065475229707e+00
2.110000000000000000e+02 8.687853813171386719e-02 2.135431451859964724e+01 1.552493222264937911e+00
2.120000000000000000e+02 8.351421356201171875e-02 2.165417353909962728e+01 1.590163793461732533e+00
2.130000000000000000e+02 9.093070030212402344e-02 2.160923271399953194e+01 1.563639703293383088e+00
2.140000000000000000e+02 2.353534698486328125e-01 2.122480520814487903e+01 1.476246442521667257e+00
2.150000000000000000e+02 1.185355186462402344e-01 2.063866108675574651e+01 1.354899069436009906e+00
2.160000000000000000e+02 1.058757305145263672e-01 2.064592478794940433e+01 1.343883828881954567e+00
2.170000000000000000e+02 1.303513050079345703e-01 2.092595696633815550e+01 1.382337391641921265e+00
2.180000000000000000e+02 8.592844009399414062e-02 2.023759509729293882e+01 1.245868968634921581e+00
2.190000000000000000e+02 9.411549568176269531e-02 1.988645587548154481e+01 1.172846764909079686e+00
2.200000000000000000e+02 3.972852230072021484e-01 1.021254950535551075e+03 1.806292048508522328e+02
2.200000000000000000e+02 8.864402770996093750e-04 2.783856772362611309e+00 0.000000000000000000e+00
2.210000000000000000e+02 3.035974502563476562e-01 5.573876321732163888e+02 2.810344643735548402e+02
2.210000000000000000e+02 8.223056793212890625e-04 8.075419111196755040e+00 0.000000000000000000e+00
2.220000000000000000e+02 2.631092071533203125e-02 5.448804841778472685e+00 -1.167094488546982056e+00
2.230000000000000000e+02 2.673363685607910156e-02 5.035638507055206325e+00 -8.706637797968825865e-01
2.240000000000000000e+02 2.720427513122558594e-02 4.833136203682539822e+00 -7.449532573886329390e-01
2.250000000000000000e+02 3.675174713134765625e-02 4.404739538612902905e+00 -7.317335710841036400e-01
2.260000000000000000e+02 2.934265136718750000e-02 4.236496537806055507e+00 -6.838973315204430747e-01
2.270000000000000000e+02 2.966284751892089844e-02 4.457694012300526865e+00 -5.662255908805583493e-01
2.280000000000000000e+02 3.251504898071289062e-02 4.370179877108612665e+00 -5.446209821439709220e-01
2.290000000000000000e+02 1.077668666839599609e-01 4.221446887773717016e+00 -5.465163377712246584e-01
2.300000000000000000e+02 7.224965095520019531e-02 4.532503411321086695e+00 -4.292291954051064562e-01
2.310000000000000000e+02 6.182575225830078125e-02 4.445950085749592162e+00 -4.319301268699937690e-01
2.320000000000000000e+02 3.137040138244628906e-02 4.384841298386541908e+00 -4.296624648730074658e-01
2.330000000000000000e+02 3.145742416381835938e-02 4.581641915927133546e+00 -3.513018964141678135e-01
2.340000000000000000e+02 3.110980987548828125e-02 5.308758259601200180e+00 -1.091473880508647132e-01
2.350000000000000000e+02 3.265857696533203125e-02 5.307196403748968727e+00 -1.061809808538460159e-01
2.360000000000000000e+02 1.689929962158203125e-01 6.228652628534133484e+00 2.081704911293557059e-01
2.370000000000000000e+02 8.619284629821777344e-02 7.325793950584244207e+00 5.842055488653052908e-01
2.380000000000000000e+02 7.176375389099121094e-02 7.892915222949880238e+00 7.646714025628587041e-01
2.390000000000000000e+02 7.126736640930175781e-02 8.352476566603954211e+00 8.989862725504585983e-01
2.400000000000000000e+02 6.198382377624511719e-02 9.013162991330585072e+00 1.098578901854040835e+00
2.410000000000000000e+02 6.452775001525878906e-02 9.284809878095249047e+00 1.140393686000043649e+00
2.420000000000000000e+02 3.549098968505859375e-02 9.416276998895300565e+00 1.129519829446253176e+00
2.430000000000000000e+02 3.285956382751464844e-02 9.877912567277233435e+00 1.239832741911510050e+00
2.440000000000000000e+02 3.689098358154296875e-02 1.044644138418341228e+01 1.377032566388572299e+00
2.450000000000000000e+02 3.497982025146484375e-02 1.098670822382235279e+01 1.487647980057866359e+00
2.460000000000000000e+02 3.953289985656738281e-02 1.140828979240951035e+01 1.542503817061817273e+00
2.470000000000000000e+02 3.573203086853027344e-02 1.213214349127637703e+01 1.689948972034387875e+00
2.480000000000000000e+02 3.629875183105468750e-02 1.302234690415227547e+01 1.865287012068429950e+00
2.490000000000000000e+02 3.627443313598632812e-02 1.334237178808953672e+01 1.828373132015973290e+00
2.500000000000000000e+02 3.790140151977539062e-02 1.365126616812302451e+01 1.795009791353517459e+00
2.510000000000000000e+02 4.442024230957031250e-02 1.416485765390552665e+01 1.826517036686298834e+00
2.520000000000000000e+02 3.973364830017089844e-02 1.403722900710431887e+01 1.673544668048378981e+00
2.530000000000000000e+02 3.756237030029296875e-02 1.353226913963154132e+01 1.444386942647932992e+00
2.540000000000000000e+02 3.705096244812011719e-02 1.305306876681955686e+01 1.252955682925020353e+00
2.550000000000000000e+02 3.774023056030273438e-02 1.252846208254317339e+01 1.069161823474411799e+00
2.560000000000000000e+02 3.794455528259277344e-02 1.205754020921772884e+01 9.135003521332765164e-01
2.570000000000000000e+02 3.796243667602539062e-02 1.183583127196882678e+01 8.324622328056281440e-01
2.580000000000000000e+02 6.801819801330566406e-02 1.123507837017197808e+01 6.544367505131445384e-01
2.590000000000000000e+02 1.605489253997802734e-01 1.079023226375907996e+01 5.234265988448290052e-01
2.600000000000000000e+02 4.234027862548828125e-02 1.098835145714547501e+01 5.687872278071741672e-01
2.610000000000000000e+02 4.290556907653808594e-02 1.134043177224405952e+01 6.557707660805059957e-01
2.620000000000000000e+02 4.428553581237792969e-02 1.152565793330532173e+01 6.956264197014198070e-01
2.630000000000000000e+02 4.284691810607910156e-02 1.155180816443225922e+01 6.909856166441393777e-01
2.640000000000000000e+02 1.202521324157714844e-01 1.146100746788419045e+01 6.542461429017555341e-01
2.650000000000000000e+02 4.248404502868652344e-02 1.122892011545159363e+01 5.789736240225049624e-01
2.660000000000000000e+02 4.371762275695800781e-02 1.095294933526185943e+01 4.927870613179551884e-01
2.670000000000000000e+02 4.653978347778320312e-02 1.079568785663242991e+01 4.415982235406570311e-01
2.680000000000000000e+02 8.179783821105957031e-02 1.042263153127204589e+01 3.290849095684573178e-01
2.690000000000000000e+02 8.571362495422363281e-02 1.010005000933616337e+01 2.319435854519704410e-01
2.700000000000000000e+02 9.346723556518554688e-02 9.828930203049054626e+00 1.502053349043314945e-01
2.710000000000000000e+02 7.988095283508300781e-02 9.544868380078275649e+00 6.478103451193015228e-02
2.720000000000000000e+02 5.597925186157226562e-02 9.139278812956206366e+00 -5.687498403433142308e-02
2.730000000000000000e+02 5.083799362182617188e-02 9.076009023332003878e+00 -7.540971754089260959e-02
2.740000000000000000e+02 1.464080810546875000e-01 8.692965051253262132e+00 -1.912390084474807628e-01
2.750000000000000000e+02 8.676910400390625000e-02 8.537933082513614380e+00 -2.370480746343826828e-01
2.760000000000000000e+02 8.449697494506835938e-02 8.728050694631990680e+00 -1.759762897786061875e-01
2.770000000000000000e+02 7.603955268859863281e-02 8.718492493694789403e+00 -1.773907807433629802e-01
2.780000000000000000e+02 4.597473144531250000e-02 8.583847830537585821e+00 -2.182501602450294398e-01
2.790000000000000000e+02 4.601716995239257812e-02 8.781744296351938317e+00 -1.534745593426952714e-01
2.800000000000000000e+02 1.200013160705566406e-01 8.822605687735448399e+00 -1.390933655510443456e-01
2.810000000000000000e+02 1.014959812164306641e-01 8.767106987217674785e+00 -1.558694271325534730e-01
2.820000000000000000e+02 7.153892517089843750e-02 8.594658614351997628e+00 -2.107425581371068779e-01
2.830000000000000000e+02 5.020666122436523438e-02 8.762492053816561821e+00 -1.539465452930019185e-01
2.840000000000000000e+02 4.591298103332519531e-02 8.983327539677134155e+00 -7.970134347341785441e-02
2.850000000000000000e+02 1.125931739807128906e-01 9.074087823715416334e+00 -4.884225118150096329e-02
2.860000000000000000e+02 4.734587669372558594e-02 8.915975411925172622e+00 -1.015818423401916443e-01
2.870000000000000000e+02 4.598498344421386719e-02 8.908968978904372449e+00 -1.031957511467313793e-01
2.880000000000000000e+02 4.630851745605468750e-02 8.958166237306617319e+00 -8.566358907516259669e-02
2.890000000000000000e+02 5.124950408935546875e-02 8.997172058371804226e+00 -7.164797121446395134e-02
2.900000000000000000e+02 7.703351974487304688e-02 9.139773192136363633e+00 -2.180342447913297815e-02
2.910000000000000000e+02 4.750537872314453125e-02 9.240774222225333290e+00 1.354407012070283495e-02
2.920000000000000000e+02 4.729342460632324219e-02 9.412714125918913766e+00 7.379278131803877760e-02
2.930000000000000000e+02 4.836988449096679688e-02 9.328401665972812395e+00 4.349418886819223645e-02
2.940000000000000000e+02 4.835057258605957031e-02 9.174590095008200663e+00 -1.152911132384700291e-02
2.950000000000000000e+02 3.367559909820556641e-01 5.679724230933405806e+02 2.001868480657162479e+02
2.950000000000000000e+02 8.087158203125000000e-04 1.944590130247779047e+00 0.000000000000000000e+00
2.960000000000000000e+02 3.309409618377685547e-01 5.589234372788729388e+02 4.043587358044434836e+02
2.960000000000000000e+02 7.796287536621093750e-04 1.432715998352857012e+00 0.000000000000000000e+00
2.970000000000000000e+02 3.370308876037597656e-02 2.073097558551498132e+00 -7.499526113111498749e-02
2.980000000000000000e+02 2.673006057739257812e-02 1.660712670271418334e+00 -6.451665217618870463e-01
2.990000000000000000e+02 2.709555625915527344e-02 2.060546847588417219e+00 8.341420290449368113e-02
