1.592578071718747960e+05
1.000000000000000000e+00 1.391857147216796875e+00 4.659994314630264853e+03 0.000000000000000000e+00
2.000000000000000000e+00 1.305474281311035156e+00 5.544985236859013639e+03 1.638690309392492273e+00
3.000000000000000000e+00 1.294456243515014648e+00 6.538537703540829170e+03 1.810380566637339816e+00
4.000000000000000000e+00 1.287706375122070312e+00 8.342290368356332692e+03 2.432512496014191949e+00
5.000000000000000000e+00 1.503081560134887695e+00 7.913660911591162403e+03 1.174164322123199433e+00
6.000000000000000000e+00 1.203066349029541016e+00 6.895059313235229638e+03 4.364620680986187606e-01
7.000000000000000000e+00 1.290184497833251953e+00 6.634701105664252282e+03 2.578685704401423862e-01
8.000000000000000000e+00 1.418728590011596680e+00 6.408611553116716095e+03 1.068025954888926210e-01
9.000000000000000000e+00 1.240307807922363281e+00 6.084482414397027242e+03 -1.064666152366731539e-01
1.000000000000000000e+01 1.299672126770019531e+00 5.677540076010826851e+03 -3.782202251390582859e-01
1.100000000000000000e+01 1.206023693084716797e+00 5.491851815253218774e+03 -4.919593752855906388e-01
1.200000000000000000e+01 1.223118543624877930e+00 7.113547651338138166e+03 7.291101243409731092e-01
1.300000000000000000e+01 1.372338771820068359e+00 6.580070014994385019e+03 2.854036234022621077e-01
1.400000000000000000e+01 1.268948554992675781e+00 5.753154620373285979e+03 -3.721564241844931287e-01
1.500000000000000000e+01 1.356527805328369141e+00 5.578959721463030291e+03 -4.994490253745619279e-01
1.600000000000000000e+01 1.326647996902465820e+00 6.025449857965867523e+03 -1.102700145081395300e-01
1.700000000000000000e+01 1.225585937500000000e+00 5.466273148201523327e+03 -5.860592572908419617e-01
1.800000000000000000e+01 1.190320014953613281e+00 5.381519813812938992e+03 -6.389129055315616590e-01
1.900000000000000000e+01 1.283802986145019531e+00 7.397059409935571239e+03 1.176520519067185910e+00
2.000000000000000000e+01 1.267518043518066406e+00 8.786131412069753424e+03 2.333710119871446054e+00
2.100000000000000000e+01 1.329525232315063477e+00 9.038525490366651866e+03 2.223507020651450006e+00
2.200000000000000000e+01 1.196273565292358398e+00 1.062620192969466734e+04 3.129942074945938568e+00
2.200000000000000000e+01 2.423518419265747070e+00 8.254974661691390793e+03 0.000000000000000000e+00
2.300000000000000000e+01 1.177984476089477539e+00 1.070795450105584132e+04 0.000000000000000000e+00
2.400000000000000000e+01 1.378357648849487305e+00 1.067082894362184197e+04 6.857028275171088705e-01
2.500000000000000000e+01 7.134447908401489258e+01 2.203941540645657005e+04 8.651965394579903545e+00
2.500000000000000000e+01 1.085286617279052734e+00 2.673659247844014317e+03 0.000000000000000000e+00
2.600000000000000000e+01 7.251028251647949219e+01 2.719271997344356350e+04 2.523126830737701454e+01
2.600000000000000000e+01 9.965505599975585938e-01 1.755251996999076027e+03 0.000000000000000000e+00
2.700000000000000000e+01 1.306516647338867188e+00 1.649483364811218280e+03 -8.775432021328885002e-01
2.800000000000000000e+01 1.343166828155517578e+00 2.228302835510742625e+03 3.996929273469433386e-01
2.900000000000000000e+01 1.253485918045043945e+00 3.004427286608896338e+03 2.066977741431849758e+00
3.000000000000000000e+01 1.246377229690551758e+00 4.653359443121098593e+03 4.174195010934784733e+00
3.000000000000000000e+01 2.558996915817260742e+00 5.621509218405285537e+03 0.000000000000000000e+00
3.100000000000000000e+01 1.300882339477539062e+00 4.885072010267683254e+03 0.000000000000000000e+00
3.200000000000000000e+01 1.229468584060668945e+00 4.498783724808509760e+03 -1.448913585956437045e+00
3.300000000000000000e+01 1.300836086273193359e+00 4.221952942895127308e+03 -1.367195937991689592e+00
3.400000000000000000e+01 1.318267107009887695e+00 3.715669994792195212e+03 -1.796448325039147198e+00
3.500000000000000000e+01 1.236418008804321289e+00 3.189836489770709250e+03 -1.949456866208446382e+00
3.600000000000000000e+01 1.388757944107055664e+00 2.784204253229337610e+03 -1.829096781342491873e+00
3.700000000000000000e+01 1.269663333892822266e+00 2.832436544546270852e+03 -1.320092656092064498e+00
3.800000000000000000e+01 1.225643634796142578e+00 3.104633447186737612e+03 -8.471878684766103174e-01
3.900000000000000000e+01 7.085980916023254395e+01 1.589435548355804349e+04 1.206318063337660895e+01
3.900000000000000000e+01 1.102054834365844727e+00 1.057715153629437509e+03 0.000000000000000000e+00
4.000000000000000000e+01 7.100083732604980469e+01 1.967156371396978648e+04 4.906802784114416482e+01
4.000000000000000000e+01 1.023431062698364258e+00 1.607704877604085368e+03 0.000000000000000000e+00
