1.608959440072008001e+05
1.000000000000000000e+00 2.576918601989746094e-01 7.797435453385132860e+03 0.000000000000000000e+00
2.000000000000000000e+00 3.474819660186767578e-01 8.465722826287750649e+03 -3.033575020958674262e-01
3.000000000000000000e+00 4.995887279510498047e-01 9.077920787899489369e+03 2.301030585035269971e-01
4.000000000000000000e+00 7.678821086883544922e-01 1.125120636963809193e+04 2.395180197089519236e+00
5.000000000000000000e+00 1.007036685943603516e+00 1.118333046575769185e+04 1.341515346194384506e+00
6.000000000000000000e+00 1.157511949539184570e+00 1.072872826125059146e+04 7.494266430704633608e-01
7.000000000000000000e+00 1.240919113159179688e+00 1.041920774191210512e+04 4.466071933982114217e-01
8.000000000000000000e+00 1.469453096389770508e+00 1.012185563412702322e+04 1.854643975264194111e-01
9.000000000000000000e+00 1.789159536361694336e+00 9.875724122076610001e+03 -2.777391308603577996e-02
1.000000000000000000e+01 1.679058313369750977e+00 9.593451229322899962e+03 -2.741975729926003358e-01
1.100000000000000000e+01 1.887618303298950195e+00 9.404850389018869464e+03 -4.355468551803483024e-01
1.200000000000000000e+01 2.012937545776367188e+00 1.010693117656152026e+04 2.575346741176003929e-01
1.300000000000000000e+01 2.374400854110717773e+00 1.002385046169463749e+04 1.646962569086250217e-01
1.400000000000000000e+01 2.248373270034790039e+00 9.856548442684956171e+03 -1.458469058208378480e-02
1.500000000000000000e+01 2.361727714538574219e+00 9.576908507376134366e+03 -3.152351700413905666e-01
1.600000000000000000e+01 2.654688835144042969e+00 9.414945457071538840e+03 -4.848139644748040711e-01
1.700000000000000000e+01 2.785413503646850586e+00 9.141720938920305343e+03 -7.790095397585286019e-01
1.800000000000000000e+01 2.829270601272583008e+00 8.914505646877636536e+03 -1.007242055264200964e+00
1.900000000000000000e+01 3.074388980865478516e+00 1.044945052633989690e+04 8.172356193801969537e-01
2.000000000000000000e+01 3.100978612899780273e+00 1.295354316154461594e+04 3.703805570955907456e+00
2.000000000000000000e+01 6.334661483764648438e+00 1.093997090913913598e+04 0.000000000000000000e+00
2.100000000000000000e+01 3.291976690292358398e+00 1.345938682714130118e+04 0.000000000000000000e+00
2.200000000000000000e+01 3.513200759887695312e+00 1.386463225885836982e+04 9.345815627535688508e-01
2.300000000000000000e+01 3.515400171279907227e+00 1.452589816030350994e+04 1.117795930379383185e+00
2.400000000000000000e+01 3.531363725662231445e+00 1.343813040324133362e+04 1.534929887570983253e-01
2.500000000000000000e+01 1.432925367355346680e+01 3.037750568315593773e+04 1.257773757526541125e+01
2.500000000000000000e+01 2.314529418945312500e-01 7.481552092002389145e+03 0.000000000000000000e+00
2.600000000000000000e+01 2.730042934417724609e-01 2.090215540532559680e+04 4.366599580149823190e+00
2.600000000000000000e+01 5.221745967864990234e-01 1.956898014442287240e+04 0.000000000000000000e+00
2.700000000000000000e+01 3.424799442291259766e-01 5.571952852585546680e+03 0.000000000000000000e+00
2.800000000000000000e+01 5.142498016357421875e-01 5.206212105054034510e+03 -7.440600223774948008e-01
2.900000000000000000e+01 9.534130096435546875e-01 5.710927905960179487e+03 -5.379032098827239983e-01
3.000000000000000000e+01 1.184012413024902344e+00 7.579948607067625744e+03 -2.037877851035411747e-01
3.100000000000000000e+01 1.227273464202880859e+00 8.373521659217494744e+03 -5.776156620611297421e-02
3.200000000000000000e+01 1.356799364089965820e+00 8.606595456028799163e+03 -1.130305167234733725e-02
3.300000000000000000e+01 1.462358713150024414e+00 7.716870909298727383e+03 -1.883098211200581185e-01
3.400000000000000000e+01 1.594018697738647461e+00 7.277856255892059380e+03 -2.719766140741944338e-01
3.500000000000000000e+01 1.632988214492797852e+00 6.868489647533937386e+03 -3.509688339759087783e-01
3.600000000000000000e+01 1.918915987014770508e+00 6.492298077796928737e+03 -4.234630386487959752e-01
3.700000000000000000e+01 2.276037216186523438e+00 6.310454928961566111e+03 -4.479794346797901783e-01
3.800000000000000000e+01 2.104807376861572266e+00 6.217979326722116639e+03 -4.509979455779301039e-01
3.900000000000000000e+01 2.384810686111450195e+00 2.000353954484978749e+04 3.307313066590537698e+00
3.900000000000000000e+01 5.038024425506591797e+00 1.612588523361051375e+04 0.000000000000000000e+00
4.000000000000000000e+01 2.526262283325195312e+00 1.287567332362260640e+04 0.000000000000000000e+00
