1.482135253237623256e+05
1.000000000000000000e+00 1.734657526016235352e+00 4.941061904011906336e+03 0.000000000000000000e+00
2.000000000000000000e+00 1.661831140518188477e+00 5.988562587081813035e+03 1.849765204711564248e+00
3.000000000000000000e+00 1.723740339279174805e+00 6.958548443623919411e+03 1.788891563158294007e+00
4.000000000000000000e+00 1.595972061157226562e+00 8.449861966525721073e+03 2.156570717413361482e+00
5.000000000000000000e+00 1.602504730224609375e+00 8.126463190314296298e+03 1.155548226972935577e+00
6.000000000000000000e+00 1.649545192718505859e+00 6.849015640280548723e+03 2.669130538349249737e-01
7.000000000000000000e+00 1.629076719284057617e+00 6.631891760687988608e+03 1.222662577339264922e-01
8.000000000000000000e+00 1.704045057296752930e+00 6.501784963621871611e+03 3.342498057393025745e-02
9.000000000000000000e+00 1.515383720397949219e+00 6.294729108261629335e+03 -1.077442510648393692e-01
1.000000000000000000e+01 1.561569690704345703e+00 5.976942412221684208e+03 -3.297344440478990335e-01
1.100000000000000000e+01 1.516345739364624023e+00 5.852306108694515387e+03 -4.075660224997852410e-01
1.200000000000000000e+01 1.761512041091918945e+00 7.302774776739629488e+03 7.414902136817601574e-01
1.300000000000000000e+01 1.627808570861816406e+00 6.855250736907302780e+03 3.427964238909037564e-01
1.400000000000000000e+01 1.635557651519775391e+00 6.127803879565237366e+03 -2.700226742827614435e-01
1.500000000000000000e+01 1.657665014266967773e+00 5.942829713734866345e+03 -4.187231183283185998e-01
1.600000000000000000e+01 1.773345708847045898e+00 6.357011085134498899e+03 -4.019644781800180838e-02
1.700000000000000000e+01 1.547947883605957031e+00 5.872232880503684100e+03 -4.787860595245254647e-01
1.800000000000000000e+01 1.533164978027343750e+00 5.799263827706275151e+03 -5.307478771891501745e-01
1.900000000000000000e+01 1.588861465454101562e+00 7.620566559750835950e+03 1.213597764444831251e+00
2.000000000000000000e+01 1.761992931365966797e+00 8.835151774420863148e+03 2.280763907464741003e+00
2.100000000000000000e+01 1.628749132156372070e+00 9.198135577035491224e+03 2.296037696483908430e+00
2.200000000000000000e+01 1.709899902343750000e+00 1.051785883438408928e+04 3.043880132578969278e+00
2.200000000000000000e+01 3.326956272125244141e+00 8.631813085878389757e+03 0.000000000000000000e+00
2.300000000000000000e+01 1.731369495391845703e+00 9.594083944144949783e+03 0.000000000000000000e+00
2.400000000000000000e+01 1.704439878463745117e+00 1.035891647351801657e+04 1.831152601229332655e+00
2.500000000000000000e+01 6.410395956039428711e+01 2.160930319381149457e+04 1.395956286703172644e+01
2.500000000000000000e+01 3.762454986572265625e-01 2.873966567253002268e+03 0.000000000000000000e+00
2.600000000000000000e+01 6.570314168930053711e+01 2.034075368661949324e+04 1.648291033087906143e+01
2.600000000000000000e+01 3.777599334716796875e-01 1.947625368049540612e+03 0.000000000000000000e+00
2.700000000000000000e+01 1.672758102416992188e+00 1.751361659466806486e+03 -9.921295612680229858e-01
2.800000000000000000e+01 1.734028339385986328e+00 2.369407533695760321e+03 2.594864423660061536e-01
2.900000000000000000e+01 1.627194166183471680e+00 3.199551647437002430e+03 1.837835705468884528e+00
3.000000000000000000e+01 1.713645458221435547e+00 4.901722293854047166e+03 3.983388539762606317e+00
3.000000000000000000e+01 3.365276336669921875e+00 4.550014096841528954e+03 0.000000000000000000e+00
3.100000000000000000e+01 1.512196779251098633e+00 4.605973039157475796e+03 0.000000000000000000e+00
3.200000000000000000e+01 1.584749937057495117e+00 4.550765784522680406e+03 -6.881098725718143294e-01
3.300000000000000000e+01 1.570174932479858398e+00 4.311133503505476256e+03 -8.032380619592862203e+00
3.400000000000000000e+01 1.639054775238037109e+00 3.763970572690976041e+03 -5.629955897345456428e+00
3.500000000000000000e+01 1.813786029815673828e+00 3.309212944711632645e+03 -2.990133934284440187e+00
3.600000000000000000e+01 1.601233959197998047e+00 2.956628762724346871e+03 -2.311846523294449618e+00
3.700000000000000000e+01 1.627438783645629883e+00 3.029859428936441418e+03 -1.458774852899997976e+00
3.800000000000000000e+01 1.676632642745971680e+00 3.244683074989934084e+03 -9.017448701068375705e-01
3.900000000000000000e+01 6.324426198005676270e+01 1.451254842397206085e+04 1.534247191736024973e+01
3.900000000000000000e+01 3.716609477996826172e-01 1.164883845307625961e+03 0.000000000000000000e+00
4.000000000000000000e+01 6.477506637573242188e+01 1.285464165527466139e+04 2.767651979635676085e+01
4.000000000000000000e+01 3.692977428436279297e-01 1.764269684216298856e+03 0.000000000000000000e+00
