1.550435044446942629e+05
1.000000000000000000e+00 1.187748670578002930e+00 5.182062205330365941e+03 0.000000000000000000e+00
2.000000000000000000e+00 1.706449985504150391e+00 6.319355270949826263e+03 2.941281781867710610e+00
3.000000000000000000e+00 1.057176828384399414e+00 7.585060097814537585e+03 2.417679466950010791e+00
4.000000000000000000e+00 1.293872833251953125e+00 9.378368749000335811e+03 2.555889197096058219e+00
5.000000000000000000e+00 1.725560426712036133e+00 9.157347174092543355e+03 1.312992118808070652e+00
6.000000000000000000e+00 1.180217504501342773e+00 8.044017651179674431e+03 5.042434708753319450e-01
7.000000000000000000e+00 1.077615976333618164e+00 7.658600857812987670e+03 2.611298021917390910e-01
8.000000000000000000e+00 1.520172119140625000e+00 7.415631724055518134e+03 1.084824778506372073e-01
9.000000000000000000e+00 1.499981403350830078e+00 7.168372317047602337e+03 -4.602787514852088591e-02
1.000000000000000000e+01 7.959532737731933594e-01 6.831879796128269845e+03 -2.590341555251947647e-01
1.100000000000000000e+01 1.414307355880737305e+00 6.659612105827755840e+03 -3.630734547285789371e-01
1.200000000000000000e+01 8.273952007293701172e-01 8.269702965050755665e+03 7.802734936041922920e-01
1.300000000000000000e+01 1.433296203613281250e+00 7.847493692323554569e+03 4.326272966329928193e-01
1.400000000000000000e+01 1.777348518371582031e+00 7.055632113011834008e+03 -1.685133030370090101e-01
1.500000000000000000e+01 1.126814842224121094e+00 6.740369405985432422e+03 -4.039427683799739488e-01
1.600000000000000000e+01 8.170669078826904297e-01 7.008257845482319681e+03 -1.791336136173073690e-01
1.700000000000000000e+01 9.184014797210693359e-01 6.632781077410156286e+03 -4.786933342291411209e-01
1.800000000000000000e+01 1.212373256683349609e+00 6.541526596084539960e+03 -5.387250484192873667e-01
1.900000000000000000e+01 7.606313228607177734e-01 8.387895747679862325e+03 1.045216209729985080e+00
2.000000000000000000e+01 1.232002019882202148e+00 1.005838529898345951e+04 2.407555661664922297e+00
2.100000000000000000e+01 1.479565620422363281e+00 1.058236833059434321e+04 2.471820928378721138e+00
2.200000000000000000e+01 8.956172466278076172e-01 1.163523777930665710e+04 2.853890751091697986e+00
2.300000000000000000e+01 9.358334541320800781e-01 1.181836984295372531e+04 2.496728304796276721e+00
2.400000000000000000e+01 7.360324859619140625e-01 1.172516181533400959e+04 2.118597309818505803e+00
2.500000000000000000e+01 5.337226533889770508e+01 2.264847435635915099e+04 7.507528561246500587e+00
2.500000000000000000e+01 3.074133396148681641e-01 3.410424384375265618e+03 0.000000000000000000e+00
2.600000000000000000e+01 4.916533732414245605e+01 2.056827857937658337e+04 1.352271764474682314e+01
2.600000000000000000e+01 3.052034378051757812e-01 2.353680596180676730e+03 0.000000000000000000e+00
2.700000000000000000e+01 7.097766399383544922e-01 1.998920013713757726e+03 -1.133423952627920839e+00
2.800000000000000000e+01 7.436430454254150391e-01 2.592548451450001721e+03 -4.385365647721653493e-02
2.900000000000000000e+01 7.254462242126464844e-01 3.579357819696887418e+03 1.466669528748940188e+00
3.000000000000000000e+01 7.274308204650878906e-01 5.704138722163235798e+03 4.066755867665584390e+00
3.000000000000000000e+01 1.482072114944458008e+00 4.730846299894565163e+03 0.000000000000000000e+00
3.100000000000000000e+01 7.398033142089843750e-01 5.429191137897987574e+03 0.000000000000000000e+00
3.200000000000000000e+01 7.970213890075683594e-01 5.438657954088615043e+03 7.262779687155558328e-01
3.300000000000000000e+01 7.791612148284912109e-01 5.169045803741001691e+03 -7.518001236337527871e-02
3.400000000000000000e+01 8.105683326721191406e-01 4.622157179495735363e+03 -1.717192882036156165e+00
3.500000000000000000e+01 7.387061119079589844e-01 4.103419430227158045e+03 -2.537523514007537617e+00
3.600000000000000000e+01 7.848043441772460938e-01 3.647040401337566891e+03 -2.413278552345828221e+00
3.700000000000000000e+01 8.440327644348144531e-01 3.570545899970454684e+03 -1.715689506013232668e+00
3.800000000000000000e+01 8.025829792022705078e-01 3.703507254296452174e+03 -1.179226497210009938e+00
3.900000000000000000e+01 5.088957905769348145e+01 1.659334309063495675e+04 1.588737814560552586e+01
3.900000000000000000e+01 3.090505599975585938e-01 1.568160411650060723e+03 0.000000000000000000e+00
4.000000000000000000e+01 5.001639366149902344e+01 1.341442464710536842e+04 2.065951798599287770e+01
4.000000000000000000e+01 3.069586753845214844e-01 2.154154875699987315e+03 0.000000000000000000e+00
