1.600855301601763931e+05
1.000000000000000000e+00 1.150757789611816406e+00 4.717825119081066987e+03 0.000000000000000000e+00
2.000000000000000000e+00 1.136751651763916016e+00 5.657978542187870516e+03 1.989086954046726419e+00
3.000000000000000000e+00 1.120421409606933594e+00 6.662763294338268679e+03 1.999180003119204407e+00
4.000000000000000000e+00 1.092497348785400391e+00 8.404218731697432304e+03 2.525917662081443194e+00
5.000000000000000000e+00 1.134840965270996094e+00 8.135245313751850517e+03 1.271627040231366079e+00
6.000000000000000000e+00 1.148695230484008789e+00 7.180477184057136583e+03 5.165747982783456260e-01
7.000000000000000000e+00 1.076736688613891602e+00 6.910820363458043175e+03 3.205877740586100533e-01
8.000000000000000000e+00 1.100843667984008789e+00 6.668710234177653547e+03 1.527702836245331819e-01
9.000000000000000000e+00 1.097145795822143555e+00 6.313338305955262513e+03 -8.689436551529891584e-02
1.000000000000000000e+01 1.079257249832153320e+00 5.878871275050918484e+03 -3.834351758608192107e-01
1.100000000000000000e+01 1.140063285827636719e+00 5.691503164134477629e+03 -5.003446835073477317e-01
1.200000000000000000e+01 1.112448215484619141e+00 7.212832257094369197e+03 6.661883362592914137e-01
1.300000000000000000e+01 1.174073219299316406e+00 6.761823314279045917e+03 2.835104960588717971e-01
1.400000000000000000e+01 1.082081079483032227e+00 6.037946562971883395e+03 -3.049605020604320704e-01
1.500000000000000000e+01 1.073988676071166992e+00 5.836143208932316156e+03 -4.610910889969949134e-01
1.600000000000000000e+01 1.139322042465209961e+00 6.243514225840141080e+03 -9.843054241360757461e-02
1.700000000000000000e+01 1.167819499969482422e+00 5.711883113759487969e+03 -5.616718737884150991e-01
1.800000000000000000e+01 1.301055192947387695e+00 5.602342279841199343e+03 -6.398413193044553138e-01
1.900000000000000000e+01 1.120378971099853516e+00 7.652826336675037965e+03 1.251028977564469402e+00
2.000000000000000000e+01 1.093168497085571289e+00 9.169093081077990064e+03 2.537334552394666431e+00
2.100000000000000000e+01 1.097659111022949219e+00 9.439527945418158197e+03 2.372720995395685151e+00
2.200000000000000000e+01 1.103921890258789062e+00 1.070060525820645489e+04 2.980965636721919942e+00
2.300000000000000000e+01 1.106229305267333984e+00 1.091160370739327482e+04 2.595379379842289058e+00
2.400000000000000000e+01 1.114511013031005859e+00 1.100966962742562646e+04 2.291720304535382891e+00
2.500000000000000000e+01 6.533160042762756348e+01 2.249350727572163305e+04 8.056328597289370563e+00
2.500000000000000000e+01 1.060711383819580078e+00 2.878036113967226356e+03 0.000000000000000000e+00
2.600000000000000000e+01 6.312161898612976074e+01 2.643510034363049272e+04 2.244390203458626942e+01
2.600000000000000000e+01 8.925964832305908203e-01 1.926640001707738065e+03 0.000000000000000000e+00
2.700000000000000000e+01 1.257058620452880859e+00 1.744364082498304469e+03 -9.746991459371128208e-01
2.800000000000000000e+01 1.128247737884521484e+00 2.332097986946942001e+03 2.357305212178074094e-01
2.900000000000000000e+01 1.129439115524291992e+00 3.190855792192129684e+03 1.905360859641553883e+00
3.000000000000000000e+01 1.188346624374389648e+00 4.871527235732548434e+03 3.978661072885296246e+00
3.000000000000000000e+01 2.380297183990478516e+00 5.434389171289827573e+03 0.000000000000000000e+00
3.100000000000000000e+01 1.119699716567993164e+00 5.028964906926622461e+03 0.000000000000000000e+00
3.200000000000000000e+01 1.169963359832763672e+00 4.836787415463689285e+03 -1.377466300088558082e+00
3.300000000000000000e+01 1.166406393051147461e+00 4.605232873621489489e+03 -1.621936785890860877e+00
3.400000000000000000e+01 1.075176954269409180e+00 3.993243030931026169e+03 -2.800209182052248558e+00
3.500000000000000000e+01 1.159485340118408203e+00 3.446152673606004555e+03 -2.494766755054615093e+00
3.600000000000000000e+01 1.098433732986450195e+00 3.038597821988071246e+03 -2.096242268703905065e+00
3.700000000000000000e+01 1.189357042312622070e+00 3.048289618496083222e+03 -1.475408922463901762e+00
3.800000000000000000e+01 1.125732183456420898e+00 3.220283354911518472e+03 -1.030058673713816653e+00
3.900000000000000000e+01 6.431298232078552246e+01 1.622522023486633407e+04 1.310436488653765430e+01
3.900000000000000000e+01 9.409816265106201172e-01 1.175597770711289058e+03 0.000000000000000000e+00
4.000000000000000000e+01 6.577560544013977051e+01 2.285620584094429432e+04 5.145530920377709805e+01
4.000000000000000000e+01 9.112882614135742188e-01 1.757303989409587075e+03 0.000000000000000000e+00
