1.639400602862306696e+05
1.000000000000000000e+00 7.648279666900634766e-01 5.486162829689658793e+03 0.000000000000000000e+00
2.000000000000000000e+00 3.553494429588317871e+01 6.228451215810938265e+03 6.017424468282935202e+00
2.000000000000000000e+00 5.538651943206787109e-01 3.775694118457789955e+03 0.000000000000000000e+00
3.000000000000000000e+00 6.752254962921142578e-01 6.974456822233146340e+03 1.689132668602406184e+00
4.000000000000000000e+00 6.935262680053710938e-01 8.082014780173252802e+03 1.623592362776155040e+00
5.000000000000000000e+00 7.005612850189208984e-01 8.100819721923586258e+03 1.067750795988342771e+00
6.000000000000000000e+00 6.354179382324218750e-01 7.321942167567254728e+03 4.383614249005376440e-01
7.000000000000000000e+00 6.501553058624267578e-01 7.219483085560144900e+03 3.391342301257618819e-01
8.000000000000000000e+00 6.030910015106201172e-01 7.133636965145663453e+03 2.595784527706981870e-01
9.000000000000000000e+00 6.944808959960937500e-01 6.946227118181758669e+03 1.132939118796621875e-01
1.000000000000000000e+01 6.699001789093017578e-01 6.572590027917885891e+03 -1.710651183804905162e-01
1.100000000000000000e+01 6.837637424468994141e-01 6.322452658880093622e+03 -3.605577882063837336e-01
1.200000000000000000e+01 6.005694866180419922e-01 7.849604053725694939e+03 9.196635435815260218e-01
1.300000000000000000e+01 6.333882808685302734e-01 7.620648331482225331e+03 6.604631142239125730e-01
1.400000000000000000e+01 5.992560386657714844e-01 6.950683815069974116e+03 5.115168833334724635e-02
1.500000000000000000e+01 6.578838825225830078e-01 6.590850233865158771e+03 -2.715670041589592354e-01
1.600000000000000000e+01 6.130888462066650391e-01 6.767589937564775028e+03 -9.915110468835208746e-02
1.700000000000000000e+01 6.363947391510009766e-01 6.331004495829851294e+03 -5.133004432928677252e-01
1.800000000000000000e+01 5.958094596862792969e-01 6.256711522312582929e+03 -5.675852508545186081e-01
1.900000000000000000e+01 6.551702022552490234e-01 8.498090045903794817e+03 1.692536480381056530e+00
2.000000000000000000e+01 6.267006397247314453e-01 1.018758710928434812e+04 3.145495638656535142e+00
2.000000000000000000e+01 1.293225288391113281e+00 7.604265213823783597e+03 0.000000000000000000e+00
2.100000000000000000e+01 5.993332862854003906e-01 1.046152170475939238e+04 0.000000000000000000e+00
2.200000000000000000e+01 6.668126583099365234e-01 1.150238657342677106e+04 1.222288116336857744e+00
2.300000000000000000e+01 6.386489868164062500e-01 1.207760211026211618e+04 1.100667964113566821e+00
2.400000000000000000e+01 6.648626327514648438e-01 1.198634545508900192e+04 7.924524391672116419e-01
2.500000000000000000e+01 3.610776400566101074e+01 2.360600034874316407e+04 6.925791899316174671e+00
2.500000000000000000e+01 5.672495365142822266e-01 4.225301448006951432e+03 0.000000000000000000e+00
2.600000000000000000e+01 3.593677091598510742e+01 2.366693630320238299e+04 1.230717114679035795e+01
2.600000000000000000e+01 5.471420288085937500e-01 2.919795531983492765e+03 0.000000000000000000e+00
2.700000000000000000e+01 6.866447925567626953e-01 2.430889190272984706e+03 -1.180713903057521330e+00
2.800000000000000000e+01 7.058799266815185547e-01 2.877301190181346101e+03 -3.611322061707906150e-01
2.900000000000000000e+01 7.065136432647705078e-01 3.692642715003470130e+03 6.377487216441163342e-01
3.000000000000000000e+01 6.930642127990722656e-01 5.610592351536743990e+03 3.040532740466578066e+00
3.000000000000000000e+01 1.383086204528808594e+00 5.399365818417343689e+03 0.000000000000000000e+00
3.100000000000000000e+01 7.151520252227783203e-01 6.037921393722152970e+03 0.000000000000000000e+00
3.200000000000000000e+01 6.883754730224609375e-01 6.051648584349275552e+03 7.375084876455202387e-01
3.300000000000000000e+01 6.636176109313964844e-01 5.615754963536893229e+03 -5.738999696091208191e-01
3.400000000000000000e+01 7.118008136749267578e-01 5.088946130720979454e+03 -2.130600951936176379e+00
3.500000000000000000e+01 6.666543483734130859e-01 4.589852368891057267e+03 -2.525502428400242305e+00
3.600000000000000000e+01 6.397008895874023438e-01 4.175885011731014856e+03 -2.272167799766709351e+00
3.700000000000000000e+01 6.504740715026855469e-01 4.055437176728119994e+03 -1.723431048327033199e+00
3.800000000000000000e+01 6.371927261352539062e-01 4.083659378380903490e+03 -1.324754589789883807e+00
3.900000000000000000e+01 3.485623979568481445e+01 1.728280807715936317e+04 1.506574039288600630e+01
3.900000000000000000e+01 5.536155700683593750e-01 2.078118829549518068e+03 0.000000000000000000e+00
4.000000000000000000e+01 3.533248448371887207e+01 2.079815678799921443e+04 2.477183233676332463e+01
4.000000000000000000e+01 5.708718299865722656e-01 2.736975706802988952e+03 0.000000000000000000e+00
