1.526746227560990083e+05
1.000000000000000000e+00 9.324221611022949219e-01 5.016124602414752189e+03 0.000000000000000000e+00
2.000000000000000000e+00 9.917161464691162109e-01 6.297486762503433965e+03 2.541210012640191973e+00
3.000000000000000000e+00 9.102909564971923828e-01 7.535132076710526235e+03 2.127906379352884070e+00
4.000000000000000000e+00 8.778467178344726562e-01 9.023921933538806115e+03 2.165587071514988970e+00
5.000000000000000000e+00 9.356188774108886719e-01 8.852051946606683487e+03 1.246787943005408739e+00
6.000000000000000000e+00 1.014070272445678711e+00 7.763937516447555936e+03 4.762934001054666133e-01
7.000000000000000000e+00 9.642369747161865234e-01 7.475774817865994009e+03 2.869773112888894251e-01
8.000000000000000000e+00 9.102473258972167969e-01 7.277700392340901999e+03 1.575858077112640698e-01
9.000000000000000000e+00 9.038925170898437500e-01 7.040663050308580750e+03 6.420787235885858438e-03
1.000000000000000000e+01 9.567041397094726562e-01 6.615176732914609602e+03 -2.663026346772823794e-01
1.100000000000000000e+01 9.097969532012939453e-01 6.378796804666193566e+03 -4.132483542405345767e-01
1.200000000000000000e+01 9.339425563812255859e-01 7.869646794530693114e+03 6.491916231070612442e-01
1.300000000000000000e+01 1.128502845764160156e+00 7.435065532531531062e+03 3.029103832246820005e-01
1.400000000000000000e+01 9.668221473693847656e-01 6.725231763658464843e+03 -2.371740785520135286e-01
1.500000000000000000e+01 9.010891914367675781e-01 6.410360560274262753e+03 -4.722340048867073037e-01
1.600000000000000000e+01 9.650900363922119141e-01 6.659151086352094353e+03 -2.576182446819628158e-01
1.700000000000000000e+01 9.712755680084228516e-01 6.160350467566178850e+03 -6.574973903578086309e-01
1.800000000000000000e+01 8.577876091003417969e-01 6.063398202994130770e+03 -7.127088924737690068e-01
1.900000000000000000e+01 9.079871177673339844e-01 8.018080196635050015e+03 9.646433294965882643e-01
2.000000000000000000e+01 9.842591285705566406e-01 9.670197864848738391e+03 2.317914118173507010e+00
2.100000000000000000e+01 9.123294353485107422e-01 1.006407683812752293e+04 2.313975057529602974e+00
2.200000000000000000e+01 9.101076126098632812e-01 1.127594279581298179e+04 2.874322157346194562e+00
2.300000000000000000e+01 1.086524724960327148e+00 1.184631600549262475e+04 2.749532894629210578e+00
2.400000000000000000e+01 9.629957675933837891e-01 1.147994209694572055e+04 2.136903061441237650e+00
2.500000000000000000e+01 5.945092177391052246e+01 2.386524805419619952e+04 8.245512255538667290e+00
2.500000000000000000e+01 3.383855819702148438e-01 3.128296103640304864e+03 0.000000000000000000e+00
2.600000000000000000e+01 5.722912955284118652e+01 2.058156083494235281e+04 1.507314091465842765e+01
2.600000000000000000e+01 4.101614952087402344e-01 2.086726782857600938e+03 0.000000000000000000e+00
2.700000000000000000e+01 8.759458065032958984e-01 1.844828668243927950e+03 -1.034984486317322760e+00
2.800000000000000000e+01 9.725799560546875000e-01 2.466288544521538370e+03 1.645753477913980134e-01
2.900000000000000000e+01 8.562684059143066406e-01 3.449201041740166602e+03 1.904043444299803323e+00
3.000000000000000000e+01 8.554794788360595703e-01 5.234530129406097331e+03 3.876796721322321115e+00
3.000000000000000000e+01 1.675659418106079102e+00 4.492238726552076514e+03 0.000000000000000000e+00
3.100000000000000000e+01 1.015854835510253906e+00 5.149607785112537385e+03 0.000000000000000000e+00
3.200000000000000000e+01 9.725739955902099609e-01 5.238737716121498124e+03 8.988541042538639170e-01
3.300000000000000000e+01 8.392069339752197266e-01 4.989550995375199818e+03 7.200370607334202755e-02
3.400000000000000000e+01 8.563103675842285156e-01 4.310700037580950266e+03 -1.971213049183076826e+00
3.500000000000000000e+01 9.532394409179687500e-01 3.731352315043486669e+03 -2.683049402706593423e+00
3.600000000000000000e+01 9.177737236022949219e-01 3.293821898252469964e+03 -2.332456107381645882e+00
3.700000000000000000e+01 8.705918788909912109e-01 3.289791139186111195e+03 -1.580825140134799689e+00
3.800000000000000000e+01 1.114740133285522461e+00 3.488701325500391249e+03 -1.030157162300464391e+00
3.900000000000000000e+01 5.957928538322448730e+01 1.576940164479612213e+04 1.450254190513713937e+01
3.900000000000000000e+01 3.481881618499755859e-01 1.377498813263941429e+03 0.000000000000000000e+00
4.000000000000000000e+01 6.015523695945739746e+01 1.326798668027467284e+04 2.370770801624335888e+01
4.000000000000000000e+01 3.861405849456787109e-01 1.929384164921086494e+03 0.000000000000000000e+00
