2.303024444638834684e+05
1.000000000000000000e+00 4.638767242431640625e-02 1.453949214855237551e+04 0.000000000000000000e+00
2.000000000000000000e+00 5.791473388671875000e-02 1.491437710610331123e+04 -6.252095340512422439e-01
3.000000000000000000e+00 1.460328102111816406e-01 1.529726133405178189e+04 -4.196456938037102513e-01
4.000000000000000000e+00 1.962535381317138672e-01 1.567079390214411069e+04 -2.514155627933591930e-01
5.000000000000000000e+00 1.307144165039062500e-01 1.632712218157775169e+04 1.499739949515121844e-02
6.000000000000000000e+00 1.502549648284912109e-01 1.640248290876793908e+04 4.546377923126033310e-02
7.000000000000000000e+00 1.745953559875488281e-01 1.646873345091062220e+04 7.300195814471281686e-02
8.000000000000000000e+00 1.970632076263427734e-01 1.642665230214529583e+04 4.817342591334938112e-02
9.000000000000000000e+00 2.134919166564941406e-01 1.630638342662525974e+04 -1.775461750390296828e-02
1.000000000000000000e+01 2.526936531066894531e-01 1.617545509150916041e+04 -9.029735707189201488e-02
1.100000000000000000e+01 2.660503387451171875e-01 1.608515751684154930e+04 -1.397945750682055011e-01
1.200000000000000000e+01 3.009874820709228516e-01 1.571671690461872458e+04 -3.621755336196225139e-01
1.300000000000000000e+01 3.013355731964111328e-01 1.513269787602118595e+04 -7.225192993407866249e-01
1.400000000000000000e+01 3.226864337921142578e-01 1.509364756800868417e+04 -7.102183990185977347e-01
1.500000000000000000e+01 3.232021331787109375e-01 1.495893105098551678e+04 -7.658103581616684252e-01
1.600000000000000000e+01 3.425834178924560547e-01 1.466554006873310391e+04 -9.280826998114555249e-01
1.700000000000000000e+01 3.627066612243652344e-01 1.477363958786768308e+04 -8.049030847061429128e-01
1.800000000000000000e+01 3.727462291717529297e-01 1.484789236966093267e+04 -7.177334789454236086e-01
1.900000000000000000e+01 4.022998809814453125e-01 1.555532832437050274e+04 -1.941542374027742102e-01
2.000000000000000000e+01 4.050095081329345703e-01 1.704290896935057754e+04 8.805012085328228766e-01
2.100000000000000000e+01 4.681739807128906250e-01 1.883356670001752718e+04 2.140394531556077062e+00
2.200000000000000000e+01 4.380507469177246094e-01 2.005973713837895048e+04 2.720400897218532954e+00
2.300000000000000000e+01 4.522349834442138672e-01 1.960973515454914013e+04 2.035638950889635534e+00
2.400000000000000000e+01 4.666628837585449219e-01 1.892432556126645432e+04 1.452195719460188217e+00
2.500000000000000000e+01 1.989921808242797852e+00 3.328176349220013071e+04 9.235397232632816866e+00
2.500000000000000000e+01 4.981040954589843750e-02 1.596274300226410560e+04 0.000000000000000000e+00
2.600000000000000000e+01 9.462070465087890625e-02 2.123108009229033632e+04 2.263861357653244311e-01
2.700000000000000000e+01 6.520605087280273438e-02 9.553860897005179140e+03 -2.667492030137224468e+00
2.800000000000000000e+01 7.637262344360351562e-02 9.052514194664681781e+03 -1.358308665888117384e+00
2.900000000000000000e+01 1.159884929656982422e-01 9.376325891802252954e+03 -9.790100429372958768e-01
3.000000000000000000e+01 1.309497356414794922e-01 1.026359202200451546e+04 -6.978704873451285762e-01
3.100000000000000000e+01 1.511573791503906250e-01 1.100186043798723585e+04 -5.113828638212759570e-01
3.200000000000000000e+01 1.736528873443603516e-01 1.160316244290111536e+04 -3.723530327634080872e-01
3.300000000000000000e+01 2.137956619262695312e-01 1.139361228835949441e+04 -3.884287037620407501e-01
3.400000000000000000e+01 2.096993923187255859e-01 1.130996891361759663e+04 -3.834990894792989491e-01
3.500000000000000000e+01 2.544891834259033203e-01 1.125920392027853268e+04 -3.748376055522401051e-01
3.600000000000000000e+01 2.503910064697265625e-01 1.117555349031407786e+04 -3.753194829426919621e-01
3.700000000000000000e+01 2.710392475128173828e-01 1.112865838284340862e+04 -3.697730390642797182e-01
3.800000000000000000e+01 3.911428451538085938e-01 1.106569442727972819e+04 -3.694610972208806077e-01
3.900000000000000000e+01 3.434169292449951172e-01 2.508471031923431292e+04 2.852767304738008658e+00
4.000000000000000000e+01 4.506189823150634766e-01 2.417521035827645028e+04 2.053832983166150594e+00
