1.614609680051272735e+05
1.000000000000000000e+00 1.027263879776000977e+00 5.044708503683108574e+03 0.000000000000000000e+00
2.000000000000000000e+00 4.390014553070068359e+01 5.951060551075775948e+03 1.633733506639498856e+01
2.000000000000000000e+00 8.191983699798583984e-01 3.389277955448590092e+03 0.000000000000000000e+00
3.000000000000000000e+00 8.293831348419189453e-01 6.858887928637378536e+03 2.188359182199801634e+00
4.000000000000000000e+00 8.098430633544921875e-01 8.057083990962383723e+03 1.698246508804628352e+00
5.000000000000000000e+00 8.037242889404296875e-01 8.045264429584894060e+03 1.075446101117940811e+00
6.000000000000000000e+00 7.694683074951171875e-01 7.081755707578596230e+03 3.926065403668806408e-01
7.000000000000000000e+00 7.985837459564208984e-01 6.932225363430851758e+03 2.787743283214007550e-01
8.000000000000000000e+00 7.933573722839355469e-01 6.813182651860149235e+03 1.896133444634192089e-01
9.000000000000000000e+00 7.612617015838623047e-01 6.579612248574274417e+03 2.989509103200740231e-02
1.000000000000000000e+01 7.658023834228515625e-01 6.212081508565019249e+03 -2.219579661223781419e-01
1.100000000000000000e+01 7.613723278045654297e-01 6.002712878741174791e+03 -3.621525201553935647e-01
1.200000000000000000e+01 7.593698501586914062e-01 7.552469579632903333e+03 8.245745399065143033e-01
1.300000000000000000e+01 7.586371898651123047e-01 7.141096127046124820e+03 4.532967514165663347e-01
1.400000000000000000e+01 7.507872581481933594e-01 6.453887530277574115e+03 -1.130904370067156439e-01
1.500000000000000000e+01 7.519280910491943359e-01 6.212940445673398244e+03 -3.085492575554846795e-01
1.600000000000000000e+01 7.646827697753906250e-01 6.556076125586988383e+03 -4.291802123067128480e-03
1.700000000000000000e+01 7.629871368408203125e-01 6.056461926603841675e+03 -4.465707391065031340e-01
1.800000000000000000e+01 7.614195346832275391e-01 5.947267345109785310e+03 -5.306386142114276616e-01
1.900000000000000000e+01 8.205592632293701172e-01 8.017263972531579384e+03 1.410992322090773410e+00
2.000000000000000000e+01 8.294353485107421875e-01 9.510158588554557355e+03 2.659182988269054526e+00
2.100000000000000000e+01 7.493784427642822266e-01 1.000313021485992067e+04 2.606904946299354542e+00
2.200000000000000000e+01 7.745213508605957031e-01 1.102050344527869856e+04 2.916910514087557083e+00
2.300000000000000000e+01 7.992477416992187500e-01 1.139503781767894179e+04 2.634153792460507404e+00
2.400000000000000000e+01 7.687461376190185547e-01 1.144298341857681407e+04 2.274075439133526721e+00
2.500000000000000000e+01 4.480494260787963867e+01 2.266061608530892045e+04 7.642908128141228552e+00
2.500000000000000000e+01 6.410555839538574219e-01 3.784285699080352060e+03 0.000000000000000000e+00
2.600000000000000000e+01 4.387927246093750000e+01 2.716873408228459448e+04 1.677075122524133377e+01
2.600000000000000000e+01 6.907401084899902344e-01 2.601416144993248054e+03 0.000000000000000000e+00
2.700000000000000000e+01 9.824063777923583984e-01 2.152026516593590259e+03 -1.195712119087416925e+00
2.800000000000000000e+01 8.016302585601806641e-01 2.656245434626055157e+03 -2.518897778039257407e-01
2.900000000000000000e+01 7.966988086700439453e-01 3.504522463733746463e+03 9.010191781958118984e-01
3.000000000000000000e+01 7.773041725158691406e-01 5.348087201008211196e+03 3.325006754620786431e+00
3.000000000000000000e+01 1.563726425170898438e+00 5.067587960362631748e+03 0.000000000000000000e+00
3.100000000000000000e+01 8.019225597381591797e-01 5.557609159936092510e+03 0.000000000000000000e+00
3.200000000000000000e+01 7.931809425354003906e-01 5.561440129059204992e+03 7.181630548654295287e-01
3.300000000000000000e+01 8.961629867553710938e-01 5.246694524850475318e+03 -5.240756169585930602e-01
3.400000000000000000e+01 7.962255477905273438e-01 4.607135790673322845e+03 -3.084282790152980347e+00
3.500000000000000000e+01 7.683913707733154297e-01 4.121401360765706158e+03 -2.739518102253859499e+00
3.600000000000000000e+01 7.686660289764404297e-01 3.716343517207862078e+03 -2.307197736936722254e+00
3.700000000000000000e+01 8.396902084350585938e-01 3.656026304609091767e+03 -1.650580409957153272e+00
3.800000000000000000e+01 7.733807563781738281e-01 3.755853710511508325e+03 -1.192495646024369194e+00
3.900000000000000000e+01 4.320858788490295410e+01 1.655614531271776650e+04 1.500370583907780642e+01
3.900000000000000000e+01 6.639614105224609375e-01 1.784143485310444703e+03 0.000000000000000000e+00
4.000000000000000000e+01 4.373316431045532227e+01 1.931311627869374570e+04 2.708181407969164312e+01
4.000000000000000000e+01 6.482846736907958984e-01 2.405526300371441721e+03 0.000000000000000000e+00
