1.749302373269622913e+05
1.000000000000000000e+00 1.982479095458984375e-01 7.427656393816647324e+03 0.000000000000000000e+00
2.000000000000000000e+00 1.882662773132324219e-01 8.043616288869860000e+03 -3.793236525369994561e-01
3.000000000000000000e+00 1.904580593109130859e-01 8.744955945481691742e+03 1.625618546842552969e-01
4.000000000000000000e+00 2.404479980468750000e-01 1.091422159860037391e+04 2.049123464618183732e+00
5.000000000000000000e+00 2.136154174804687500e-01 1.109907658916068249e+04 1.428585375392159573e+00
6.000000000000000000e+00 2.062828540802001953e-01 1.067418500412429967e+04 8.384255649106300279e-01
7.000000000000000000e+00 1.778171062469482422e-01 1.059678184477204013e+04 6.915793138528772976e-01
8.000000000000000000e+00 1.760098934173583984e-01 1.036848717430690158e+04 4.713936123831347635e-01
9.000000000000000000e+00 1.771564483642578125e-01 1.011744848649552841e+04 2.556246672551833465e-01
1.000000000000000000e+01 1.789863109588623047e-01 9.837521297777129803e+03 2.378726103599920760e-02
1.100000000000000000e+01 1.773800849914550781e-01 9.642274668819689396e+03 -1.384635742582856766e-01
1.200000000000000000e+01 1.849660873413085938e-01 1.015961703948051763e+04 3.147403624590593418e-01
1.300000000000000000e+01 1.739907264709472656e-01 9.979619323632619853e+03 1.401575176278918589e-01
1.400000000000000000e+01 1.745445728302001953e-01 9.797295163682505517e+03 -3.534617513918161119e-02
1.500000000000000000e+01 1.739826202392578125e-01 9.530720228692487581e+03 -2.932285195783982390e-01
1.600000000000000000e+01 2.036647796630859375e-01 9.530510232650449325e+03 -2.839452423426558902e-01
1.700000000000000000e+01 1.852631568908691406e-01 9.309401773579464134e+03 -5.037297517072379938e-01
1.800000000000000000e+01 1.931884288787841797e-01 9.171633140934074618e+03 -6.323717309103444872e-01
1.900000000000000000e+01 1.830489635467529297e-01 1.064990790037884653e+04 9.804653354001044985e-01
2.000000000000000000e+01 2.073767185211181641e-01 1.303374766114317572e+04 3.503724794578920942e+00
2.000000000000000000e+01 3.936977386474609375e-01 1.040944874395885017e+04 0.000000000000000000e+00
2.100000000000000000e+01 2.164647579193115234e-01 1.360595545567969384e+04 0.000000000000000000e+00
2.200000000000000000e+01 2.423007488250732422e-01 1.396526223999372814e+04 8.660729818725508844e-01
2.300000000000000000e+01 1.767890453338623047e-01 1.426436683455365164e+04 8.194912668488519847e-01
2.400000000000000000e+01 2.575263977050781250e-01 1.323971407612911389e+04 9.979368391363391266e-02
2.500000000000000000e+01 1.051854968070983887e+01 2.696150092642859818e+04 8.940705193981662191e+00
2.500000000000000000e+01 1.560437679290771484e-01 7.456519373147904844e+03 0.000000000000000000e+00
2.600000000000000000e+01 1.991076469421386719e-01 1.948684973782633824e+04 3.856270717120563685e+00
2.600000000000000000e+01 3.446562290191650391e-01 1.832822389969792494e+04 0.000000000000000000e+00
2.700000000000000000e+01 1.462950706481933594e-01 9.004116274954123583e+03 0.000000000000000000e+00
2.800000000000000000e+01 1.865861415863037109e-01 7.174046638694922876e+03 -9.846785772066596332e-01
2.900000000000000000e+01 2.234957218170166016e-01 7.116976313489340100e+03 -7.330615905744437555e-01
3.000000000000000000e+01 1.989176273345947266e-01 8.455355724809323874e+03 -3.643166381842647961e-01
3.100000000000000000e+01 2.033653259277343750e-01 9.378976501182862194e+03 -1.349688992934925391e-01
3.200000000000000000e+01 2.020924091339111328e-01 9.632406332411355834e+03 -6.556825754349523971e-02
3.300000000000000000e+01 1.669588088989257812e-01 8.880085174213609207e+03 -2.564013364142356255e-01
3.400000000000000000e+01 1.552269458770751953e-01 8.560951838174642035e+03 -3.300302149479522607e-01
3.500000000000000000e+01 1.912796497344970703e-01 8.281627096254036587e+03 -3.940420438372589929e-01
3.600000000000000000e+01 1.845631599426269531e-01 7.991247240001779574e+03 -4.631710967332902107e-01
3.700000000000000000e+01 1.755709648132324219e-01 7.827679478649218254e+03 -4.921324078618075637e-01
3.800000000000000000e+01 1.867587566375732422e-01 7.713391253030602456e+03 -5.064064332181849037e-01
3.900000000000000000e+01 2.009088993072509766e-01 1.938939618412773780e+04 3.574478198411451313e+00
3.900000000000000000e+01 3.777034282684326172e-01 1.698288482845172621e+04 0.000000000000000000e+00
4.000000000000000000e+01 1.768743991851806641e-01 1.547309902463593062e+04 0.000000000000000000e+00
