1.603251850251448632e+05
1.000000000000000000e+00 1.367360830307006836e+00 5.684880154184999810e+03 0.000000000000000000e+00
2.000000000000000000e+00 1.342483997344970703e+00 6.614234287023315119e+03 9.433035023629228188e-01
3.000000000000000000e+00 1.432959794998168945e+00 7.668259587886118425e+03 2.801791493078300554e+00
4.000000000000000000e+00 1.457628011703491211e+00 9.316692829545178029e+03 3.318734118835211078e+00
4.000000000000000000e+00 2.743764162063598633e+00 7.489808581796426552e+03 0.000000000000000000e+00
5.000000000000000000e+00 1.315012931823730469e+00 8.405399355509431189e+03 0.000000000000000000e+00
6.000000000000000000e+00 1.277398586273193359e+00 7.968737409480428141e+03 3.264252927828909662e-02
7.000000000000000000e+00 1.389360427856445312e+00 8.008635906865271863e+03 1.178873674256508547e-01
8.000000000000000000e+00 1.162089347839355469e+00 7.979181228178042147e+03 2.943741196823563763e-02
9.000000000000000000e+00 1.352595329284667969e+00 7.733588772369614162e+03 -7.291647165383813300e-01
1.000000000000000000e+01 1.258510351181030273e+00 7.310764658663138107e+03 -2.025978419560760191e+00
1.100000000000000000e+01 1.313425302505493164e+00 7.037558470767997278e+03 -2.206545532388019204e+00
1.200000000000000000e+01 1.344503879547119141e+00 8.295168817410794873e+03 1.253462719007017556e+00
1.300000000000000000e+01 1.360692977905273438e+00 8.040673209448694251e+03 5.249583004307544210e-01
1.400000000000000000e+01 1.287947893142700195e+00 7.465676696255731258e+03 -8.342632783481568337e-01
1.500000000000000000e+01 1.161412000656127930e+00 7.213155161213904648e+03 -1.366884992936427290e+00
1.600000000000000000e+01 1.174387931823730469e+00 7.437866977349534864e+03 -7.018885204471261297e-01
1.700000000000000000e+01 1.349836349487304688e+00 7.107450837592403332e+03 -1.434250906247819035e+00
1.800000000000000000e+01 1.350928544998168945e+00 7.025323419419927632e+03 -1.472786891259176167e+00
1.900000000000000000e+01 1.529543161392211914e+00 8.844826794254397100e+03 2.635686785559380407e+00
2.000000000000000000e+01 1.245397806167602539e+00 1.010519751312952394e+04 4.460252347261699057e+00
2.000000000000000000e+01 2.628943920135498047e+00 7.966018235687317429e+03 0.000000000000000000e+00
2.100000000000000000e+01 1.336199998855590820e+00 9.183960745152409800e+03 0.000000000000000000e+00
2.200000000000000000e+01 1.334030628204345703e+00 1.135630698568315529e+04 3.229525936158029520e+00
2.200000000000000000e+01 2.696314573287963867e+00 9.120037811503118064e+03 0.000000000000000000e+00
2.300000000000000000e+01 1.410727262496948242e+00 1.036937566994104236e+04 0.000000000000000000e+00
2.400000000000000000e+01 1.373715639114379883e+00 1.144729002593266705e+04 1.927274000985689462e+00
2.500000000000000000e+01 2.794004058837890625e+01 2.210150081696135021e+04 1.012234075113075527e+01
2.500000000000000000e+01 2.150397300720214844e-01 4.801534234778797327e+03 0.000000000000000000e+00
2.600000000000000000e+01 2.919353771209716797e+01 2.037016227221423105e+04 8.463863930052186291e+00
2.600000000000000000e+01 2.107400894165039062e-01 3.384910290925216486e+03 0.000000000000000000e+00
2.700000000000000000e+01 1.072131633758544922e+00 2.746572971800959294e+03 -1.240500706865833136e+00
2.800000000000000000e+01 1.218733549118041992e+00 3.176508635147066343e+03 -4.647477814967958532e-01
2.900000000000000000e+01 1.319700241088867188e+00 4.001565660000991556e+03 3.963104717935909127e-01
3.000000000000000000e+01 1.297732114791870117e+00 5.677044036288772986e+03 2.212349740834487655e+00
3.100000000000000000e+01 1.337560176849365234e+00 5.762080905318584882e+03 1.524407568084001019e+00
3.200000000000000000e+01 1.168089389801025391e+00 5.696837658978432955e+03 1.157809429996955464e+00
3.300000000000000000e+01 1.245755672454833984e+00 5.606440609729254902e+03 9.287927473280986890e-01
3.400000000000000000e+01 1.234245777130126953e+00 5.175283818101172983e+03 4.893584179653410748e-01
3.500000000000000000e+01 1.304055452346801758e+00 4.846818821421719804e+03 1.830587484926076147e-01
3.600000000000000000e+01 1.292394876480102539e+00 4.489928504266051277e+03 -1.426359964168464334e-01
3.700000000000000000e+01 1.200856685638427734e+00 4.395845471613243717e+03 -2.247777151055976308e-01
3.800000000000000000e+01 1.308397531509399414e+00 4.432033249546177103e+03 -1.810674724519252266e-01
3.900000000000000000e+01 2.837065052986145020e+01 1.526112865499306463e+04 1.077116537669497021e+01
3.900000000000000000e+01 2.095115184783935547e-01 2.521201259792047040e+03 0.000000000000000000e+00
4.000000000000000000e+01 2.854910063743591309e+01 1.307409444283740595e+04 1.113172964948245358e+01
4.000000000000000000e+01 2.283978462219238281e-01 3.216671141157008606e+03 0.000000000000000000e+00
