1.468954624417260347e+05
1.000000000000000000e+00 2.634937286376953125e+00 4.921077899178668304e+03 0.000000000000000000e+00
2.000000000000000000e+00 2.471323251724243164e+00 5.960150481214176580e+03 2.350216780929565541e+00
3.000000000000000000e+00 2.603435039520263672e+00 6.791836306973349565e+03 1.883534376021948953e+00
4.000000000000000000e+00 2.543710947036743164e+00 8.247270370816315335e+03 2.340135713884086144e+00
5.000000000000000000e+00 2.352491855621337891e+00 8.029047518326881800e+03 1.244971813834675478e+00
6.000000000000000000e+00 2.652936697006225586e+00 6.772386065370744291e+03 2.628642082198935359e-01
7.000000000000000000e+00 2.425931215286254883e+00 6.704294081908472435e+03 2.013706634919201210e-01
8.000000000000000000e+00 2.503716468811035156e+00 6.581394456183362308e+03 1.042352023892297030e-01
9.000000000000000000e+00 2.559544086456298828e+00 6.322625996348110675e+03 -9.338560774672503839e-02
1.000000000000000000e+01 2.640425682067871094e+00 5.995746069557670126e+03 -3.467179567336577950e-01
1.100000000000000000e+01 2.548087596893310547e+00 5.927918069659067442e+03 -3.862572412333825089e-01
1.200000000000000000e+01 3.161883115768432617e+00 7.388743056977697961e+03 8.877361132077933314e-01
1.300000000000000000e+01 2.569796800613403320e+00 6.776087437718231740e+03 2.958330104493008816e-01
1.400000000000000000e+01 2.825295209884643555e+00 6.104445195622070059e+03 -3.212665152931763468e-01
1.500000000000000000e+01 2.609586954116821289e+00 5.993506668800285297e+03 -4.135510452245981794e-01
1.600000000000000000e+01 2.441122293472290039e+00 6.358557971092622211e+03 -4.840603265555299545e-02
1.700000000000000000e+01 2.614731311798095703e+00 5.858706975405702906e+03 -5.428588678685449809e-01
1.800000000000000000e+01 2.588046073913574219e+00 5.827802773738025280e+03 -5.552681827312888618e-01
1.900000000000000000e+01 2.478313922882080078e+00 7.530230016910300037e+03 1.223954768494614376e+00
2.000000000000000000e+01 2.343538284301757812e+00 8.647442514336062231e+03 2.292791650698493555e+00
2.100000000000000000e+01 2.402948617935180664e+00 9.021252560233095210e+03 2.342081521334127281e+00
2.200000000000000000e+01 2.590228319168090820e+00 1.013388702076869049e+04 2.986978783799725257e+00
2.300000000000000000e+01 2.678429365158081055e+00 1.008502959488125452e+04 2.429991432499159387e+00
2.400000000000000000e+01 2.775438785552978516e+00 1.020030748945523737e+04 2.200849653021247132e+00
2.500000000000000000e+01 5.884989213943481445e+01 2.136536129380265629e+04 8.940917682604432315e+00
2.500000000000000000e+01 3.403577804565429688e-01 3.107747064047925960e+03 0.000000000000000000e+00
2.600000000000000000e+01 5.831235098838806152e+01 2.033777747575307876e+04 1.497431270769276601e+01
2.600000000000000000e+01 3.457500934600830078e-01 2.117339830646335486e+03 0.000000000000000000e+00
2.700000000000000000e+01 2.701642036437988281e+00 1.833427175083403426e+03 -1.086368647623825456e+00
2.800000000000000000e+01 2.734319686889648438e+00 2.431239363994601263e+03 7.864558538215281336e-02
2.900000000000000000e+01 2.754066467285156250e+00 3.215871710138101207e+03 1.428721526942359654e+00
3.000000000000000000e+01 2.623476743698120117e+00 4.901074473476799540e+03 3.769261412163487091e+00
3.000000000000000000e+01 5.279269456863403320e+00 4.588213164295097158e+03 0.000000000000000000e+00
3.100000000000000000e+01 2.638676166534423828e+00 4.422876497011896390e+03 0.000000000000000000e+00
3.200000000000000000e+01 2.792334079742431641e+00 4.457634239303848517e+03 -4.098050915223184210e-01
3.300000000000000000e+01 2.730000495910644531e+00 4.345814761441826704e+03 -1.649126171517901085e+00
3.400000000000000000e+01 2.569757461547851562e+00 3.781545567340287107e+03 -6.643981840114391524e+00
3.500000000000000000e+01 2.654627084732055664e+00 3.351460217615830516e+03 -3.091142403359726565e+00
3.600000000000000000e+01 2.749989271163940430e+00 3.001740235066176410e+03 -2.387543752027153410e+00
3.700000000000000000e+01 2.573451995849609375e+00 3.050858373680279783e+03 -1.515278242244099349e+00
3.800000000000000000e+01 2.599170923233032227e+00 3.258256060348490792e+03 -9.276088975677926340e-01
3.900000000000000000e+01 6.096068739891052246e+01 1.418497609154993006e+04 1.584381962844808456e+01
3.900000000000000000e+01 3.456747531890869141e-01 1.377570850108937520e+03 0.000000000000000000e+00
4.000000000000000000e+01 6.094943809509277344e+01 1.274207722244590514e+04 2.262648660918382859e+01
4.000000000000000000e+01 3.430011272430419922e-01 1.923925377980628127e+03 0.000000000000000000e+00
