1.544060731776237080e+05
1.000000000000000000e+00 1.857401371002197266e+00 5.375729328966787762e+03 0.000000000000000000e+00
2.000000000000000000e+00 2.091602325439453125e+00 6.296288673955250488e+03 3.565575594618844768e+00
2.000000000000000000e+00 4.323842287063598633e+00 5.176230957154316457e+03 0.000000000000000000e+00
3.000000000000000000e+00 1.995566129684448242e+00 6.868626136894475167e+03 0.000000000000000000e+00
4.000000000000000000e+00 1.910651683807373047e+00 8.781820460996881593e+03 2.305826390525226532e+00
5.000000000000000000e+00 2.073441982269287109e+00 8.604359198744121386e+03 9.214002086018259208e-01
6.000000000000000000e+00 1.891651868820190430e+00 7.628696875834233651e+03 1.602062115392779706e-01
7.000000000000000000e+00 2.096402168273925781e+00 7.431937955356817838e+03 1.360309247329599854e-02
8.000000000000000000e+00 2.679824590682983398e+00 7.367712869608459187e+03 -3.618586257055336763e-02
9.000000000000000000e+00 1.869596481323242188e+00 7.289127400299124020e+03 -9.945606276038436444e-02
1.000000000000000000e+01 2.003517389297485352e+00 7.032725892754551751e+03 -3.245334188253998775e-01
1.100000000000000000e+01 1.981328248977661133e+00 6.882850174985649574e+03 -4.494993953276983367e-01
1.200000000000000000e+01 1.645422697067260742e+00 8.087381142472498141e+03 7.823289390926270181e-01
1.300000000000000000e+01 1.964377880096435547e+00 7.444726684090772324e+03 6.898478735322248478e-02
1.400000000000000000e+01 2.105200290679931641e+00 6.894658463034233137e+03 -5.247427127046087048e-01
1.500000000000000000e+01 1.947955369949340820e+00 6.698822328719004872e+03 -7.174581303937865862e-01
1.600000000000000000e+01 2.091864585876464844e+00 6.954722927237550721e+03 -3.901942507627174650e-01
1.700000000000000000e+01 2.008059740066528320e+00 6.611585526541846775e+03 -7.769695215941476718e-01
1.800000000000000000e+01 2.077688932418823242e+00 6.547265984615790330e+03 -8.154764775453161585e-01
1.900000000000000000e+01 1.832191944122314453e+00 8.456013020695621890e+03 1.514414103160940384e+00
2.000000000000000000e+01 1.893494129180908203e+00 9.565821750704166334e+03 2.672249675626134469e+00
2.100000000000000000e+01 2.037740230560302734e+00 9.806182768231221416e+03 2.446135135644373015e+00
2.200000000000000000e+01 1.889796257019042969e+00 1.116411971247726433e+04 3.310432518276601677e+00
2.200000000000000000e+01 3.901239156723022461e+00 8.975471661725161539e+03 0.000000000000000000e+00
2.300000000000000000e+01 1.989633083343505859e+00 9.724108118000278409e+03 0.000000000000000000e+00
2.400000000000000000e+01 1.968559741973876953e+00 1.089171833304934444e+04 2.912783766119455553e+00
2.500000000000000000e+01 3.795619773864746094e+01 2.167175058178687323e+04 1.222704235495060665e+01
2.500000000000000000e+01 2.410540580749511719e-01 4.175775917864089024e+03 0.000000000000000000e+00
2.600000000000000000e+01 3.636124229431152344e+01 2.039270500970384455e+04 1.027729540553492527e+01
2.600000000000000000e+01 2.400126457214355469e-01 2.946559486348815881e+03 0.000000000000000000e+00
2.700000000000000000e+01 1.868122816085815430e+00 2.419228217671391576e+03 -1.213296481738712185e+00
2.800000000000000000e+01 2.018279075622558594e+00 2.890213070801706181e+03 -3.584333239774723512e-01
2.900000000000000000e+01 2.038849830627441406e+00 3.680133645043748857e+03 5.897339495527602615e-01
3.000000000000000000e+01 2.096634149551391602e+00 5.278404509427136873e+03 2.557942622442239688e+00
3.100000000000000000e+01 1.963938713073730469e+00 5.161785210551589444e+03 1.442226371069797342e+00
3.200000000000000000e+01 2.107363224029541016e+00 5.129195277433810588e+03 1.134258021861995092e+00
3.300000000000000000e+01 1.997210264205932617e+00 5.057160052092079241e+03 9.214432269334201786e-01
3.400000000000000000e+01 2.151758670806884766e+00 4.587114543817064259e+03 4.194230997087169399e-01
3.500000000000000000e+01 2.069902181625366211e+00 4.170569801653074137e+03 1.254123126421647673e-02
3.600000000000000000e+01 1.897587060928344727e+00 3.811411641547258114e+03 -3.369260763046259544e-01
3.700000000000000000e+01 2.112301111221313477e+00 3.810860873101008110e+03 -3.228094663573043421e-01
3.800000000000000000e+01 2.048499107360839844e+00 3.964633734442924833e+03 -1.477690080269980777e-01
3.900000000000000000e+01 3.869875121116638184e+01 1.477316522674052430e+04 1.170688460890367111e+01
3.900000000000000000e+01 2.416710853576660156e-01 2.063183791332771762e+03 0.000000000000000000e+00
4.000000000000000000e+01 3.674419665336608887e+01 1.292014872872322485e+04 1.417675099742496947e+01
4.000000000000000000e+01 2.403774261474609375e-01 2.744299536273777903e+03 0.000000000000000000e+00
