1.732791065328724799e+05
1.000000000000000000e+00 4.214265346527099609e-01 6.066122995885310047e+03 0.000000000000000000e+00
2.000000000000000000e+00 4.539430141448974609e-01 6.820392351862756186e+03 -5.941318344622651716e-03
3.000000000000000000e+00 4.323277473449707031e-01 7.856053385767518193e+03 1.355910860286120956e+00
4.000000000000000000e+00 4.160878658294677734e-01 1.008415819320857190e+04 3.718258217254844844e+00
4.000000000000000000e+00 8.899850845336914062e-01 8.522612462453525950e+03 0.000000000000000000e+00
5.000000000000000000e+00 4.427835941314697266e-01 1.007827858741619639e+04 0.000000000000000000e+00
6.000000000000000000e+00 4.412183761596679688e-01 9.356319435459414308e+03 5.079344518640847156e-02
7.000000000000000000e+00 4.247062206268310547e-01 9.195262371282466120e+03 -1.590334224447286782e-01
8.000000000000000000e+00 4.146521091461181641e-01 9.054009424814234080e+03 -3.665675214456843856e-01
9.000000000000000000e+00 4.196569919586181641e-01 8.843465610775168898e+03 -7.067394359671794746e-01
1.000000000000000000e+01 4.195339679718017578e-01 8.523615463415690101e+03 -1.231264895756952749e+00
1.100000000000000000e+01 4.215102195739746094e-01 8.266516183276522497e+03 -1.504272877228419070e+00
1.200000000000000000e+01 4.338393211364746094e-01 9.111325432028943396e+03 2.268864256854115635e-01
1.300000000000000000e+01 4.221363067626953125e-01 9.016428599738226694e+03 4.018727741802066017e-02
1.400000000000000000e+01 4.256665706634521484e-01 8.632377209492638940e+03 -7.115348938127957767e-01
1.500000000000000000e+01 4.156939983367919922e-01 8.263306566140625364e+03 -1.405961876691133705e+00
1.600000000000000000e+01 4.177513122558593750e-01 8.224006455375001678e+03 -1.319846843330421571e+00
1.700000000000000000e+01 4.101212024688720703e-01 7.878377382786960879e+03 -1.841819764028389539e+00
1.800000000000000000e+01 4.099972248077392578e-01 7.725926563752392212e+03 -1.851170142044192835e+00
1.900000000000000000e+01 4.099910259246826172e-01 9.475519153717779773e+03 1.241441290187738300e+00
2.000000000000000000e+01 4.110288619995117188e-01 1.135796403025766267e+04 4.166439713308019321e+00
2.000000000000000000e+01 8.474831581115722656e-01 8.958368025824347569e+03 0.000000000000000000e+00
2.100000000000000000e+01 4.115252494812011719e-01 1.178372853932326507e+04 0.000000000000000000e+00
2.200000000000000000e+01 4.095015525817871094e-01 1.290741362516537265e+04 1.269559141032940985e+00
2.300000000000000000e+01 4.136493206024169922e-01 1.357842508257618829e+04 1.160814371207082862e+00
2.400000000000000000e+01 4.243948459625244141e-01 1.263314794379664818e+04 4.053185231065439265e-01
2.500000000000000000e+01 2.117142367362976074e+01 2.382146899253164884e+04 6.570220619733579070e+00
2.500000000000000000e+01 4.282882213592529297e-01 5.514241342767657443e+03 0.000000000000000000e+00
2.600000000000000000e+01 2.173249053955078125e+01 2.138443046524156671e+04 7.433210371912077008e+00
2.600000000000000000e+01 5.704848766326904297e-01 3.892457303242277703e+03 0.000000000000000000e+00
2.700000000000000000e+01 4.906005859375000000e-01 3.247502556901530170e+03 -1.175758678090970566e+00
2.800000000000000000e+01 4.595615863800048828e-01 3.598757212151307158e+03 -5.392770775685639117e-01
2.900000000000000000e+01 4.430449008941650391e-01 4.365711306088491256e+03 1.908415080693693644e-01
3.000000000000000000e+01 4.228682518005371094e-01 6.391913334171718816e+03 2.182805067327643123e+00
3.100000000000000000e+01 4.429764747619628906e-01 6.734716827946536796e+03 1.709691076698624634e+00
3.200000000000000000e+01 4.078686237335205078e-01 6.931022909236397027e+03 1.447983075254698271e+00
3.300000000000000000e+01 4.501674175262451172e-01 6.262822169855520769e+03 7.544847722232792542e-01
3.400000000000000000e+01 4.394063949584960938e-01 5.772000300130990581e+03 3.563413049600067106e-01
3.500000000000000000e+01 4.175405502319335938e-01 5.294921224579192312e+03 -6.228034237688321630e-03
3.600000000000000000e+01 4.204721450805664062e-01 4.894786986915541092e+03 -3.100799364292504690e-01
3.700000000000000000e+01 4.231932163238525391e-01 4.783138740912017056e+03 -3.854157207053826584e-01
3.800000000000000000e+01 4.276525974273681641e-01 4.788064146856478146e+03 -3.652358180018520639e-01
3.900000000000000000e+01 2.172243738174438477e+01 1.895109821752240896e+04 1.173056688738931896e+01
3.900000000000000000e+01 5.126621723175048828e-01 3.048045369352247690e+03 0.000000000000000000e+00
4.000000000000000000e+01 2.155543732643127441e+01 1.735484608262424445e+04 1.256885807571326552e+01
4.000000000000000000e+01 4.150135517120361328e-01 3.880521560831236457e+03 0.000000000000000000e+00
