1.494484831697993504e+05
1.000000000000000000e+00 1.722744941711425781e+00 4.960519568928722038e+03 0.000000000000000000e+00
2.000000000000000000e+00 1.427017450332641602e+00 6.141327910782263643e+03 2.565554784400261745e+00
3.000000000000000000e+00 1.509179830551147461e+00 7.181854983452659326e+03 2.039806281553682599e+00
4.000000000000000000e+00 1.491112947463989258e+00 8.693957573600859178e+03 2.280798803316489654e+00
5.000000000000000000e+00 1.548678159713745117e+00 8.437195375786659497e+03 1.222803878336568451e+00
6.000000000000000000e+00 1.447632312774658203e+00 7.280626455906335650e+03 3.754724314146177244e-01
7.000000000000000000e+00 1.457859039306640625e+00 7.007858524985183067e+03 1.902556089368186709e-01
8.000000000000000000e+00 1.492696285247802734e+00 6.874407299070795489e+03 9.600561438545283932e-02
9.000000000000000000e+00 1.592029571533203125e+00 6.696882036742644232e+03 -2.726342883950638382e-02
1.000000000000000000e+01 1.624289989471435547e+00 6.324189346126479904e+03 -2.897482592053711725e-01
1.100000000000000000e+01 1.520332336425781250e+00 6.118112975323490900e+03 -4.295495824232725135e-01
1.200000000000000000e+01 1.412914037704467773e+00 7.555481836568333165e+03 7.008421546482764830e-01
1.300000000000000000e+01 1.406261444091796875e+00 7.144205071653567757e+03 3.369846947724849939e-01
1.400000000000000000e+01 1.403792619705200195e+00 6.414608008244201301e+03 -2.735709813297976800e-01
1.500000000000000000e+01 1.401315689086914062e+00 6.151857492750757046e+03 -4.870930860123718342e-01
1.600000000000000000e+01 1.417886257171630859e+00 6.543410507485403286e+03 -1.279460828432048836e-01
1.700000000000000000e+01 1.298596620559692383e+00 6.027009081727454941e+03 -5.885733708921654372e-01
1.800000000000000000e+01 1.390595436096191406e+00 5.986909889163595835e+03 -6.039990456165705845e-01
1.900000000000000000e+01 1.408624887466430664e+00 7.785263296917267326e+03 1.097706237711578270e+00
2.000000000000000000e+01 1.450728654861450195e+00 9.043011632031517365e+03 2.209821117319668016e+00
2.100000000000000000e+01 1.398361444473266602e+00 9.699147815923992312e+03 2.497086668574851842e+00
2.200000000000000000e+01 1.413830995559692383e+00 1.068514216355759163e+04 2.903483931298798115e+00
2.300000000000000000e+01 1.363276481628417969e+00 1.065672754202757824e+04 2.397257903326836193e+00
2.400000000000000000e+01 1.393082380294799805e+00 1.095033011287467525e+04 2.280616825736603293e+00
2.500000000000000000e+01 5.669080662727355957e+01 2.202296473036943280e+04 8.308775162760095867e+00
2.500000000000000000e+01 3.414576053619384766e-01 3.139690668123860178e+03 0.000000000000000000e+00
2.600000000000000000e+01 5.777873063087463379e+01 2.036101998618505240e+04 1.480692950968716204e+01
2.600000000000000000e+01 3.380692005157470703e-01 2.111043043834047239e+03 0.000000000000000000e+00
2.700000000000000000e+01 1.487991809844970703e+00 1.840498609918317470e+03 -1.069588833635170211e+00
2.800000000000000000e+01 1.537283420562744141e+00 2.434491341224354983e+03 8.818387779258227144e-02
2.900000000000000000e+01 1.556445598602294922e+00 3.268161077712491988e+03 1.535952903984382445e+00
3.000000000000000000e+01 1.537992715835571289e+00 4.980564913010251985e+03 3.815533025134592027e+00
3.000000000000000000e+01 3.213904857635498047e+00 4.605633628194062112e+03 0.000000000000000000e+00
3.100000000000000000e+01 1.451710224151611328e+00 4.634211959710804877e+03 0.000000000000000000e+00
3.200000000000000000e+01 1.530092000961303711e+00 4.665539907528017466e+03 2.257386532769059428e+00
3.300000000000000000e+01 1.611029624938964844e+00 4.535252566578989899e+03 -3.333235968628978974e+00
3.400000000000000000e+01 1.754783630371093750e+00 3.955776212678876618e+03 -1.176760447037736412e+01
3.500000000000000000e+01 1.385725259780883789e+00 3.518678595680223680e+03 -3.238881650256809852e+00
3.600000000000000000e+01 1.455082416534423828e+00 3.153790303081526417e+03 -2.461440799105854449e+00
3.700000000000000000e+01 1.537598848342895508e+00 3.179426256404108699e+03 -1.577148128655148085e+00
3.800000000000000000e+01 1.269632577896118164e+00 3.378570494426140613e+03 -9.782817254976107213e-01
3.900000000000000000e+01 5.655690836906433105e+01 1.471861451452144684e+04 1.628585829671028051e+01
3.900000000000000000e+01 3.394253253936767578e-01 1.335731086905564780e+03 0.000000000000000000e+00
4.000000000000000000e+01 5.929498147964477539e+01 1.288745484127266718e+04 2.375381138170471118e+01
4.000000000000000000e+01 3.404080867767333984e-01 1.925554917195311873e+03 0.000000000000000000e+00
