1.492827822692866903e+05
1.000000000000000000e+00 2.091268301010131836e+00 4.941452636719767725e+03 0.000000000000000000e+00
2.000000000000000000e+00 1.950828790664672852e+00 5.969960158851142296e+03 2.329544567716519410e+00
3.000000000000000000e+00 2.046436786651611328e+00 7.001563117998909547e+03 2.093003598198257098e+00
4.000000000000000000e+00 1.951979637145996094e+00 8.479288168892448084e+03 2.338387970745865907e+00
5.000000000000000000e+00 2.058012962341308594e+00 8.225943291251431219e+03 1.231822441864476092e+00
6.000000000000000000e+00 2.086019277572631836e+00 6.988813510119335660e+03 3.059186866387087478e-01
7.000000000000000000e+00 2.013022661209106445e+00 6.790918030145418015e+03 1.642362749121964449e-01
8.000000000000000000e+00 2.176698446273803711e+00 6.674065171583546544e+03 7.806728337006814400e-02
9.000000000000000000e+00 2.052677392959594727e+00 6.352094554284250989e+03 -1.521237142759064853e-01
1.000000000000000000e+01 1.955157756805419922e+00 5.975673631766001563e+03 -4.252574872623385294e-01
1.100000000000000000e+01 2.036835193634033203e+00 5.857171389911654842e+03 -4.959921560948747921e-01
1.200000000000000000e+01 2.106116533279418945e+00 7.419933737676297824e+03 7.889143658268491510e-01
1.300000000000000000e+01 2.082572221755981445e+00 6.872543117815795995e+03 2.919420594023685034e-01
1.400000000000000000e+01 2.094861745834350586e+00 6.220829426229176534e+03 -2.740219001457396275e-01
1.500000000000000000e+01 2.217950105667114258e+00 6.054402957447799963e+03 -4.114471890052666114e-01
1.600000000000000000e+01 1.953241109848022461e+00 6.487834684683753039e+03 -3.644126394166475637e-03
1.700000000000000000e+01 2.114929199218750000e+00 6.041325134329512366e+03 -4.220840308230142668e-01
1.800000000000000000e+01 2.003450393676757812e+00 5.965228796762547972e+03 -4.819014491499883923e-01
1.900000000000000000e+01 2.012789487838745117e+00 7.798783935856352400e+03 1.335069494371750709e+00
2.000000000000000000e+01 2.012547254562377930e+00 8.988266297671643770e+03 2.393934406412433713e+00
2.100000000000000000e+01 2.196467399597167969e+00 9.464666828242798147e+03 2.477537621253267375e+00
2.200000000000000000e+01 2.171373367309570312e+00 1.094838221325114318e+04 3.298240854089289797e+00
2.200000000000000000e+01 4.303963184356689453e+00 8.773921460990626656e+03 0.000000000000000000e+00
2.300000000000000000e+01 2.331003665924072266e+00 9.407724172632928457e+03 0.000000000000000000e+00
2.400000000000000000e+01 2.140789270401000977e+00 1.028555177012926833e+04 2.665816756705463142e+00
2.500000000000000000e+01 5.894363546371459961e+01 2.126745735411495480e+04 1.551644550992459237e+01
2.500000000000000000e+01 3.409266471862792969e-01 3.120738803563645888e+03 0.000000000000000000e+00
2.600000000000000000e+01 5.971536993980407715e+01 2.035499631262835828e+04 1.491286159227531272e+01
2.600000000000000000e+01 3.403952121734619141e-01 2.093455682749687639e+03 0.000000000000000000e+00
2.700000000000000000e+01 1.957146883010864258e+00 1.835896581291189023e+03 -1.055089857586630764e+00
2.800000000000000000e+01 1.955771446228027344e+00 2.431361487951629897e+03 1.083536521280601128e-01
2.900000000000000000e+01 1.994960784912109375e+00 3.244232911193400469e+03 1.537340528537888718e+00
3.000000000000000000e+01 1.965941905975341797e+00 4.909849460112135603e+03 3.777048334110446159e+00
3.000000000000000000e+01 4.056805849075317383e+00 4.579685512765069689e+03 0.000000000000000000e+00
3.100000000000000000e+01 2.165595054626464844e+00 4.561222056840485493e+03 0.000000000000000000e+00
3.200000000000000000e+01 5.823269152641296387e+01 4.691683490967237958e+03 9.285623196468081986e+00
3.200000000000000000e+01 3.455393314361572266e-01 2.057036033587966813e+03 0.000000000000000000e+00
3.300000000000000000e+01 2.027634620666503906e+00 4.821074759111676940e+03 3.093449931222558735e+00
3.300000000000000000e+01 3.917217254638671875e+00 4.301854150841822047e+03 0.000000000000000000e+00
3.400000000000000000e+01 2.082221508026123047e+00 2.657168781495716303e+03 0.000000000000000000e+00
3.500000000000000000e+01 2.054607152938842773e+00 2.376852150289583278e+03 -9.481422941175480235e-01
3.600000000000000000e+01 1.901998043060302734e+00 2.135613880801139658e+03 -9.388216970758055391e-01
3.700000000000000000e+01 2.173829078674316406e+00 2.319337992437362573e+03 -5.600396132884880585e-01
3.800000000000000000e+01 1.962798595428466797e+00 2.649632377923860986e+03 -1.229147535449175432e-01
3.900000000000000000e+01 5.890815830230712891e+01 1.371556524671713123e+04 1.387518006484028810e+01
3.900000000000000000e+01 3.397874832153320312e-01 1.319914247519003766e+03 0.000000000000000000e+00
4.000000000000000000e+01 5.806858754158020020e+01 1.277483495097106243e+04 2.383949425017631540e+01
4.000000000000000000e+01 3.653531074523925781e-01 1.924193186277524092e+03 0.000000000000000000e+00
