1.628945575315168535e+05
1.000000000000000000e+00 1.115718126296997070e+00 4.892780616342955909e+03 0.000000000000000000e+00
2.000000000000000000e+00 1.070367097854614258e+00 5.841668865942720004e+03 3.664327366239989114e+00
2.000000000000000000e+00 2.118370294570922852e+00 5.963009813143499741e+03 0.000000000000000000e+00
3.000000000000000000e+00 1.036299705505371094e+00 7.116322219091118313e+03 0.000000000000000000e+00
4.000000000000000000e+00 9.679470062255859375e-01 9.025959806876522634e+03 3.048740636797929504e+00
4.000000000000000000e+00 1.911261081695556641e+00 7.908610836951652345e+03 0.000000000000000000e+00
5.000000000000000000e+00 9.150912761688232422e-01 8.874740565790545588e+03 0.000000000000000000e+00
6.000000000000000000e+00 8.822021484375000000e-01 8.048315043035361668e+03 -5.026087960126612852e-01
7.000000000000000000e+00 8.800754547119140625e-01 7.718315857923070325e+03 -1.070374712065708778e+00
8.000000000000000000e+00 8.768155574798583984e-01 7.467963184578522487e+03 -1.313412011153622050e+00
9.000000000000000000e+00 8.735983371734619141e-01 7.239169343507333906e+03 -1.433019848679157215e+00
1.000000000000000000e+01 9.166653156280517578e-01 6.893907149179999578e+03 -1.722951190149446976e+00
1.100000000000000000e+01 9.413084983825683594e-01 6.671599254263755029e+03 -1.664743684406077007e+00
1.200000000000000000e+01 8.730833530426025391e-01 8.103769819094067316e+03 7.142531366553914740e-01
1.300000000000000000e+01 8.746149539947509766e-01 7.628901827670243620e+03 -4.370362385415394596e-02
1.400000000000000000e+01 8.894937038421630859e-01 6.967202373134205118e+03 -1.078337150935784861e+00
1.500000000000000000e+01 9.042673110961914062e-01 6.660535030148349506e+03 -1.456580748797253522e+00
1.600000000000000000e+01 8.789932727813720703e-01 6.892199659625403910e+03 -9.340169384442372769e-01
1.700000000000000000e+01 8.748326301574707031e-01 6.404107003796684694e+03 -1.606958977182777470e+00
1.800000000000000000e+01 8.699216842651367188e-01 6.280407408586915153e+03 -1.595543861057563628e+00
1.900000000000000000e+01 8.723676204681396484e-01 8.191574508118271297e+03 1.198081549012566693e+00
2.000000000000000000e+01 8.753702640533447266e-01 9.952631779423467378e+03 3.496490274401406584e+00
2.000000000000000000e+01 1.770448923110961914e+00 7.289363795623711667e+03 0.000000000000000000e+00
2.100000000000000000e+01 8.668854236602783203e-01 1.033383819644388313e+04 0.000000000000000000e+00
2.200000000000000000e+01 8.756439685821533203e-01 1.154040918511839664e+04 1.267580883281058668e+00
2.300000000000000000e+01 8.728826045989990234e-01 1.169796173448416084e+04 9.023247346980682870e-01
2.400000000000000000e+01 8.856127262115478516e-01 1.154344850834353383e+04 6.498489752835997502e-01
2.500000000000000000e+01 4.843326139450073242e+01 2.283916473502581721e+04 6.619834945850166186e+00
2.500000000000000000e+01 7.324507236480712891e-01 3.404157624756620862e+03 0.000000000000000000e+00
2.600000000000000000e+01 5.004926538467407227e+01 2.314527616635167578e+04 1.569528150712586978e+01
2.600000000000000000e+01 7.315285205841064453e-01 2.310238075384494550e+03 0.000000000000000000e+00
2.700000000000000000e+01 1.079500198364257812e+00 1.976798203709730387e+03 -1.115337598419455123e+00
2.800000000000000000e+01 9.224154949188232422e-01 2.507428994931736725e+03 -9.818972224727283427e-02
2.900000000000000000e+01 9.311244487762451172e-01 3.377150240758350719e+03 1.271102737864766796e+00
3.000000000000000000e+01 8.883416652679443359e-01 5.158702006401483231e+03 3.673094822568433671e+00
3.000000000000000000e+01 1.779648065567016602e+00 5.156562443011100186e+03 0.000000000000000000e+00
3.100000000000000000e+01 9.204590320587158203e-01 5.286772435561948441e+03 0.000000000000000000e+00
3.200000000000000000e+01 9.104423522949218750e-01 5.287265953013556100e+03 7.124668849670527937e-01
3.300000000000000000e+01 9.060561656951904297e-01 4.963584938158325713e+03 -3.716808192169799963e+00
3.400000000000000000e+01 8.745648860931396484e-01 4.433946625744578341e+03 -4.837515871767906539e+00
3.500000000000000000e+01 8.724718093872070312e-01 3.880777609748118721e+03 -3.213374757438610896e+00
3.600000000000000000e+01 8.707830905914306641e-01 3.442937848938140633e+03 -2.460548545520664376e+00
3.700000000000000000e+01 8.682246208190917969e-01 3.394905563125067602e+03 -1.683559811912099580e+00
3.800000000000000000e+01 8.697047233581542969e-01 3.555150658548093816e+03 -1.140900246205385438e+00
3.900000000000000000e+01 5.131574106216430664e+01 1.637191239756766663e+04 1.463931649978096416e+01
3.900000000000000000e+01 7.260515689849853516e-01 1.574495882239856201e+03 0.000000000000000000e+00
4.000000000000000000e+01 5.117489171028137207e+01 1.929785605026067424e+04 3.113116806368833167e+01
4.000000000000000000e+01 7.664067745208740234e-01 2.143598493809226511e+03 0.000000000000000000e+00
