1.597929622215490672e+05
1.000000000000000000e+00 1.455164432525634766e+00 4.584861616469397632e+03 0.000000000000000000e+00
2.000000000000000000e+00 1.309688806533813477e+00 5.568291945010694690e+03 1.822265111410407146e+00
3.000000000000000000e+00 1.227092981338500977e+00 6.517030124838282973e+03 1.807044959089552760e+00
4.000000000000000000e+00 1.232656717300415039e+00 8.158389601075880819e+03 2.318578786583149753e+00
5.000000000000000000e+00 1.381262302398681641e+00 7.928266440078331470e+03 1.247847503129485114e+00
6.000000000000000000e+00 1.195468664169311523e+00 6.986225651320358338e+03 5.126293988352089714e-01
7.000000000000000000e+00 1.303278684616088867e+00 6.710083321190705647e+03 3.145394843728823164e-01
8.000000000000000000e+00 1.185087680816650391e+00 6.471100502684520507e+03 1.500835171567631854e-01
9.000000000000000000e+00 1.213421821594238281e+00 6.154911096961112889e+03 -6.247919527594169437e-02
1.000000000000000000e+01 1.312320947647094727e+00 5.727986361640536416e+03 -3.529986544072475363e-01
1.100000000000000000e+01 1.242088079452514648e+00 5.540827790301924324e+03 -4.708788627166204388e-01
1.200000000000000000e+01 1.346090555191040039e+00 7.136134154973022305e+03 7.441575264018644997e-01
1.300000000000000000e+01 1.216439485549926758e+00 6.569653839603836786e+03 2.690642473722582584e-01
1.400000000000000000e+01 1.337707519531250000e+00 5.730298607300690492e+03 -4.054886647778215836e-01
1.500000000000000000e+01 1.217990159988403320e+00 5.574681258368172166e+03 -5.176057557700194378e-01
1.600000000000000000e+01 1.234726190567016602e+00 5.978155133283580653e+03 -1.595956448307164766e-01
1.700000000000000000e+01 1.247519254684448242e+00 5.505138419462787169e+03 -5.642335350083854673e-01
1.800000000000000000e+01 1.278459072113037109e+00 5.423504481196997403e+03 -6.163215433422661871e-01
1.900000000000000000e+01 1.247507333755493164e+00 7.390784235945360706e+03 1.175293003914338996e+00
2.000000000000000000e+01 1.265846967697143555e+00 9.039796825885967337e+03 2.578941795863481268e+00
2.100000000000000000e+01 1.320204734802246094e+00 9.359307468320637781e+03 2.435618364935011382e+00
2.200000000000000000e+01 1.270585060119628906e+00 1.066953424877657199e+04 3.042841316211954528e+00
2.200000000000000000e+01 2.545847892761230469e+00 8.573573928139905547e+03 0.000000000000000000e+00
2.300000000000000000e+01 1.190669298171997070e+00 1.098803101980907195e+04 0.000000000000000000e+00
2.400000000000000000e+01 1.222915410995483398e+00 1.093596591928019188e+04 6.766108276455558013e-01
2.500000000000000000e+01 7.442306828498840332e+01 2.244814116695384655e+04 8.905347453560958471e+00
2.500000000000000000e+01 9.973652362823486328e-01 2.648545375958954082e+03 0.000000000000000000e+00
2.600000000000000000e+01 7.442590308189392090e+01 2.349064347043333328e+04 2.155052796508929447e+01
2.600000000000000000e+01 9.963481426239013672e-01 1.740365614743122933e+03 0.000000000000000000e+00
2.700000000000000000e+01 1.405416250228881836e+00 1.652725838447343449e+03 -8.495381866233058243e-01
2.800000000000000000e+01 1.239111185073852539e+00 2.257678034532153561e+03 4.843380731853984544e-01
2.900000000000000000e+01 1.237761735916137695e+00 3.021101712922979914e+03 2.119399204663003466e+00
3.000000000000000000e+01 1.402396440505981445e+00 4.807598871804091686e+03 4.406167007927985324e+00
3.000000000000000000e+01 2.657481908798217773e+00 5.225134088528066968e+03 0.000000000000000000e+00
3.100000000000000000e+01 1.236282348632812500e+00 4.869960161877696009e+03 0.000000000000000000e+00
3.200000000000000000e+01 1.221972465515136719e+00 4.604747418653489149e+03 -1.763117457192780346e+00
3.300000000000000000e+01 1.286086320877075195e+00 4.302243083362248399e+03 -1.920158581615517557e+00
3.400000000000000000e+01 1.302157163619995117e+00 3.672141909586659949e+03 -2.748779121662381364e+00
3.500000000000000000e+01 1.205302476882934570e+00 3.139380591500339051e+03 -2.365493647891431905e+00
3.600000000000000000e+01 1.245870590209960938e+00 2.747862157516616207e+03 -2.001792141769136446e+00
3.700000000000000000e+01 1.233726024627685547e+00 2.817939510440669437e+03 -1.371031141036219481e+00
3.800000000000000000e+01 1.243127822875976562e+00 3.081790575016771527e+03 -8.737148991144781940e-01
3.900000000000000000e+01 7.081624841690063477e+01 1.594921506320515982e+04 1.285809665358070575e+01
3.900000000000000000e+01 1.033018827438354492e+00 1.059144833276495092e+03 0.000000000000000000e+00
4.000000000000000000e+01 7.257863163948059082e+01 2.261149923195138035e+04 5.684806590919582447e+01
4.000000000000000000e+01 1.141980409622192383e+00 1.609034661789208485e+03 0.000000000000000000e+00
