1.615943763882056519e+05
1.000000000000000000e+00 8.061916828155517578e-01 5.078788930453626563e+03 0.000000000000000000e+00
2.000000000000000000e+00 4.173778104782104492e+01 5.942679585196014159e+03 1.132305197613156089e+01
2.000000000000000000e+00 6.840744018554687500e-01 3.360090071232963055e+03 0.000000000000000000e+00
3.000000000000000000e+00 8.691217899322509766e-01 6.890001662169999690e+03 2.264271211695259911e+00
4.000000000000000000e+00 8.414688110351562500e-01 7.954429688524532139e+03 1.618502683616244830e+00
5.000000000000000000e+00 8.234021663665771484e-01 7.882205813231440516e+03 1.020340251242624063e+00
6.000000000000000000e+00 7.802894115447998047e-01 7.066649608781564893e+03 4.234117580857021945e-01
7.000000000000000000e+00 8.021361827850341797e-01 6.850593581066096704e+03 2.679571910069030727e-01
8.000000000000000000e+00 7.826001644134521484e-01 6.675588161545258117e+03 1.447955673501391261e-01
9.000000000000000000e+00 7.922136783599853516e-01 6.434252544682346524e+03 -1.992181611064439486e-02
1.000000000000000000e+01 7.945492267608642578e-01 6.071484825168665338e+03 -2.705095698123812231e-01
1.100000000000000000e+01 7.587451934814453125e-01 5.884331554803985455e+03 -3.942710664820218702e-01
1.200000000000000000e+01 7.918107509613037109e-01 7.438389064736669752e+03 8.158212994602642709e-01
1.300000000000000000e+01 7.576467990875244141e-01 7.038902474686235109e+03 4.497963743726133834e-01
1.400000000000000000e+01 7.591273784637451172e-01 6.391987810773413003e+03 -9.268487623498217198e-02
1.500000000000000000e+01 7.693376541137695312e-01 6.138560049024979890e+03 -3.026098649624814341e-01
1.600000000000000000e+01 7.580440044403076172e-01 6.398322426559076121e+03 -6.624982085758079897e-02
1.700000000000000000e+01 8.105506896972656250e-01 5.949327949793569132e+03 -4.683692232111610343e-01
1.800000000000000000e+01 7.845437526702880859e-01 5.875934078527350721e+03 -5.199287994975725358e-01
1.900000000000000000e+01 7.812724113464355469e-01 8.127755022211606047e+03 1.623735809934690133e+00
2.000000000000000000e+01 7.524843215942382812e-01 9.571772397157552405e+03 2.787875376048407183e+00
2.100000000000000000e+01 7.531132698059082031e-01 1.019329786599505132e+04 2.779145160367161971e+00
2.200000000000000000e+01 7.509279251098632812e-01 1.124723620600475806e+04 3.026194446634987489e+00
2.200000000000000000e+01 1.531905651092529297e+00 9.090202249207770365e+03 0.000000000000000000e+00
2.300000000000000000e+01 7.992932796478271484e-01 1.148176568116979433e+04 0.000000000000000000e+00
2.400000000000000000e+01 7.685649394989013672e-01 1.145981892964921281e+04 6.941289135558422752e-01
2.500000000000000000e+01 4.235419130325317383e+01 2.315779367995791108e+04 9.080196521746151106e+00
2.500000000000000000e+01 6.473045349121093750e-01 3.758480966411436384e+03 0.000000000000000000e+00
2.600000000000000000e+01 4.261083078384399414e+01 2.649522026954508692e+04 1.640331914566545279e+01
2.600000000000000000e+01 6.418540477752685547e-01 2.610595456476162781e+03 0.000000000000000000e+00
2.700000000000000000e+01 9.239454269409179688e-01 2.171882587959938974e+03 -1.182426453642212216e+00
2.800000000000000000e+01 8.313679695129394531e-01 2.673806316305797282e+03 -2.487389168348212998e-01
2.900000000000000000e+01 7.905116081237792969e-01 3.535811301118130814e+03 9.246110759105007348e-01
3.000000000000000000e+01 7.692227363586425781e-01 5.693075509814485486e+03 3.770966124190887392e+00
3.000000000000000000e+01 1.552383661270141602e+00 5.404715372239441422e+03 0.000000000000000000e+00
3.100000000000000000e+01 7.887656688690185547e-01 5.613477018163448520e+03 0.000000000000000000e+00
3.200000000000000000e+01 7.796809673309326172e-01 5.484819009800241474e+03 -1.644608840798560956e-01
3.300000000000000000e+01 7.991750240325927734e-01 5.248019464605837129e+03 -2.402106660351729595e+00
3.400000000000000000e+01 7.575824260711669922e-01 4.632423566133060376e+03 -5.265217625622888420e+00
3.500000000000000000e+01 7.616589069366455078e-01 4.088646776905997285e+03 -3.095936484873077710e+00
3.600000000000000000e+01 7.519690990447998047e-01 3.639707764686393148e+03 -2.421789134646881614e+00
3.700000000000000000e+01 7.512488365173339844e-01 3.570807974410683528e+03 -1.695439432323476936e+00
3.800000000000000000e+01 7.579782009124755859e-01 3.705767798284721266e+03 -1.185757485198139838e+00
3.900000000000000000e+01 4.282473087310791016e+01 1.711775469049565072e+04 1.455173840945184160e+01
3.900000000000000000e+01 6.828167438507080078e-01 1.785388819064861536e+03 0.000000000000000000e+00
4.000000000000000000e+01 4.208087515830993652e+01 1.887460943102495366e+04 2.636577202453852209e+01
4.000000000000000000e+01 6.408264636993408203e-01 2.397914879493471290e+03 0.000000000000000000e+00
