1.662742764194509946e+05
1.000000000000000000e+00 6.738727092742919922e-01 5.330216173793687631e+03 0.000000000000000000e+00
2.000000000000000000e+00 6.929113864898681641e-01 6.154113435084876983e+03 3.044248778654151444e+00
2.000000000000000000e+00 1.392269849777221680e+00 6.128027241848480116e+03 0.000000000000000000e+00
3.000000000000000000e+00 6.955890655517578125e-01 7.422465932631008400e+03 0.000000000000000000e+00
4.000000000000000000e+00 7.035150527954101562e-01 9.512384818754322623e+03 2.990406603774913297e+00
5.000000000000000000e+00 6.622521877288818359e-01 9.306551659381600984e+03 9.480214123079042654e-01
6.000000000000000000e+00 6.807949542999267578e-01 8.556070831918170370e+03 2.876180135448827557e-01
7.000000000000000000e+00 6.935906410217285156e-01 8.319517387790467183e+03 9.522539422212776550e-02
8.000000000000000000e+00 6.924088001251220703e-01 8.177557685215872880e+03 -2.369580062276103322e-02
9.000000000000000000e+00 6.859498023986816406e-01 7.980433369668013256e+03 -1.931130228894738232e-01
1.000000000000000000e+01 6.680068969726562500e-01 7.644214681485552319e+03 -4.959463604159476957e-01
1.100000000000000000e+01 6.345584392547607422e-01 7.374822951716575517e+03 -7.288823838686742107e-01
1.200000000000000000e+01 6.372237205505371094e-01 8.543165581080314951e+03 5.073415317847896899e-01
1.300000000000000000e+01 6.527860164642333984e-01 8.498195983874276862e+03 4.325749620764126613e-01
1.400000000000000000e+01 6.454341411590576172e-01 7.838339026204367656e+03 -3.108343771617324558e-01
1.500000000000000000e+01 6.526293754577636719e-01 7.361839719346838137e+03 -8.417352315439121657e-01
1.600000000000000000e+01 6.721842288970947266e-01 7.272986978468774396e+03 -8.947641346823528297e-01
1.700000000000000000e+01 6.275117397308349609e-01 6.848236815499643853e+03 -1.338008063872642150e+00
1.800000000000000000e+01 6.282906532287597656e-01 6.773915329353779271e+03 -1.311707321269901305e+00
1.900000000000000000e+01 6.475224494934082031e-01 8.729520255765371985e+03 9.770504590758909425e-01
2.000000000000000000e+01 6.387784481048583984e-01 1.036656970687531248e+04 2.762680972151859926e+00
2.100000000000000000e+01 6.384046077728271484e-01 1.038358795200626628e+04 2.272273528797881692e+00
2.200000000000000000e+01 6.457641124725341797e-01 1.165134767546648436e+04 3.082923183943735435e+00
2.200000000000000000e+01 1.300650119781494141e+00 9.186683742509352669e+03 0.000000000000000000e+00
2.300000000000000000e+01 6.616947650909423828e-01 1.208800633438437762e+04 0.000000000000000000e+00
2.400000000000000000e+01 6.469295024871826172e-01 1.181854755964835385e+04 5.757624574635354930e-01
2.500000000000000000e+01 3.493007540702819824e+01 2.422674196655809646e+04 8.232032305984823495e+00
2.500000000000000000e+01 5.487158298492431641e-01 4.235483202054593676e+03 0.000000000000000000e+00
2.600000000000000000e+01 3.513977646827697754e+01 1.872988676277574632e+04 8.972158188693283520e+00
2.600000000000000000e+01 5.414919853210449219e-01 2.898915956047863801e+03 0.000000000000000000e+00
2.700000000000000000e+01 6.590209007263183594e-01 2.421008851062878875e+03 -1.173393296333155700e+00
2.800000000000000000e+01 6.972844600677490234e-01 2.886764476839712188e+03 -3.347748426345672490e-01
2.900000000000000000e+01 6.678469181060791016e-01 3.786799376019090687e+03 7.746664119125582504e-01
3.000000000000000000e+01 6.780300140380859375e-01 5.985783084411930759e+03 3.482630993615968062e+00
3.000000000000000000e+01 1.348217725753784180e+00 5.441739973632981673e+03 0.000000000000000000e+00
3.100000000000000000e+01 6.762762069702148438e-01 6.275108621734488224e+03 0.000000000000000000e+00
3.200000000000000000e+01 6.789531707763671875e-01 6.068525696315129608e+03 3.565387876001345768e-01
3.300000000000000000e+01 7.187924385070800781e-01 5.466856359494177923e+03 -1.063643579882053158e+00
3.400000000000000000e+01 6.778397560119628906e-01 5.068768455268727848e+03 -1.760040564704815180e+00
3.500000000000000000e+01 6.503772735595703125e-01 4.640617032179679882e+03 -2.068308006799197685e+00
3.600000000000000000e+01 6.443188190460205078e-01 4.208205940697731421e+03 -2.111603684319359964e+00
3.700000000000000000e+01 6.335053443908691406e-01 4.069941701112500141e+03 -1.679976682803549837e+00
3.800000000000000000e+01 6.326413154602050781e-01 4.083698738631889682e+03 -1.319438116795839999e+00
3.900000000000000000e+01 3.461831903457641602e+01 1.740561634596278236e+04 1.473918974154943662e+01
3.900000000000000000e+01 5.475411415100097656e-01 2.084140673444685035e+03 0.000000000000000000e+00
4.000000000000000000e+01 3.553956961631774902e+01 1.896991347940127162e+04 2.220889809085060662e+01
4.000000000000000000e+01 5.726482868194580078e-01 2.724314869404287947e+03 0.000000000000000000e+00
