1.465085870910387603e+05
1.000000000000000000e+00 1.587880849838256836e+00 4.796503579077125323e+03 0.000000000000000000e+00
2.000000000000000000e+00 1.647651433944702148e+00 5.888060435884275648e+03 1.761420174011030237e+00
3.000000000000000000e+00 1.806842565536499023e+00 6.919526435306768690e+03 1.752384254457009405e+00
4.000000000000000000e+00 1.857496738433837891e+00 8.448219069973176374e+03 2.092721722167848242e+00
5.000000000000000000e+00 1.754432916641235352e+00 8.098322713497374934e+03 1.134303974783079871e+00
6.000000000000000000e+00 1.858086824417114258e+00 6.750460867539550236e+03 2.551627956091888083e-01
7.000000000000000000e+00 1.704720258712768555e+00 6.460037449843750437e+03 7.786059841904705014e-02
8.000000000000000000e+00 1.890931129455566406e+00 6.268968290355636782e+03 -4.037709794572125199e-02
9.000000000000000000e+00 1.719829320907592773e+00 6.072142386747091223e+03 -1.638191760401017660e-01
1.000000000000000000e+01 1.788676738739013672e+00 5.746796141746151989e+03 -3.757647488678039216e-01
1.100000000000000000e+01 1.717628240585327148e+00 5.604354418973092834e+03 -4.581807431558778676e-01
1.200000000000000000e+01 1.863219261169433594e+00 7.193758281057121167e+03 7.302746874648907704e-01
1.300000000000000000e+01 1.729117631912231445e+00 6.597274903523484682e+03 2.414543248649368423e-01
1.400000000000000000e+01 1.843634366989135742e+00 5.885014396353036318e+03 -3.219358074442896234e-01
1.500000000000000000e+01 1.946120262145996094e+00 5.724427058096571272e+03 -4.399838887695199929e-01
1.600000000000000000e+01 1.775413513183593750e+00 6.118035939065218372e+03 -9.822786361670610145e-02
1.700000000000000000e+01 1.761323690414428711e+00 5.601900282478589361e+03 -5.368110014882923053e-01
1.800000000000000000e+01 1.795615673065185547e+00 5.570437739758183852e+03 -5.457021522406589886e-01
1.900000000000000000e+01 1.854321479797363281e+00 7.441293190600636990e+03 1.141202151757502170e+00
2.000000000000000000e+01 1.708987951278686523e+00 8.815522494260962048e+03 2.295673753731903854e+00
2.100000000000000000e+01 1.785437583923339844e+00 9.387779610356066769e+03 2.457978130240402237e+00
2.200000000000000000e+01 1.896560430526733398e+00 1.056696248687960178e+04 2.979254356502281542e+00
2.300000000000000000e+01 1.879753112792968750e+00 1.045478254085312619e+04 2.390607252260631199e+00
2.400000000000000000e+01 2.017176389694213867e+00 1.043914950127953853e+04 2.087044884690167912e+00
2.500000000000000000e+01 7.073634409904479980e+01 2.153149978881137213e+04 7.897612077281891629e+00
2.500000000000000000e+01 4.045100212097167969e-01 2.669019252568908996e+03 0.000000000000000000e+00
2.600000000000000000e+01 7.120061874389648438e+01 2.034893746578804712e+04 1.802874916643634862e+01
2.600000000000000000e+01 4.089877605438232422e-01 1.747810544760947550e+03 0.000000000000000000e+00
2.700000000000000000e+01 2.114066362380981445e+00 1.652150075080719034e+03 -8.619111265548411449e-01
2.800000000000000000e+01 2.247999906539916992e+00 2.315086788553830502e+03 5.761854860072020967e-01
2.900000000000000000e+01 1.788588047027587891e+00 3.110960746788631241e+03 2.219458312451324744e+00
3.000000000000000000e+01 1.787326335906982422e+00 4.866396257124958538e+03 4.228521880859018367e+00
3.000000000000000000e+01 3.613685607910156250e+00 4.512813275145940679e+03 0.000000000000000000e+00
3.100000000000000000e+01 1.805139780044555664e+00 4.410232747670141180e+03 0.000000000000000000e+00
3.200000000000000000e+01 2.129977941513061523e+00 4.377267766240781384e+03 -1.161574358688291841e+00
3.300000000000000000e+01 1.847710847854614258e+00 4.234198705391608200e+03 -2.818511951109892166e+00
3.400000000000000000e+01 1.893862724304199219e+00 3.617436827095512399e+03 -6.654887465227896648e+00
3.500000000000000000e+01 1.805360555648803711e+00 3.146239272951437670e+03 -3.038000165549799902e+00
3.600000000000000000e+01 1.865665435791015625e+00 2.796133895004461465e+03 -2.297207069203588414e+00
3.700000000000000000e+01 1.849226713180541992e+00 2.882613691420859141e+03 -1.437124926387925106e+00
3.800000000000000000e+01 1.905406713485717773e+00 3.122282323915992492e+03 -8.606042098891154568e-01
3.900000000000000000e+01 7.271299648284912109e+01 1.449105172460919493e+04 1.522216807996893273e+01
3.900000000000000000e+01 4.092762470245361328e-01 1.071896504542585944e+03 0.000000000000000000e+00
4.000000000000000000e+01 7.187188673019409180e+01 1.276642350573431213e+04 3.015139237528053329e+01
4.000000000000000000e+01 4.080302715301513672e-01 1.612939264366329098e+03 0.000000000000000000e+00
