1.061890070338790829e+05
1.000000000000000000e+00 2.905596733093261719e+00 4.937215275551432569e+03 0.000000000000000000e+00
2.000000000000000000e+00 3.021896839141845703e+00 5.881507726855661531e+03 1.739722881041203539e+00
3.000000000000000000e+00 2.877406597137451172e+00 6.731869839806475284e+03 1.701218045419264913e+00
4.000000000000000000e+00 3.049752473831176758e+00 8.287688423905172385e+03 2.256832097732240250e+00
5.000000000000000000e+00 2.959921836853027344e+00 7.889494126873679306e+03 1.131517668517911579e+00
6.000000000000000000e+00 2.854783535003662109e+00 6.582507768810782181e+03 1.995802837145149167e-01
7.000000000000000000e+00 3.037178277969360352e+00 6.471165415762966404e+03 1.182064650235987169e-01
8.000000000000000000e+00 3.091306924819946289e+00 6.372374790523766023e+03 4.597213989147597157e-02
9.000000000000000000e+00 2.994602918624877930e+00 6.236726095622871981e+03 -5.264855590407820779e-02
1.000000000000000000e+01 2.714434146881103516e+00 5.946560823479664577e+03 -2.687706687528673699e-01
1.100000000000000000e+01 2.768088579177856445e+00 5.823382894654521806e+03 -3.540463213142589494e-01
1.200000000000000000e+01 3.010253429412841797e+00 7.287306609068249600e+03 8.690379761533225667e-01
1.300000000000000000e+01 3.031798362731933594e+00 6.597367507320539517e+03 2.361078941862924663e-01
1.400000000000000000e+01 2.968119859695434570e+00 5.897708109699216038e+03 -3.793755895904106779e-01
1.500000000000000000e+01 3.169283628463745117e+00 5.797397547502360794e+03 -4.554263049125097385e-01
1.600000000000000000e+01 2.947807073593139648e+00 6.188258170127482117e+03 -7.897214752245941549e-02
1.700000000000000000e+01 2.899193525314331055e+00 5.709017233323141227e+03 -5.324600051858354721e-01
1.800000000000000000e+01 2.828241825103759766e+00 5.667386113403904346e+03 -5.545402095756124528e-01
1.900000000000000000e+01 2.858507633209228516e+00 7.573788212708552237e+03 1.354731320609893874e+00
2.000000000000000000e+01 2.919815063476562500e+00 8.601970209133569369e+03 2.262879116851468808e+00
2.100000000000000000e+01 2.996964693069458008e+00 8.937643801482290655e+03 2.271319321643154421e+00
2.200000000000000000e+01 3.000074863433837891e+00 1.033271836428637289e+04 3.130347958333102198e+00
2.200000000000000000e+01 6.103888988494873047e+00 8.503189644327654605e+03 0.000000000000000000e+00
2.300000000000000000e+01 3.023270606994628906e+00 8.913369762666397946e+03 0.000000000000000000e+00
2.400000000000000000e+01 3.112994432449340820e+00 9.904263881579370718e+03 4.123498359398499069e+00
2.400000000000000000e+01 6.010106325149536133e+00 8.304587767259268730e+03 0.000000000000000000e+00
2.500000000000000000e+01 3.001250505447387695e+00 2.144717437839039121e+04 0.000000000000000000e+00
2.600000000000000000e+01 2.837771892547607422e+00 6.924846027022173075e+03 -8.555744717066878779e-01
2.700000000000000000e+01 2.945026874542236328e+00 6.218866492427730009e+03 -7.493430384050644433e-01
2.800000000000000000e+01 2.950459241867065430e+00 5.994492922455964617e+03 -6.567525505692366483e-01
2.900000000000000000e+01 3.013631582260131836e+00 6.160638121471228260e+03 -5.493096439382308960e-01
3.000000000000000000e+01 2.919522523880004883e+00 7.427869929900331954e+03 -2.877350675510741418e-01
3.100000000000000000e+01 3.047752857208251953e+00 7.754052094526424298e+03 -2.098430109516308262e-01
3.200000000000000000e+01 2.849511623382568359e+00 7.581768395630198938e+03 -2.309182899324898897e-01
3.300000000000000000e+01 2.990744352340698242e+00 7.101759087189698221e+03 -3.173299908663700930e-01
3.400000000000000000e+01 2.848043680191040039e+00 6.501845159440628777e+03 -4.312386834131080038e-01
3.500000000000000000e+01 3.289815187454223633e+00 6.077324414308855921e+03 -5.054984383909321144e-01
3.600000000000000000e+01 3.124806404113769531e+00 5.738637718226977995e+03 -5.598699006777105858e-01
3.700000000000000000e+01 2.961280345916748047e+00 5.622178392070645714e+03 -5.609953150211998141e-01
3.800000000000000000e+01 3.100198507308959961e+00 5.621163511716331413e+03 -5.359637619156026878e-01
3.900000000000000000e+01 2.868589878082275391e+00 1.560480800116613864e+04 2.037589520362419915e+00
4.000000000000000000e+01 2.995329141616821289e+00 1.022076079751604448e+04 4.891997016169236656e-01
