1.746843749529746128e+05
1.000000000000000000e+00 4.435007572174072266e-01 6.024274560893445596e+03 0.000000000000000000e+00
2.000000000000000000e+00 4.472856521606445312e-01 6.804425354998549665e+03 1.818975309654782477e-02
3.000000000000000000e+00 4.281558990478515625e-01 7.753918009430419261e+03 1.265380865205206318e+00
4.000000000000000000e+00 3.951201438903808594e-01 9.879252612361706269e+03 3.623705462591463089e+00
4.000000000000000000e+00 8.721077442169189453e-01 8.565558822761004194e+03 0.000000000000000000e+00
5.000000000000000000e+00 4.412384033203125000e-01 1.001918968978145313e+04 0.000000000000000000e+00
6.000000000000000000e+00 4.400486946105957031e-01 9.347913457657761683e+03 5.403317556485313228e-02
7.000000000000000000e+00 4.307510852813720703e-01 9.205749150897583604e+03 -1.445153705779723130e-01
8.000000000000000000e+00 4.379053115844726562e-01 9.032424215973433093e+03 -4.228763471710159094e-01
9.000000000000000000e+00 4.140312671661376953e-01 8.793045620201806742e+03 -8.344822296312580656e-01
1.000000000000000000e+01 4.081809520721435547e-01 8.472280830307683573e+03 -1.360555757945642652e+00
1.100000000000000000e+01 4.070911407470703125e-01 8.231651608309413859e+03 -1.566973087014979171e+00
1.200000000000000000e+01 4.165356159210205078e-01 9.137780264815519331e+03 3.135013552211535770e-01
1.300000000000000000e+01 4.271347522735595703e-01 9.066795039594981063e+03 1.642042730622208513e-01
1.400000000000000000e+01 4.037566184997558594e-01 8.674588840131658799e+03 -6.150779384041842324e-01
1.500000000000000000e+01 4.076583385467529297e-01 8.338097708006265748e+03 -1.263285682769407448e+00
1.600000000000000000e+01 4.370589256286621094e-01 8.444963501487676695e+03 -9.213327863513184335e-01
1.700000000000000000e+01 4.067797660827636719e-01 8.113561842157880164e+03 -1.524986333631165980e+00
1.800000000000000000e+01 4.059269428253173828e-01 7.973120969196001170e+03 -1.627581080541762093e+00
1.900000000000000000e+01 4.082677364349365234e-01 9.734959981506806798e+03 1.785794381807815245e+00
2.000000000000000000e+01 4.015386104583740234e-01 1.146188521181908800e+04 4.548644894119648896e+00
2.000000000000000000e+01 8.458602428436279297e-01 8.931379511753058978e+03 0.000000000000000000e+00
2.100000000000000000e+01 4.005186557769775391e-01 1.196329797339320430e+04 0.000000000000000000e+00
2.200000000000000000e+01 4.046201705932617188e-01 1.312588919263238495e+04 1.249387944267200234e+00
2.300000000000000000e+01 3.992018699645996094e-01 1.349576382092575659e+04 9.953863435890408784e-01
2.400000000000000000e+01 4.231998920440673828e-01 1.264414252785837743e+04 3.694572222661148264e-01
2.500000000000000000e+01 2.169451928138732910e+01 2.567210066672108951e+04 7.471176993284413648e+00
2.500000000000000000e+01 4.125609397888183594e-01 5.493722300891648047e+03 0.000000000000000000e+00
2.600000000000000000e+01 2.089764547348022461e+01 1.968757872422583750e+04 6.600559371868821579e+00
2.600000000000000000e+01 3.921258449554443359e-01 3.986870904058644101e+03 0.000000000000000000e+00
2.700000000000000000e+01 4.765076637268066406e-01 3.265557788571949914e+03 -1.218831798217030471e+00
2.800000000000000000e+01 5.426776409149169922e-01 3.601127645833914812e+03 -5.758779039996242410e-01
2.900000000000000000e+01 4.985456466674804688e-01 4.332651484536757380e+03 1.020059459927395579e-01
3.000000000000000000e+01 4.924371242523193359e-01 6.390312950665906101e+03 2.043023542062165188e+00
3.100000000000000000e+01 5.269670486450195312e-01 6.691352343807762736e+03 1.625264235616302733e+00
3.200000000000000000e+01 5.154683589935302734e-01 6.680085152611118247e+03 1.258149110585580432e+00
3.300000000000000000e+01 5.218386650085449219e-01 6.218739669978230268e+03 7.556498308232779682e-01
3.400000000000000000e+01 5.447440147399902344e-01 5.903318613533062489e+03 4.702434214612709051e-01
3.500000000000000000e+01 4.205358028411865234e-01 5.519993286220733353e+03 1.593148341542330870e-01
3.600000000000000000e+01 4.225881099700927734e-01 5.131576502918384904e+03 -1.505814317364964905e-01
3.700000000000000000e+01 4.590501785278320312e-01 4.966665430199705952e+03 -2.794276526914745706e-01
3.800000000000000000e+01 4.406855106353759766e-01 4.912563831124729404e+03 -3.145658535471398398e-01
3.900000000000000000e+01 2.098363304138183594e+01 1.879696077066620273e+04 1.194872787002213599e+01
3.900000000000000000e+01 3.749797344207763672e-01 3.053400285776329838e+03 0.000000000000000000e+00
4.000000000000000000e+01 2.129970669746398926e+01 1.590030032412839319e+04 1.119323943501197860e+01
4.000000000000000000e+01 4.193873405456542969e-01 3.851464862990299480e+03 0.000000000000000000e+00
