1.485156667030649842e+05
1.000000000000000000e+00 3.574980974197387695e+00 4.948311196349874081e+03 0.000000000000000000e+00
2.000000000000000000e+00 3.519000530242919922e+00 5.784858073150351629e+03 1.610733686483484695e+00
3.000000000000000000e+00 3.382633209228515625e+00 6.630590157177401124e+03 1.701144173866089071e+00
4.000000000000000000e+00 3.619341373443603516e+00 8.169509236188428076e+03 2.288948624925268849e+00
5.000000000000000000e+00 3.730195999145507812e+00 7.758161435276047087e+03 1.125096242355986043e+00
6.000000000000000000e+00 3.271106481552124023e+00 6.414518658995966689e+03 1.509073650342594164e-01
7.000000000000000000e+00 3.585798263549804688e+00 6.329256028344171682e+03 8.719563264473526032e-02
8.000000000000000000e+00 3.498805999755859375e+00 6.229382342441481342e+03 1.379702823316516884e-02
9.000000000000000000e+00 3.494517803192138672e+00 6.059680575294067239e+03 -1.114379258852514071e-01
1.000000000000000000e+01 3.629521846771240234e+00 5.762155996470740320e+03 -3.377490285271868009e-01
1.100000000000000000e+01 3.498229742050170898e+00 5.639962671525756377e+03 -4.214286589067272049e-01
1.200000000000000000e+01 3.604471206665039062e+00 7.163218897671069499e+03 8.901423593431616599e-01
1.300000000000000000e+01 3.474239826202392578e+00 6.522622566819773965e+03 2.814743436369158691e-01
1.400000000000000000e+01 3.540268182754516602e+00 5.803321323397040942e+03 -3.690927070527735832e-01
1.500000000000000000e+01 3.612374782562255859e+00 5.752782877454520531e+03 -4.022147320728179376e-01
1.600000000000000000e+01 3.550014734268188477e+00 6.164826990746559204e+03 1.763890202222695783e-03
1.700000000000000000e+01 3.351798534393310547e+00 5.689641600798952823e+03 -4.627724381812578502e-01
1.800000000000000000e+01 3.774062156677246094e+00 5.623437523879615583e+03 -5.139807964885093616e-01
1.900000000000000000e+01 3.447228431701660156e+00 7.411056274213934557e+03 1.330956135063879442e+00
2.000000000000000000e+01 3.689385414123535156e+00 8.599850890121539123e+03 2.436887564064924128e+00
2.100000000000000000e+01 3.415322065353393555e+00 9.002384438857685382e+03 2.454588137132992287e+00
2.200000000000000000e+01 3.381080865859985352e+00 1.013588484245799373e+04 3.042278825794798802e+00
2.200000000000000000e+01 6.675193309783935547e+00 8.634896793130075821e+03 0.000000000000000000e+00
2.300000000000000000e+01 3.477101087570190430e+00 8.890524804483542539e+03 0.000000000000000000e+00
2.400000000000000000e+01 6.829713225364685059e+01 9.783293341724762286e+03 5.646179642339955507e+00
2.400000000000000000e+01 3.723576068878173828e-01 2.836392524304233575e+03 0.000000000000000000e+00
2.500000000000000000e+01 6.686035180091857910e+01 2.145821930944473570e+04 1.786242460070023341e+01
2.500000000000000000e+01 3.770890235900878906e-01 2.895341544113035070e+03 0.000000000000000000e+00
2.600000000000000000e+01 6.737310743331909180e+01 2.033967238320090837e+04 1.633406703771692037e+01
2.600000000000000000e+01 3.785011768341064453e-01 1.898052567279792129e+03 0.000000000000000000e+00
2.700000000000000000e+01 3.694397211074829102e+00 1.741277988121600856e+03 -9.407280621804640086e-01
2.800000000000000000e+01 3.485370874404907227e+00 2.341277306453326673e+03 2.993991685838837125e-01
2.900000000000000000e+01 3.343426942825317383e+00 3.059666010870667833e+03 1.716884460480459174e+00
3.000000000000000000e+01 3.604562044143676758e+00 4.749833068507095959e+03 4.126916585524527115e+00
3.000000000000000000e+01 6.963356733322143555e+00 4.589817226778686745e+03 0.000000000000000000e+00
3.100000000000000000e+01 3.940219879150390625e+00 4.303776828420340280e+03 0.000000000000000000e+00
3.200000000000000000e+01 3.924868106842041016e+00 4.271661971236395402e+03 -8.658859845573669833e-01
3.300000000000000000e+01 3.771823883056640625e+00 4.133796372721538319e+03 -1.453706519487686588e+00
3.400000000000000000e+01 3.505885839462280273e+00 3.567047338326253794e+03 -3.957362886611528019e+00
3.500000000000000000e+01 3.377158880233764648e+00 3.116978504762437296e+03 -2.799799470678973279e+00
3.600000000000000000e+01 3.580849409103393555e+00 2.795715876466386817e+03 -2.194298998765983555e+00
3.700000000000000000e+01 3.721286058425903320e+00 2.918735107309229079e+03 -1.342793357095222406e+00
3.800000000000000000e+01 3.531343221664428711e+00 3.142576812504726149e+03 -8.106910650598844192e-01
3.900000000000000000e+01 6.792495369911193848e+01 1.377813006058136125e+04 1.480611473176277038e+01
3.900000000000000000e+01 3.751618862152099609e-01 1.165491883315355153e+03 0.000000000000000000e+00
4.000000000000000000e+01 7.012436437606811523e+01 1.271224195931014583e+04 2.731465946630261499e+01
4.000000000000000000e+01 3.721461296081542969e-01 1.738049794572926430e+03 0.000000000000000000e+00
