1.593848344909182924e+05
1.000000000000000000e+00 1.500158071517944336e+00 4.682428774091396917e+03 0.000000000000000000e+00
2.000000000000000000e+00 1.247299432754516602e+00 5.576040368012059844e+03 1.631521667488472271e+00
3.000000000000000000e+00 1.300390243530273438e+00 6.526668382385999394e+03 1.758381697602124261e+00
4.000000000000000000e+00 1.232374191284179688e+00 8.163107208943551996e+03 2.296987906254374323e+00
5.000000000000000000e+00 1.409158706665039062e+00 7.934731017306523427e+03 1.243252724351474603e+00
6.000000000000000000e+00 1.193865537643432617e+00 6.743868956457553395e+03 3.765608456732486564e-01
7.000000000000000000e+00 1.229325771331787109e+00 6.517012458842979868e+03 2.192742299769681324e-01
8.000000000000000000e+00 1.182899236679077148e+00 6.352239007887566004e+03 1.048208335305654132e-01
9.000000000000000000e+00 1.210470438003540039e+00 6.072792101653813916e+03 -8.470965230892416042e-02
1.000000000000000000e+01 1.200397968292236328e+00 5.632689380660985080e+03 -3.884810721642728559e-01
1.100000000000000000e+01 1.204623460769653320e+00 5.421609888355101248e+03 -5.238256433305492621e-01
1.200000000000000000e+01 1.304110288619995117e+00 7.091713246827025614e+03 7.677570285162567121e-01
1.300000000000000000e+01 1.319288015365600586e+00 6.631523204977856949e+03 3.671331728812980977e-01
1.400000000000000000e+01 1.195574045181274414e+00 5.762546767334870310e+03 -3.419431087975855488e-01
1.500000000000000000e+01 1.353866815567016602e+00 5.570401115651972759e+03 -4.886109204954375840e-01
1.600000000000000000e+01 1.190905809402465820e+00 6.014013307250924299e+03 -9.391337858766789226e-02
1.700000000000000000e+01 1.205780982971191406e+00 5.451377999635411470e+03 -5.842922938046625214e-01
1.800000000000000000e+01 1.225584030151367188e+00 5.370781107473132579e+03 -6.352457947596682475e-01
1.900000000000000000e+01 1.495685338973999023e+00 7.518377411124279206e+03 1.341988456525158080e+00
2.000000000000000000e+01 1.211618900299072266e+00 8.866797551498289977e+03 2.456473624386977139e+00
2.100000000000000000e+01 1.206410646438598633e+00 9.086480955664452267e+03 2.279639846331553255e+00
2.200000000000000000e+01 1.178662538528442383e+00 1.060712537942209383e+04 3.116269469880140974e+00
2.200000000000000000e+01 2.409518718719482422e+00 8.497021999536653311e+03 0.000000000000000000e+00
2.300000000000000000e+01 1.230702638626098633e+00 1.074016736440715613e+04 0.000000000000000000e+00
2.400000000000000000e+01 1.205439329147338867e+00 1.097116242626717576e+04 8.527399418544522325e-01
2.500000000000000000e+01 6.989894795417785645e+01 2.290013785264622129e+04 9.388406590463890922e+00
2.500000000000000000e+01 1.023410320281982422e+00 2.665836448929059316e+03 0.000000000000000000e+00
2.600000000000000000e+01 7.247753834724426270e+01 2.546366039945018929e+04 2.348116766181107806e+01
2.600000000000000000e+01 9.900863170623779297e-01 1.735381900905190150e+03 0.000000000000000000e+00
2.700000000000000000e+01 1.419432163238525391e+00 1.659259079183975928e+03 -8.311762172318321040e-01
2.800000000000000000e+01 1.247450590133666992e+00 2.265223543884003448e+03 5.072966257941859958e-01
2.900000000000000000e+01 1.233458518981933594e+00 3.058440920198699587e+03 2.214444656833162384e+00
3.000000000000000000e+01 1.254590272903442383e+00 4.794246247214619871e+03 4.289847506133137145e+00
3.000000000000000000e+01 2.565072536468505859e+00 5.040632734779249404e+03 0.000000000000000000e+00
3.100000000000000000e+01 1.455450534820556641e+00 4.884468171562762109e+03 0.000000000000000000e+00
3.200000000000000000e+01 1.273820400238037109e+00 4.616659076798837305e+03 -3.132364126010459326e+00
3.300000000000000000e+01 1.236838817596435547e+00 4.322538692839537362e+03 -2.447103149934730215e+00
3.400000000000000000e+01 1.212865114212036133e+00 3.745018805344548582e+03 -3.078720494750089465e+00
3.500000000000000000e+01 1.234670877456665039e+00 3.240412429728382449e+03 -2.497798782078421542e+00
3.600000000000000000e+01 1.264891386032104492e+00 2.840041152231161504e+03 -2.109917027275066914e+00
3.700000000000000000e+01 1.373265981674194336e+00 2.879487802599137467e+03 -1.445217354209759497e+00
3.800000000000000000e+01 1.219552516937255859e+00 3.112988017099899480e+03 -9.340714510648179258e-01
3.900000000000000000e+01 6.816766834259033203e+01 1.592789669774959475e+04 1.373057781698808633e+01
3.900000000000000000e+01 1.063284635543823242e+00 1.084842828977138879e+03 0.000000000000000000e+00
4.000000000000000000e+01 7.408122014999389648e+01 2.133679686073478297e+04 5.209425262545186541e+01
4.000000000000000000e+01 1.001662254333496094e+00 1.624282969000556477e+03 0.000000000000000000e+00
