1.543111615141381044e+05
1.000000000000000000e+00 8.616285324096679688e-01 5.421275025069217008e+03 0.000000000000000000e+00
2.000000000000000000e+00 3.465884637832641602e+01 6.438944113425325668e+03 5.068612520698784429e+00
2.000000000000000000e+00 2.396609783172607422e-01 3.786402845217648519e+03 0.000000000000000000e+00
3.000000000000000000e+00 9.064579010009765625e-01 7.228775976622315284e+03 1.864331582974825929e+00
4.000000000000000000e+00 8.471693992614746094e-01 8.438958848067417421e+03 1.667023695003937656e+00
5.000000000000000000e+00 1.255145072937011719e+00 8.232078448145310176e+03 9.686978146077472873e-01
6.000000000000000000e+00 1.194057941436767578e+00 7.279163898014279766e+03 3.111016771462770114e-01
7.000000000000000000e+00 1.043660402297973633e+00 7.198249761161329843e+03 2.409925624367900976e-01
8.000000000000000000e+00 8.240456581115722656e-01 7.185692201970517999e+03 2.173841036290073414e-01
9.000000000000000000e+00 9.815092086791992188e-01 7.077309346508603085e+03 1.324814983082469588e-01
1.000000000000000000e+01 9.473900794982910156e-01 6.720362076781051655e+03 -1.283966829648343910e-01
1.100000000000000000e+01 8.558583259582519531e-01 6.470951512457489116e+03 -3.106329011265650530e-01
1.200000000000000000e+01 9.841644763946533203e-01 7.823040288133996000e+03 7.738988832347147850e-01
1.300000000000000000e+01 9.287085533142089844e-01 7.711351444066566728e+03 6.341455242121856184e-01
1.400000000000000000e+01 1.051193714141845703e+00 7.052588762106572176e+03 5.439489705648372503e-02
1.500000000000000000e+01 9.704911708831787109e-01 6.759289772404032192e+03 -2.008594180493675774e-01
1.600000000000000000e+01 8.295788764953613281e-01 7.136463839073037889e+03 1.434469554908267552e-01
1.700000000000000000e+01 8.278281688690185547e-01 6.657626305080892962e+03 -3.043748301210581486e-01
1.800000000000000000e+01 9.497237205505371094e-01 6.542788137575310429e+03 -4.045380247722252798e-01
1.900000000000000000e+01 8.422112464904785156e-01 8.575452472298695284e+03 1.596837261852102507e+00
2.000000000000000000e+01 9.113180637359619141e-01 9.969105281146328707e+03 2.769503094663820608e+00
2.100000000000000000e+01 9.433586597442626953e-01 1.002022794056226849e+04 2.322386639958318177e+00
2.200000000000000000e+01 8.472447395324707031e-01 1.111896042067384224e+04 2.830091894496729932e+00
2.300000000000000000e+01 9.774219989776611328e-01 1.177878329738149841e+04 2.781960761992458231e+00
2.400000000000000000e+01 9.630165100097656250e-01 1.189565253985460367e+04 2.408581084449501475e+00
2.500000000000000000e+01 3.615573883056640625e+01 2.227111401415441651e+04 7.513103885512122382e+00
2.500000000000000000e+01 2.398993968963623047e-01 4.196621794485726241e+03 0.000000000000000000e+00
2.600000000000000000e+01 3.567374229431152344e+01 2.044117913152186884e+04 1.024135339741248529e+01
2.600000000000000000e+01 2.402930259704589844e-01 2.889577570646109052e+03 0.000000000000000000e+00
2.700000000000000000e+01 8.295977115631103516e-01 2.416017853725204986e+03 -1.170644829838661360e+00
2.800000000000000000e+01 8.311388492584228516e-01 2.901162527792206674e+03 -3.123733021280571953e-01
2.900000000000000000e+01 1.029600381851196289e+00 3.808878010010396338e+03 8.108514105637127933e-01
3.000000000000000000e+01 9.182846546173095703e-01 5.473011284003471701e+03 2.824539368209152634e+00
3.100000000000000000e+01 9.090116024017333984e-01 5.472588815353828068e+03 1.612539019513305361e+00
3.200000000000000000e+01 1.033192157745361328e+00 5.710740988788871618e+03 1.449852782641378512e+00
3.300000000000000000e+01 7.967772483825683594e-01 5.469322818179870410e+03 1.016188436620572455e+00
3.400000000000000000e+01 8.556756973266601562e-01 4.985072658171941839e+03 5.397894348867184888e-01
3.500000000000000000e+01 1.022533655166625977e+00 4.451225296732493916e+03 8.343618433804697587e-02
3.600000000000000000e+01 9.001684188842773438e-01 4.034906938166249802e+03 -2.681636080568066682e-01
3.700000000000000000e+01 9.985311031341552734e-01 3.983151576747679883e+03 -3.022057484751204948e-01
3.800000000000000000e+01 9.528319835662841797e-01 4.108684392379330347e+03 -1.760893251896339939e-01
3.900000000000000000e+01 3.442051219940185547e+01 1.560227587780584145e+04 1.069647123353071905e+01
3.900000000000000000e+01 2.422950267791748047e-01 2.081614471339841202e+03 0.000000000000000000e+00
4.000000000000000000e+01 3.552343153953552246e+01 1.308648864934775884e+04 1.424594291079691644e+01
4.000000000000000000e+01 2.750759124755859375e-01 2.760257325330117055e+03 0.000000000000000000e+00
