1.608379168615060044e+05
1.000000000000000000e+00 1.429581880569458008e+00 4.740878651465551229e+03 0.000000000000000000e+00
2.000000000000000000e+00 1.143226385116577148e+00 5.656967174001818421e+03 1.883565653643924698e+00
3.000000000000000000e+00 1.152094364166259766e+00 6.642536416666339392e+03 1.943793330639731476e+00
4.000000000000000000e+00 1.097167253494262695e+00 8.456734443849254603e+03 2.563480303505373481e+00
5.000000000000000000e+00 1.153238296508789062e+00 8.025059016667343712e+03 1.193028927967239694e+00
6.000000000000000000e+00 1.100007534027099609e+00 6.989972280612859322e+03 4.244645802572670212e-01
7.000000000000000000e+00 1.079314708709716797e+00 6.815328802867386003e+03 2.921016530531882482e-01
8.000000000000000000e+00 1.083000898361206055e+00 6.647354577061254531e+03 1.706698682790893373e-01
9.000000000000000000e+00 1.124157428741455078e+00 6.444770445482217838e+03 2.843179633442192294e-02
1.000000000000000000e+01 1.078995227813720703e+00 6.075174639620505332e+03 -2.310848863256911856e-01
1.100000000000000000e+01 1.110967159271240234e+00 5.833557093472575616e+03 -3.983096315191201886e-01
1.200000000000000000e+01 1.302651405334472656e+00 7.346367932635370380e+03 7.767987549934222136e-01
1.300000000000000000e+01 1.097356081008911133e+00 6.733396301455774847e+03 2.529637352544697459e-01
1.400000000000000000e+01 1.074837446212768555e+00 5.976228394910132920e+03 -3.687644565472612546e-01
1.500000000000000000e+01 1.089254140853881836e+00 5.786310876967275362e+03 -5.141378210053405562e-01
1.600000000000000000e+01 1.076616525650024414e+00 6.146454182763657627e+03 -1.857845721949622497e-01
1.700000000000000000e+01 1.142479181289672852e+00 5.651053674022643463e+03 -6.185967070557256697e-01
1.800000000000000000e+01 1.153062343597412109e+00 5.574035001738998290e+03 -6.649653950191899421e-01
1.900000000000000000e+01 1.077839374542236328e+00 7.810134707568742670e+03 1.409113645379633795e+00
2.000000000000000000e+01 1.075864315032958984e+00 9.175815308465713315e+03 2.531992079159899323e+00
2.100000000000000000e+01 1.076554059982299805e+00 9.367091783663869137e+03 2.305244646424172927e+00
2.200000000000000000e+01 1.077414035797119141e+00 1.077039903431999119e+04 3.040781587836381306e+00
2.200000000000000000e+01 2.271152496337890625e+00 8.735322280784965187e+03 0.000000000000000000e+00
2.300000000000000000e+01 1.182688236236572266e+00 1.094132548292399406e+04 0.000000000000000000e+00
2.400000000000000000e+01 1.086321830749511719e+00 1.098568358223861105e+04 7.355436509023288716e-01
2.500000000000000000e+01 6.471605134010314941e+01 2.250040461785736625e+04 9.544003162848843758e+00
2.500000000000000000e+01 1.037854433059692383e+00 2.885994983998726639e+03 0.000000000000000000e+00
2.600000000000000000e+01 6.646819806098937988e+01 2.773360248963790218e+04 2.364485759978407842e+01
2.600000000000000000e+01 9.420838356018066406e-01 1.913605275165436524e+03 0.000000000000000000e+00
2.700000000000000000e+01 1.213818073272705078e+00 1.724408289612182898e+03 -9.867516446303798983e-01
2.800000000000000000e+01 1.170180559158325195e+00 2.310346099433649670e+03 2.293016242174915897e-01
2.900000000000000000e+01 1.128068923950195312e+00 3.131190941491860485e+03 1.829078473274816208e+00
3.000000000000000000e+01 1.204623222351074219e+00 4.885248311628182819e+03 4.135187601229202592e+00
3.000000000000000000e+01 2.419983625411987305e+00 5.064875668177653097e+03 0.000000000000000000e+00
3.100000000000000000e+01 1.197412490844726562e+00 5.053739077842454208e+03 0.000000000000000000e+00
3.200000000000000000e+01 1.088775396347045898e+00 4.868980170738069319e+03 -2.416927467385114525e+01
3.300000000000000000e+01 1.089818000793457031e+00 4.589829465688284472e+03 -3.690344387725726705e+00
3.400000000000000000e+01 1.082433700561523438e+00 3.912666788091490616e+03 -4.421900308064595109e+00
3.500000000000000000e+01 1.088940858840942383e+00 3.369571461820627519e+03 -2.771763960061306431e+00
3.600000000000000000e+01 1.148048639297485352e+00 2.971040647690579590e+03 -2.177884095737135262e+00
3.700000000000000000e+01 1.081179857254028320e+00 3.011931011963747096e+03 -1.470557395689794600e+00
3.800000000000000000e+01 1.080315828323364258e+00 3.226724238909770520e+03 -9.737662652098026950e-01
3.900000000000000000e+01 6.504615020751953125e+01 1.570796240066360042e+04 1.309676617261321496e+01
3.900000000000000000e+01 9.049067497253417969e-01 1.207742731796618955e+03 0.000000000000000000e+00
4.000000000000000000e+01 6.719818258285522461e+01 2.203222049184725984e+04 4.806198634147007454e+01
4.000000000000000000e+01 9.923634529113769531e-01 1.766700118742671975e+03 0.000000000000000000e+00
