1.613620020845440449e+05
1.000000000000000000e+00 9.955940246582031250e-01 5.096778676113992333e+03 0.000000000000000000e+00
2.000000000000000000e+00 4.276957726478576660e+01 5.983094398848086712e+03 1.074788234656112174e+01
2.000000000000000000e+00 6.620955467224121094e-01 3.400902147928549311e+03 0.000000000000000000e+00
3.000000000000000000e+00 9.519519805908203125e-01 6.857494163362346626e+03 2.167635916597020707e+00
4.000000000000000000e+00 8.119933605194091797e-01 8.036352514023795266e+03 1.687390254778753595e+00
5.000000000000000000e+00 9.513175487518310547e-01 8.016658957776075113e+03 1.068187306857233843e+00
6.000000000000000000e+00 9.200437068939208984e-01 7.025787707947884883e+03 3.703165473012096087e-01
7.000000000000000000e+00 8.145072460174560547e-01 6.909444875793607025e+03 2.762931723080020996e-01
8.000000000000000000e+00 7.937808036804199219e-01 6.801688061159579775e+03 1.933288101542010307e-01
9.000000000000000000e+00 7.746253013610839844e-01 6.601877358023782108e+03 5.355462962861404219e-02
1.000000000000000000e+01 7.752957344055175781e-01 6.226446641273750174e+03 -2.075179603035033071e-01
1.100000000000000000e+01 7.719540596008300781e-01 5.993318889310809027e+03 -3.673958827885696610e-01
1.200000000000000000e+01 7.615449428558349609e-01 7.598647738669014871e+03 8.743398194784552935e-01
1.300000000000000000e+01 7.542281150817871094e-01 7.207424294292442028e+03 5.101660601172515186e-01
1.400000000000000000e+01 7.911963462829589844e-01 6.437884308774649071e+03 -1.281033780317710757e-01
1.500000000000000000e+01 7.791023254394531250e-01 6.129653700016991934e+03 -3.798260684345021176e-01
1.600000000000000000e+01 7.669005393981933594e-01 6.444607900115724988e+03 -9.583274550597643826e-02
1.700000000000000000e+01 7.592613697052001953e-01 5.963258779086975665e+03 -5.202229376526704696e-01
1.800000000000000000e+01 7.511777877807617188e-01 5.861487705041390655e+03 -5.939538840661976460e-01
1.900000000000000000e+01 7.718112468719482422e-01 7.994387580501776938e+03 1.405790032351815322e+00
2.000000000000000000e+01 7.554721832275390625e-01 9.844096476700189669e+03 2.975996790010426718e+00
2.100000000000000000e+01 7.667756080627441406e-01 1.021114180658697114e+04 2.679783159521780256e+00
2.200000000000000000e+01 8.024728298187255859e-01 1.115764528035123294e+04 2.885028314377993119e+00
2.300000000000000000e+01 7.497410774230957031e-01 1.132144276225137946e+04 2.483244945490084454e+00
2.400000000000000000e+01 7.569205760955810547e-01 1.131850418753984923e+04 2.146582879532958898e+00
2.500000000000000000e+01 4.392402005195617676e+01 2.226106591540691807e+04 7.329463779774336274e+00
2.500000000000000000e+01 6.456153392791748047e-01 3.769633699342077762e+03 0.000000000000000000e+00
2.600000000000000000e+01 4.330844807624816895e+01 2.672596310898594675e+04 1.651745930813343577e+01
2.600000000000000000e+01 6.448516845703125000e-01 2.612498497737950402e+03 0.000000000000000000e+00
2.700000000000000000e+01 9.963531494140625000e-01 2.165683707858926482e+03 -1.190851775691178061e+00
2.800000000000000000e+01 8.749973773956298828e-01 2.654102157981283653e+03 -2.688072361814078937e-01
2.900000000000000000e+01 8.157095909118652344e-01 3.471231737000211524e+03 8.403612274532050730e-01
3.000000000000000000e+01 7.978496551513671875e-01 5.490137942330823535e+03 3.549105835127946307e+00
3.000000000000000000e+01 1.579427957534790039e+00 5.254800920298641358e+03 0.000000000000000000e+00
3.100000000000000000e+01 8.019585609436035156e-01 5.786465134819900413e+03 0.000000000000000000e+00
3.200000000000000000e+01 8.027994632720947266e-01 5.650161983769020480e+03 3.445437958558219549e-01
3.300000000000000000e+01 7.686452865600585938e-01 5.405636395122973227e+03 -5.727773437945870016e-01
3.400000000000000000e+01 7.691860198974609375e-01 4.869674140346822242e+03 -2.739521287906252489e+00
3.500000000000000000e+01 7.535371780395507812e-01 4.217671059411036367e+03 -3.279477084390626462e+00
3.600000000000000000e+01 7.507228851318359375e-01 3.712258705562228442e+03 -2.572918242047345760e+00
3.700000000000000000e+01 7.603447437286376953e-01 3.607012155471954429e+03 -1.790136099464935571e+00
3.800000000000000000e+01 7.525887489318847656e-01 3.709954306679682759e+03 -1.277473781770974037e+00
3.900000000000000000e+01 4.255000376701354980e+01 1.709302435284625608e+04 1.397618262688210855e+01
3.900000000000000000e+01 6.490204334259033203e-01 1.782806011318560877e+03 0.000000000000000000e+00
4.000000000000000000e+01 4.174887108802795410e+01 1.948982675403781468e+04 2.738513513923935250e+01
4.000000000000000000e+01 6.392035484313964844e-01 2.413608666488165909e+03 0.000000000000000000e+00
