1.437736652076659957e+05
1.000000000000000000e+00 3.982593536376953125e+00 4.832851221191856894e+03 0.000000000000000000e+00
2.000000000000000000e+00 3.945930957794189453e+00 5.701332852891336188e+03 1.519165840962569902e+00
3.000000000000000000e+00 3.899678945541381836e+00 6.425318689610780893e+03 1.499811395686674098e+00
4.000000000000000000e+00 4.100249052047729492e+00 7.979258134176731801e+03 2.177976523914630480e+00
5.000000000000000000e+00 3.830012321472167969e+00 7.697192536912803916e+03 1.174834870345862425e+00
6.000000000000000000e+00 4.135623931884765625e+00 6.309730465751995325e+03 1.794115181040230045e-01
7.000000000000000000e+00 3.902854919433593750e+00 6.208011927026215744e+03 1.051070819535979417e-01
8.000000000000000000e+00 4.482021570205688477e+00 6.054655289844606159e+03 -3.071954346932843135e-03
9.000000000000000000e+00 3.984742403030395508e+00 5.859406095393211217e+03 -1.421974936717208260e-01
1.000000000000000000e+01 4.088003873825073242e+00 5.589282543720385547e+03 -3.397321824610474716e-01
1.100000000000000000e+01 3.908803462982177734e+00 5.475572541980352980e+03 -4.137336862843144503e-01
1.200000000000000000e+01 4.368222713470458984e+00 6.990706398495473877e+03 8.541537884330726582e-01
1.300000000000000000e+01 3.726559400558471680e+00 6.298034076053918398e+03 2.205417245071326082e-01
1.400000000000000000e+01 3.973547220230102539e+00 5.594736561967368289e+03 -3.978392144941618191e-01
1.500000000000000000e+01 3.878309965133666992e+00 5.517417416679929374e+03 -4.524311862249017491e-01
1.600000000000000000e+01 4.215452194213867188e+00 5.977338092203700398e+03 -1.246122680857793263e-02
1.700000000000000000e+01 4.065066814422607422e+00 5.494185883661767548e+03 -4.717032097607765651e-01
1.800000000000000000e+01 4.176791906356811523e+00 5.445492149689603139e+03 -5.036562201674635864e-01
1.900000000000000000e+01 3.877565860748291016e+00 7.148355301107379091e+03 1.207420343959254350e+00
2.000000000000000000e+01 4.238867282867431641e+00 8.301472633247440172e+03 2.271919121386519524e+00
2.100000000000000000e+01 3.990795373916625977e+00 8.713391574254248553e+03 2.349883136735250844e+00
2.200000000000000000e+01 4.049227237701416016e+00 9.793721661937788667e+03 2.932226688412109539e+00
2.300000000000000000e+01 3.793767929077148438e+00 9.421147085585313107e+03 2.167956145332930795e+00
2.400000000000000000e+01 3.814060688018798828e+00 1.003457818939157733e+04 2.342708852509103323e+00
2.500000000000000000e+01 7.348356461524963379e+01 2.117534608633946846e+04 8.887965912930029688e+00
2.500000000000000000e+01 4.119966030120849609e-01 2.661873680869517102e+03 0.000000000000000000e+00
2.600000000000000000e+01 7.372887253761291504e+01 2.030854049801091969e+04 1.804371202951566389e+01
2.600000000000000000e+01 4.052622318267822266e-01 1.745374548330674088e+03 0.000000000000000000e+00
2.700000000000000000e+01 4.124685287475585938e+00 1.655062173793618967e+03 -8.534604507098919601e-01
2.800000000000000000e+01 3.938047647476196289e+00 2.278129625335565834e+03 5.113655321371662898e-01
2.900000000000000000e+01 4.229102373123168945e+00 3.051455164477722974e+03 2.147733918804175524e+00
3.000000000000000000e+01 4.020873546600341797e+00 4.754320994395816342e+03 4.222195008795032400e+00
3.000000000000000000e+01 7.811231374740600586e+00 4.602988450191819538e+03 0.000000000000000000e+00
3.100000000000000000e+01 3.892337322235107422e+00 4.245326435690541985e+03 0.000000000000000000e+00
3.200000000000000000e+01 3.963116645812988281e+00 4.148174302167762107e+03 -1.091251194825157311e+00
3.300000000000000000e+01 3.734786987304687500e+00 3.950372454197495244e+03 -1.593987768383311465e+00
3.400000000000000000e+01 3.945214033126831055e+00 3.283740803482306546e+03 -3.487048140693669307e+00
3.500000000000000000e+01 4.415966272354125977e+00 2.860327894168176044e+03 -2.432439350227765473e+00
3.600000000000000000e+01 4.035063505172729492e+00 2.591734172720646711e+03 -1.928978941009592107e+00
3.700000000000000000e+01 3.918364763259887695e+00 2.756254632154477349e+03 -1.199095320833190925e+00
3.800000000000000000e+01 4.036806344985961914e+00 2.982656269522968614e+03 -7.382760732537501092e-01
3.900000000000000000e+01 7.472989583015441895e+01 1.369695837966409272e+04 1.361350296132731685e+01
3.900000000000000000e+01 4.104120731353759766e-01 1.066456173101907325e+03 0.000000000000000000e+00
4.000000000000000000e+01 7.432553124427795410e+01 1.267060362749148408e+04 3.006910910782179158e+01
4.000000000000000000e+01 4.032423496246337891e-01 1.607080983236730162e+03 0.000000000000000000e+00
