1.662877214038729435e+05
1.000000000000000000e+00 6.817028522491455078e-01 5.340390770267605149e+03 0.000000000000000000e+00
2.000000000000000000e+00 6.940946578979492188e-01 6.172457602962373130e+03 3.316597841612178410e+00
2.000000000000000000e+00 1.369920253753662109e+00 6.120962785156244536e+03 0.000000000000000000e+00
3.000000000000000000e+00 6.863336563110351562e-01 7.448435658266618702e+03 0.000000000000000000e+00
4.000000000000000000e+00 6.597511768341064453e-01 9.341922719629645144e+03 2.724319438860886233e+00
5.000000000000000000e+00 6.473553180694580078e-01 9.294781330712405179e+03 1.024047480642077401e+00
6.000000000000000000e+00 6.861481666564941406e-01 8.537230713875356741e+03 3.113323642769143529e-01
7.000000000000000000e+00 6.721789836883544922e-01 8.328908324993901260e+03 1.317148773470273038e-01
8.000000000000000000e+00 6.856575012207031250e-01 8.165928106452532120e+03 -1.042177710087039029e-02
9.000000000000000000e+00 6.822764873504638672e-01 7.897179214627956753e+03 -2.498811978105134890e-01
1.000000000000000000e+01 6.646602153778076172e-01 7.495894372099181965e+03 -6.205711513722086403e-01
1.100000000000000000e+01 6.667666435241699219e-01 7.208027832412060889e+03 -8.644382698001779053e-01
1.200000000000000000e+01 6.647996902465820312e-01 8.453598438090148193e+03 4.797484689196972463e-01
1.300000000000000000e+01 6.449031829833984375e-01 8.340471897185443595e+03 3.340614000179295551e-01
1.400000000000000000e+01 6.275370121002197266e-01 7.842644549043643565e+03 -2.333942527933942912e-01
1.500000000000000000e+01 6.252439022064208984e-01 7.426838007760591609e+03 -7.057786275451332081e-01
1.600000000000000000e+01 6.611487865447998047e-01 7.507018482461349777e+03 -5.745643112124718677e-01
1.700000000000000000e+01 6.705877780914306641e-01 7.042763867687185666e+03 -1.112919515026166595e+00
1.800000000000000000e+01 6.977560520172119141e-01 6.888119861201495041e+03 -1.224303592086661840e+00
1.900000000000000000e+01 7.291073799133300781e-01 8.685032473286953973e+03 1.002029837416589686e+00
2.000000000000000000e+01 6.441979408264160156e-01 1.071943749668101918e+04 3.374112891371368939e+00
2.000000000000000000e+01 1.299063205718994141e+00 8.130736529109850380e+03 0.000000000000000000e+00
2.100000000000000000e+01 6.283552646636962891e-01 1.091385259696819776e+04 0.000000000000000000e+00
2.200000000000000000e+01 6.350710391998291016e-01 1.183732023504741846e+04 1.176357946550001365e+00
2.300000000000000000e+01 6.387948989868164062e-01 1.191033054093293504e+04 8.377196025849811267e-01
2.400000000000000000e+01 6.332671642303466797e-01 1.210000866425445929e+04 7.917863965037461593e-01
2.500000000000000000e+01 3.740323925018310547e+01 2.367245276527618262e+04 7.662578393865781656e+00
2.500000000000000000e+01 5.501558780670166016e-01 4.222795560611809378e+03 0.000000000000000000e+00
2.600000000000000000e+01 3.533556032180786133e+01 2.555183438137112171e+04 1.357907664386652513e+01
2.600000000000000000e+01 5.686707496643066406e-01 2.919616818655307725e+03 0.000000000000000000e+00
2.700000000000000000e+01 6.649830341339111328e-01 2.419350185733081616e+03 -1.191748363301547098e+00
2.800000000000000000e+01 6.777815818786621094e-01 2.889839761740012818e+03 -3.432972497118624289e-01
2.900000000000000000e+01 6.548194885253906250e-01 3.775165696991050936e+03 7.333084044346656061e-01
3.000000000000000000e+01 6.914045810699462891e-01 5.841218427676901229e+03 3.259144033391879081e+00
3.000000000000000000e+01 1.394996404647827148e+00 5.467464642411131535e+03 0.000000000000000000e+00
3.100000000000000000e+01 6.743538379669189453e-01 6.122916817547429673e+03 0.000000000000000000e+00
3.200000000000000000e+01 6.614120006561279297e-01 5.752180977769533456e+03 -9.279849422527534919e-02
3.300000000000000000e+01 6.754271984100341797e-01 5.528615390939746248e+03 -7.674634728884504042e-01
3.400000000000000000e+01 7.202842235565185547e-01 5.142360407131543980e+03 -1.940669025286127392e+00
3.500000000000000000e+01 6.531896591186523438e-01 4.629747021177005081e+03 -2.676314389427961071e+00
3.600000000000000000e+01 6.459212303161621094e-01 4.147561082769003406e+03 -2.518822763480538018e+00
3.700000000000000000e+01 6.243889331817626953e-01 4.008479385703664320e+03 -1.842292401345880792e+00
3.800000000000000000e+01 6.412978172302246094e-01 4.044699649656856309e+03 -1.376789606707799818e+00
3.900000000000000000e+01 3.672855377197265625e+01 1.705244345695861193e+04 1.511426660385132337e+01
3.900000000000000000e+01 5.473096370697021484e-01 2.113546394124715789e+03 0.000000000000000000e+00
4.000000000000000000e+01 3.828874325752258301e+01 2.113830186272913488e+04 2.475253515458868847e+01
4.000000000000000000e+01 5.384721755981445312e-01 2.727365000194081404e+03 0.000000000000000000e+00
