1.617617698205619818e+05
1.000000000000000000e+00 1.001356124877929688e+00 4.866015552077480606e+03 0.000000000000000000e+00
2.000000000000000000e+00 9.336848258972167969e-01 5.842606094577004114e+03 4.171584137442089890e+00
2.000000000000000000e+00 1.988616228103637695e+00 5.970822265488514859e+03 0.000000000000000000e+00
3.000000000000000000e+00 1.072803258895874023e+00 7.140932584878027228e+03 0.000000000000000000e+00
4.000000000000000000e+00 9.258041381835937500e-01 8.969596247288496670e+03 2.917258174218454680e+00
5.000000000000000000e+00 1.022690773010253906e+00 8.732446948858305404e+03 9.077708497445605706e-01
6.000000000000000000e+00 9.333086013793945312e-01 7.844789688364203357e+03 1.001063573030088888e-01
7.000000000000000000e+00 9.348349571228027344e-01 7.623385446647554090e+03 -8.847957792800360821e-02
8.000000000000000000e+00 9.191124439239501953e-01 7.408535480860278767e+03 -2.783987296419023760e-01
9.000000000000000000e+00 9.012739658355712891e-01 7.086219168657650698e+03 -5.797160820794216018e-01
1.000000000000000000e+01 9.242100715637207031e-01 6.663084956020537902e+03 -9.780130605596171200e-01
1.100000000000000000e+01 9.174873828887939453e-01 6.421223360237127054e+03 -1.133260288684484252e+00
1.200000000000000000e+01 9.838058948516845703e-01 7.865037361138773122e+03 5.019334012973704073e-01
1.300000000000000000e+01 8.957419395446777344e-01 7.580485139055387663e+03 1.645565181834804380e-01
1.400000000000000000e+01 9.140610694885253906e-01 6.804808588462548869e+03 -7.283929893360596708e-01
1.500000000000000000e+01 9.279925823211669922e-01 6.530378606828448028e+03 -1.007622542347761385e+00
1.600000000000000000e+01 8.784694671630859375e-01 6.792444444533573005e+03 -6.309868284250128578e-01
1.700000000000000000e+01 9.016339778900146484e-01 6.358802147680923554e+03 -1.121935583727830199e+00
1.800000000000000000e+01 8.988854885101318359e-01 6.255595552993622732e+03 -1.168423792323450172e+00
1.900000000000000000e+01 9.191920757293701172e-01 8.176640952474820551e+03 1.176856252510582790e+00
2.000000000000000000e+01 9.190042018890380859e-01 9.732896909153500019e+03 2.921549778724183088e+00
2.100000000000000000e+01 1.006827592849731445e+00 1.012777442894616433e+04 2.735680682998761881e+00
2.200000000000000000e+01 9.069695472717285156e-01 1.133517274988323516e+04 3.301149813983318637e+00
2.200000000000000000e+01 1.853685140609741211e+00 8.905124912583460173e+03 0.000000000000000000e+00
2.300000000000000000e+01 9.173941612243652344e-01 1.149865439120202063e+04 0.000000000000000000e+00
2.400000000000000000e+01 8.633546829223632812e-01 1.146869026145632051e+04 6.907677809860767182e-01
2.500000000000000000e+01 5.629033923149108887e+01 2.362769668478015228e+04 8.734239935832757595e+00
2.500000000000000000e+01 7.386240959167480469e-01 3.404307895340462437e+03 0.000000000000000000e+00
2.600000000000000000e+01 5.655714321136474609e+01 3.058741256655142570e+04 2.187763964909445491e+01
2.600000000000000000e+01 8.846230506896972656e-01 2.331917386394653931e+03 0.000000000000000000e+00
2.700000000000000000e+01 9.282727241516113281e-01 1.969272159393450920e+03 -1.146966101544284244e+00
2.800000000000000000e+01 9.454662799835205078e-01 2.504812286056720495e+03 -1.187872483878519431e-01
2.900000000000000000e+01 9.056377410888671875e-01 3.362666610562206642e+03 1.203149230496537214e+00
3.000000000000000000e+01 8.841631412506103516e-01 5.183290238168095129e+03 3.675019223051994466e+00
3.000000000000000000e+01 1.826490640640258789e+00 4.901240603990520867e+03 0.000000000000000000e+00
3.100000000000000000e+01 9.307763576507568359e-01 5.260172887337700558e+03 0.000000000000000000e+00
3.200000000000000000e+01 9.405612945556640625e-01 5.353134361980598442e+03 1.073380265957005086e+00
3.300000000000000000e+01 8.813855648040771484e-01 5.010493553805375996e+03 -6.747621966440253694e-01
3.400000000000000000e+01 9.201333522796630859e-01 4.383338277304617804e+03 -3.547614257690160589e+00
3.500000000000000000e+01 8.885080814361572266e-01 3.870114544952990400e+03 -2.916966159697648386e+00
3.600000000000000000e+01 9.414391517639160156e-01 3.441231871891789524e+03 -2.387833791135816952e+00
3.700000000000000000e+01 9.346513748168945312e-01 3.396629282936679374e+03 -1.655616692490559760e+00
3.800000000000000000e+01 1.032912015914916992e+00 3.555594352037026511e+03 -1.123364037843891383e+00
3.900000000000000000e+01 6.093784189224243164e+01 1.641793221746602285e+04 1.500583625931628440e+01
3.900000000000000000e+01 8.121728897094726562e-01 1.581147686273429827e+03 0.000000000000000000e+00
4.000000000000000000e+01 9.154708433151245117e+01 2.174887452399731410e+04 3.536981767533473686e+01
4.000000000000000000e+01 8.099777698516845703e-01 2.141594337088179600e+03 0.000000000000000000e+00
