1.544156220063753717e+05
1.000000000000000000e+00 1.300760269165039062e+00 5.653519228658366956e+03 0.000000000000000000e+00
2.000000000000000000e+00 1.593367338180541992e+00 6.538628523261871123e+03 8.459811521848309424e-01
3.000000000000000000e+00 1.644061565399169922e+00 7.580307342293933289e+03 2.783124121918906013e+00
4.000000000000000000e+00 1.660709857940673828e+00 9.117781780368095497e+03 3.239403121170523647e+00
4.000000000000000000e+00 3.244960069656372070e+00 7.515877018346464865e+03 0.000000000000000000e+00
5.000000000000000000e+00 1.535184860229492188e+00 8.207705953808779668e+03 0.000000000000000000e+00
6.000000000000000000e+00 1.391772270202636719e+00 7.666934907782058872e+03 -3.983192977597140860e-01
7.000000000000000000e+00 1.532200813293457031e+00 7.629759239485371836e+03 -4.593281384890058883e-01
8.000000000000000000e+00 1.449294090270996094e+00 7.603634493457233475e+03 -4.908346110063778189e-01
9.000000000000000000e+00 1.541041135787963867e+00 7.541804069317785434e+03 -6.638310676349754580e-01
1.000000000000000000e+01 1.421992540359497070e+00 7.308187475664298290e+03 -1.498781511364477792e+00
1.100000000000000000e+01 1.675245046615600586e+00 7.160926118781266268e+03 -1.727843529383360277e+00
1.200000000000000000e+01 1.312212228775024414e+00 8.328088498707606050e+03 2.438993401740806810e+00
1.300000000000000000e+01 1.455046653747558594e+00 8.241174773397200624e+03 1.520868185812293882e+00
1.400000000000000000e+01 1.427274703979492188e+00 7.766651699529637881e+03 1.148381646929176325e-01
1.500000000000000000e+01 1.452916145324707031e+00 7.392414987739914068e+03 -8.690250815979070342e-01
1.600000000000000000e+01 1.588936805725097656e+00 7.515258233097370976e+03 -4.820407877097442895e-01
1.700000000000000000e+01 1.587496042251586914e+00 7.089139905747087141e+03 -1.629854160432285592e+00
1.800000000000000000e+01 1.595044136047363281e+00 6.971804048598460213e+03 -1.739959592226120844e+00
1.900000000000000000e+01 1.672341823577880859e+00 8.762130982832857626e+03 2.853851247459897600e+00
2.000000000000000000e+01 2.942119908332824707e+01 1.013690085300062310e+04 5.029053051847315992e+00
2.000000000000000000e+01 2.097451686859130859e-01 4.564992433035677095e+03 0.000000000000000000e+00
2.100000000000000000e+01 1.488069772720336914e+00 8.874777947959622907e+03 1.963196495557974153e+00
2.200000000000000000e+01 1.367259740829467773e+00 8.867004869873746429e+03 9.760839879409485276e-01
2.300000000000000000e+01 1.549859762191772461e+00 8.937636507883258673e+03 8.040280808957999126e-01
2.400000000000000000e+01 1.668342828750610352e+00 9.860251880332280052e+03 1.165671400825127657e+00
2.500000000000000000e+01 2.926058459281921387e+01 2.102440565806136510e+04 6.688320025320324547e+00
2.500000000000000000e+01 2.104632854461669922e-01 4.746168807054274112e+03 0.000000000000000000e+00
2.600000000000000000e+01 2.982896828651428223e+01 2.043505743165246167e+04 8.642513922775910018e+00
2.600000000000000000e+01 2.098469734191894531e-01 3.365577693889533293e+03 0.000000000000000000e+00
2.700000000000000000e+01 1.582679510116577148e+00 2.774960712630221678e+03 -1.203460525496922839e+00
2.800000000000000000e+01 1.599085092544555664e+00 3.204837780397876486e+03 -4.448877068249094124e-01
2.900000000000000000e+01 1.461798906326293945e+00 3.996730700982392591e+03 3.989903555016959258e-01
3.000000000000000000e+01 1.869997024536132812e+00 5.498640656702064916e+03 2.062531554869071915e+00
3.100000000000000000e+01 1.527328252792358398e+00 5.549793421408622635e+03 1.446357039607899742e+00
3.200000000000000000e+01 1.547246217727661133e+00 5.570234829626339888e+03 1.182836902029246406e+00
3.300000000000000000e+01 1.502885580062866211e+00 5.561584843092926349e+03 1.011414384619981011e+00
3.400000000000000000e+01 1.668401479721069336e+00 5.022595654264552650e+03 4.416826134094904432e-01
3.500000000000000000e+01 1.538647890090942383e+00 4.635964611068460727e+03 6.899203643286438981e-02
3.600000000000000000e+01 1.646514892578125000e+00 4.288309805853524267e+03 -2.637478979010732805e-01
3.700000000000000000e+01 1.505360364913940430e+00 4.223501954888442924e+03 -3.170490719804540114e-01
3.800000000000000000e+01 1.653330802917480469e+00 4.305659451903397894e+03 -2.196322292153912170e-01
3.900000000000000000e+01 2.918127775192260742e+01 1.510783278055642586e+04 1.136605035757899174e+01
3.900000000000000000e+01 2.103414535522460938e-01 2.507011112580521512e+03 0.000000000000000000e+00
4.000000000000000000e+01 2.898490285873413086e+01 1.304628837045425826e+04 1.118337807618094715e+01
4.000000000000000000e+01 2.083175182342529297e-01 3.219221994745344546e+03 0.000000000000000000e+00
