1.507294340039200615e+05
1.000000000000000000e+00 1.627575159072875977e+00 5.036420097715991687e+03 0.000000000000000000e+00
2.000000000000000000e+00 1.928505182266235352e+00 6.091062250387032691e+03 3.162364397985793385e+00
2.000000000000000000e+00 3.770070791244506836e+00 4.848224442900381291e+03 0.000000000000000000e+00
3.000000000000000000e+00 1.734359741210937500e+00 6.665902229191151491e+03 0.000000000000000000e+00
4.000000000000000000e+00 1.683292150497436523e+00 8.637479715594636218e+03 2.241059411058890394e+00
5.000000000000000000e+00 2.248947620391845703e+00 8.307552844921467113e+03 8.391694683934710630e-01
6.000000000000000000e+00 1.845902919769287109e+00 7.169626959828503459e+03 3.152031256163843886e-02
7.000000000000000000e+00 1.879138231277465820e+00 7.025279010660733547e+03 -6.668059061266637388e-02
8.000000000000000000e+00 1.869077205657958984e+00 6.884129970822239557e+03 -1.667761669933373325e-01
9.000000000000000000e+00 2.005994558334350586e+00 6.667775603366303585e+03 -3.315725701456307406e-01
1.000000000000000000e+01 1.825257062911987305e+00 6.336968828423861851e+03 -5.981878289818568506e-01
1.100000000000000000e+01 1.951243877410888672e+00 6.148359849930733617e+03 -7.272095520455820195e-01
1.200000000000000000e+01 1.802605152130126953e+00 7.580948808999966786e+03 6.660423887903358375e-01
1.300000000000000000e+01 1.776064157485961914e+00 7.120034073397097018e+03 1.796621944018033656e-01
1.400000000000000000e+01 1.788973331451416016e+00 6.491102022408991616e+03 -4.630783116917083775e-01
1.500000000000000000e+01 1.881193399429321289e+00 6.251074107115002334e+03 -6.935911760245543345e-01
1.600000000000000000e+01 1.888561725616455078e+00 6.564903170505936032e+03 -3.226975132730551810e-01
1.700000000000000000e+01 1.847740650177001953e+00 6.051383921046087380e+03 -8.789952293421976481e-01
1.800000000000000000e+01 1.718318223953247070e+00 5.989469427325686411e+03 -9.008089039554436628e-01
1.900000000000000000e+01 1.879243850708007812e+00 8.054283580125835215e+03 1.466594617826797675e+00
2.000000000000000000e+01 1.682186841964721680e+00 9.288105675325627089e+03 2.691426285680193153e+00
2.100000000000000000e+01 1.890954017639160156e+00 9.505734513947900268e+03 2.420796145190792004e+00
2.200000000000000000e+01 1.791670083999633789e+00 1.062119994881924868e+04 3.014245054441403227e+00
2.200000000000000000e+01 3.589831829071044922e+00 8.665094505781831685e+03 0.000000000000000000e+00
2.300000000000000000e+01 1.783852338790893555e+00 9.723551123688450389e+03 0.000000000000000000e+00
2.400000000000000000e+01 1.898815155029296875e+00 1.047876640476367902e+04 1.716156821537113464e+00
2.500000000000000000e+01 5.089007854461669922e+01 2.176832150372918113e+04 1.333168777770172753e+01
2.500000000000000000e+01 3.046753406524658203e-01 3.399838539032231438e+03 0.000000000000000000e+00
2.600000000000000000e+01 5.061988782882690430e+01 2.037239271068496964e+04 1.341286745999950014e+01
2.600000000000000000e+01 3.054935932159423828e-01 2.284298505069113617e+03 0.000000000000000000e+00
2.700000000000000000e+01 1.707825899124145508e+00 1.942649429757447479e+03 -1.130137969803787001e+00
2.800000000000000000e+01 1.868719339370727539e+00 2.515037875794154843e+03 -4.644976668255037383e-02
2.900000000000000000e+01 1.744756221771240234e+00 3.293586194975873696e+03 1.183952904377920445e+00
3.000000000000000000e+01 1.759409189224243164e+00 4.967931461279826181e+03 3.531898426517101619e+00
3.000000000000000000e+01 3.460981369018554688e+00 4.617259382720917529e+03 0.000000000000000000e+00
3.100000000000000000e+01 1.743077278137207031e+00 4.626782960175826702e+03 0.000000000000000000e+00
3.200000000000000000e+01 1.776215314865112305e+00 4.634252229580651147e+03 1.816263728072730732e+00
3.300000000000000000e+01 1.727408170700073242e+00 4.635822093653650882e+03 1.141692535909313744e+00
3.400000000000000000e+01 2.087995767593383789e+00 4.119870136158146124e+03 -5.994638846583001879e+01
3.500000000000000000e+01 1.793525934219360352e+00 3.665044036502348263e+03 -3.786297447615798895e+00
3.600000000000000000e+01 1.991452455520629883e+00 3.306718707543627715e+03 -2.648356031631270202e+00
3.700000000000000000e+01 1.828001737594604492e+00 3.327440877326131158e+03 -1.637988018096212084e+00
3.800000000000000000e+01 1.880163431167602539e+00 3.496520777343012469e+03 -1.031278920956768985e+00
3.900000000000000000e+01 5.207996869087219238e+01 1.482560030792525504e+04 1.798519520712983777e+01
3.900000000000000000e+01 3.096656799316406250e-01 1.568494991659732250e+03 0.000000000000000000e+00
4.000000000000000000e+01 4.984801387786865234e+01 1.281035608263804352e+04 1.956505539429193519e+01
4.000000000000000000e+01 3.068599700927734375e-01 2.145106737026020255e+03 0.000000000000000000e+00
