1.630412034757016518e+05
1.000000000000000000e+00 1.111244201660156250e+00 4.946036016363462295e+03 0.000000000000000000e+00
2.000000000000000000e+00 9.321370124816894531e-01 5.757404128071418199e+03 2.904348399154040639e+00
3.000000000000000000e+00 9.168028831481933594e-01 6.895894666314193273e+03 2.758153558558021246e+00
4.000000000000000000e+00 9.605662822723388672e-01 8.612091097148879271e+03 2.884256277456962003e+00
5.000000000000000000e+00 9.192109107971191406e-01 8.339050265973522983e+03 1.321983447083621588e+00
6.000000000000000000e+00 9.609560966491699219e-01 7.466921625831464553e+03 5.556294902648765133e-01
7.000000000000000000e+00 8.901624679565429688e-01 7.240728239301205576e+03 3.702809772360358687e-01
8.000000000000000000e+00 8.846983909606933594e-01 7.075545429429038450e+03 2.386125497445222843e-01
9.000000000000000000e+00 8.745212554931640625e-01 6.847462359555171133e+03 6.723363961528329436e-02
1.000000000000000000e+01 8.731834888458251953e-01 6.442181681306443352e+03 -2.348508756945206777e-01
1.100000000000000000e+01 8.696527481079101562e-01 6.208181973438255227e+03 -4.059038600342125824e-01
1.200000000000000000e+01 8.887920379638671875e-01 7.709795795688699400e+03 8.249731475912538414e-01
1.300000000000000000e+01 9.406588077545166016e-01 7.355986409856483078e+03 4.834199193127217131e-01
1.400000000000000000e+01 8.658931255340576172e-01 6.595707049612601622e+03 -1.801510805524149661e-01
1.500000000000000000e+01 8.652913570404052734e-01 6.322144734185565540e+03 -4.141783366395891952e-01
1.600000000000000000e+01 8.697230815887451172e-01 6.592483184875563893e+03 -1.556425603002506985e-01
1.700000000000000000e+01 8.723394870758056641e-01 6.141622792801093055e+03 -5.711185849551901894e-01
1.800000000000000000e+01 8.719258308410644531e-01 6.037680158892091640e+03 -6.495611841161447186e-01
1.900000000000000000e+01 8.853008747100830078e-01 8.181325469497848644e+03 1.447528580967552880e+00
2.000000000000000000e+01 8.837540149688720703e-01 9.753748790586188989e+03 2.823404062914639745e+00
2.100000000000000000e+01 1.151267528533935547e+00 1.007863261590681941e+04 2.597656363455953077e+00
2.200000000000000000e+01 8.799252510070800781e-01 1.144379577111662729e+04 3.204708987513458673e+00
2.200000000000000000e+01 1.793081760406494141e+00 8.848495606514952669e+03 0.000000000000000000e+00
2.300000000000000000e+01 8.785955905914306641e-01 1.175719138082795325e+04 0.000000000000000000e+00
2.400000000000000000e+01 8.769881725311279297e-01 1.131327033560490054e+04 4.912715025983080963e-01
2.500000000000000000e+01 5.035234713554382324e+01 2.403369013976551651e+04 8.547637489589908100e+00
2.500000000000000000e+01 7.213709354400634766e-01 3.403475423394167137e+03 0.000000000000000000e+00
2.600000000000000000e+01 5.083143639564514160e+01 2.264393151693892651e+04 1.528249829526167503e+01
2.600000000000000000e+01 7.274477481842041016e-01 2.297287727955503215e+03 0.000000000000000000e+00
2.700000000000000000e+01 1.038848161697387695e+00 2.000304587666517364e+03 -1.072753260451569046e+00
2.800000000000000000e+01 9.436488151550292969e-01 2.528618090903839402e+03 -6.883805494560109317e-02
2.900000000000000000e+01 9.234693050384521484e-01 3.435327656373685841e+03 1.390040016330359895e+00
3.000000000000000000e+01 8.993930816650390625e-01 5.303101584817779440e+03 3.851242012606260534e+00
3.000000000000000000e+01 1.813835144042968750e+00 5.236209269521678834e+03 0.000000000000000000e+00
3.100000000000000000e+01 9.433712959289550781e-01 5.481604341630759336e+03 0.000000000000000000e+00
3.200000000000000000e+01 9.504268169403076172e-01 5.203252445914948112e+03 -8.970371922449189572e-01
3.300000000000000000e+01 8.753926753997802734e-01 5.028628286689756351e+03 -1.830477216971432064e+00
3.400000000000000000e+01 8.821249008178710938e-01 4.522077917137793520e+03 -3.834859899526405158e+00
3.500000000000000000e+01 9.445509910583496094e-01 4.045417390818719468e+03 -2.926829488034365934e+00
3.600000000000000000e+01 8.758780956268310547e-01 3.611943137320592086e+03 -2.444491864580377705e+00
3.700000000000000000e+01 8.724370002746582031e-01 3.534902260623679012e+03 -1.724081688353038766e+00
3.800000000000000000e+01 1.069214820861816406e+00 3.662452460795797379e+03 -1.195329506563688193e+00
3.900000000000000000e+01 4.985465693473815918e+01 1.633567487348760005e+04 1.514014391404360893e+01
3.900000000000000000e+01 8.050651550292968750e-01 1.568592164124960846e+03 0.000000000000000000e+00
4.000000000000000000e+01 5.162553834915161133e+01 2.070398707418073900e+04 3.379712653335667483e+01
4.000000000000000000e+01 7.298259735107421875e-01 2.138333611146308158e+03 0.000000000000000000e+00
