1.468595068522836955e+05
1.000000000000000000e+00 2.245549917221069336e+00 4.901483484576770024e+03 0.000000000000000000e+00
2.000000000000000000e+00 2.203286647796630859e+00 5.866229525679541439e+03 1.772521161943666712e+00
3.000000000000000000e+00 2.656396627426147461e+00 6.819028767363726729e+03 1.795891188215826828e+00
4.000000000000000000e+00 2.163874387741088867e+00 8.393012249991419594e+03 2.261192752032399333e+00
5.000000000000000000e+00 2.321244239807128906e+00 8.077688822019043982e+03 1.185445491747636693e+00
6.000000000000000000e+00 2.332274198532104492e+00 6.751048833511103112e+03 2.546449236603793853e-01
7.000000000000000000e+00 2.292060613632202148e+00 6.508009386264461682e+03 9.473401211416160317e-02
8.000000000000000000e+00 2.386586666107177734e+00 6.328715921213930415e+03 -2.443358737427714714e-02
9.000000000000000000e+00 2.509781837463378906e+00 6.137929862722170583e+03 -1.527919087321841229e-01
1.000000000000000000e+01 2.080368280410766602e+00 5.839219424744906974e+03 -3.605598938564444356e-01
1.100000000000000000e+01 2.159286022186279297e+00 5.704524021942248510e+03 -4.447452464998843946e-01
1.200000000000000000e+01 2.397091627120971680e+00 7.118193614304879702e+03 6.832937749643295255e-01
1.300000000000000000e+01 2.210649728775024414e+00 6.561913362849634723e+03 1.999042984026586089e-01
1.400000000000000000e+01 2.400768280029296875e+00 5.879062703753190362e+03 -3.764766833068590723e-01
1.500000000000000000e+01 2.231535434722900391e+00 5.790331045597641605e+03 -4.391938845233664956e-01
1.600000000000000000e+01 2.299209833145141602e+00 6.264813560702025825e+03 -3.335380159057506518e-03
1.700000000000000000e+01 2.146844625473022461e+00 5.711712679039411341e+03 -5.090510063929936102e-01
1.800000000000000000e+01 2.391386032104492188e+00 5.648011168259235092e+03 -5.514132534847108191e-01
1.900000000000000000e+01 2.355893135070800781e+00 7.508675557029102492e+03 1.243118071441267958e+00
2.000000000000000000e+01 2.308136224746704102e+00 8.756633743046581003e+03 2.343549401944071242e+00
2.100000000000000000e+01 2.180082321166992188e+00 9.102544153342199934e+03 2.324125074521499190e+00
2.200000000000000000e+01 2.576224803924560547e+00 1.042645012654319180e+04 3.063307929162260024e+00
2.200000000000000000e+01 4.915391445159912109e+00 8.607019888085051207e+03 0.000000000000000000e+00
2.300000000000000000e+01 2.336868524551391602e+00 9.244972357106778873e+03 0.000000000000000000e+00
2.400000000000000000e+01 2.214927196502685547e+00 9.988553995041762391e+03 2.355479172803452759e+00
2.500000000000000000e+01 6.518789339065551758e+01 2.125703126299620999e+04 1.732160949171379372e+01
2.500000000000000000e+01 3.734180927276611328e-01 2.875583027614879938e+03 0.000000000000000000e+00
2.600000000000000000e+01 6.453463506698608398e+01 2.033350780140514689e+04 1.646453023912349423e+01
2.600000000000000000e+01 3.718552589416503906e-01 1.907583816146438949e+03 0.000000000000000000e+00
2.700000000000000000e+01 2.193348884582519531e+00 1.738163150377037937e+03 -9.583114740019670341e-01
2.800000000000000000e+01 2.083041906356811523e+00 2.370346143257204403e+03 3.324424930259823885e-01
2.900000000000000000e+01 2.752305984497070312e+00 3.126747327786712049e+03 1.798366947786340653e+00
3.000000000000000000e+01 2.205075979232788086e+00 4.821582711446191752e+03 4.059440187864403526e+00
3.000000000000000000e+01 4.573721408843994141e+00 4.544746347586397860e+03 0.000000000000000000e+00
3.100000000000000000e+01 2.234315633773803711e+00 4.329231890106269020e+03 0.000000000000000000e+00
3.200000000000000000e+01 2.564655780792236328e+00 4.350306244669009175e+03 -5.688161143358818617e-01
3.300000000000000000e+01 2.255659341812133789e+00 4.227542419106655871e+03 -1.519649573668422349e+00
3.400000000000000000e+01 2.540202379226684570e+00 3.621545490418828649e+03 -5.594858075488627236e+00
3.500000000000000000e+01 2.681927204132080078e+00 3.164536151519208033e+03 -2.992969663137157177e+00
3.600000000000000000e+01 2.253908634185791016e+00 2.820327844688826644e+03 -2.294958535840151193e+00
3.700000000000000000e+01 2.680994033813476562e+00 2.912691529953706777e+03 -1.424060887989902824e+00
3.800000000000000000e+01 2.313808202743530273e+00 3.141741616689020702e+03 -8.575111728551492174e-01
3.900000000000000000e+01 6.514164590835571289e+01 1.421516000009740310e+04 1.527707884789167103e+01
3.900000000000000000e+01 3.742291927337646484e-01 1.187817108487338373e+03 0.000000000000000000e+00
4.000000000000000000e+01 6.694435143470764160e+01 1.274482004838486682e+04 2.681239968358001491e+01
4.000000000000000000e+01 4.002838134765625000e-01 1.743220134901197980e+03 0.000000000000000000e+00
