1.950365816328594810e+05
1.000000000000000000e+00 1.311349868774414062e-01 1.076918101123913948e+04 0.000000000000000000e+00
2.000000000000000000e+00 1.480176448822021484e-01 1.099925297668010353e+04 -6.325320055206220538e-01
3.000000000000000000e+00 1.619727611541748047e-01 1.163553487659584425e+04 -2.707138863324867195e-01
4.000000000000000000e+00 3.848645687103271484e-01 1.298818401096535854e+04 4.203295471713171527e-01
5.000000000000000000e+00 2.254893779754638672e-01 1.404469158574945322e+04 9.661324223976103243e-01
6.000000000000000000e+00 3.883085250854492188e-01 1.374411048169991045e+04 6.528646575242993411e-01
7.000000000000000000e+00 4.555211067199707031e-01 1.355328216416747455e+04 4.771345573741241908e-01
8.000000000000000000e+00 4.970417022705078125e-01 1.322738108207908408e+04 2.356003487013795250e-01
9.000000000000000000e+00 7.504608631134033203e-01 1.286157575346888916e+04 -2.566238182569888573e-02
1.000000000000000000e+01 6.038210391998291016e-01 1.253057730363595329e+04 -2.632311840752847298e-01
1.100000000000000000e+01 6.230962276458740234e-01 1.230287226612654740e+04 -4.238823492753578948e-01
1.200000000000000000e+01 7.814042568206787109e-01 1.211608924835086873e+04 -5.514199136104744881e-01
1.300000000000000000e+01 7.039442062377929688e-01 1.195790113124422533e+04 -6.535687299595114297e-01
1.400000000000000000e+01 8.553559780120849609e-01 1.190675056658799258e+04 -6.640577825202703677e-01
1.500000000000000000e+01 8.010551929473876953e-01 1.175039088698834894e+04 -7.662203425594620310e-01
1.600000000000000000e+01 8.407890796661376953e-01 1.168052831427025922e+04 -7.896737167251867140e-01
1.700000000000000000e+01 9.470086097717285156e-01 1.158847240159445391e+04 -8.335463629170358768e-01
1.800000000000000000e+01 9.650664329528808594e-01 1.157634507598010532e+04 -8.060405596212030233e-01
1.900000000000000000e+01 1.058179616928100586e+00 1.252108835499418819e+04 7.220054592796169846e-02
2.000000000000000000e+01 1.003803253173828125e+00 1.466552352222940317e+04 2.038696737737436315e+00
2.100000000000000000e+01 1.054772377014160156e+00 1.683230996314332151e+04 3.668407925158471361e+00
2.100000000000000000e+01 2.077586412429809570e+00 1.480520554452034958e+04 0.000000000000000000e+00
2.200000000000000000e+01 1.066309213638305664e+00 1.676293154886833145e+04 0.000000000000000000e+00
2.300000000000000000e+01 1.184380054473876953e+00 1.603650758448522720e+04 1.823558098137367522e-01
2.400000000000000000e+01 1.289334297180175781e+00 1.549449667954405413e+04 -3.776252074401139081e-01
2.500000000000000000e+01 4.726870536804199219e+00 3.184692145023784178e+04 1.937866101938623231e+01
2.500000000000000000e+01 6.377124786376953125e-02 1.103171206259225619e+04 0.000000000000000000e+00
2.600000000000000000e+01 8.831286430358886719e-02 2.119172493671212942e+04 1.897824877461048443e+00
2.700000000000000000e+01 1.160163879394531250e-01 8.223129103013881831e+03 -1.579532308197157731e+00
2.800000000000000000e+01 2.139465808868408203e-01 7.258834304558247823e+03 -1.209763142727196206e+00
2.900000000000000000e+01 1.594989299774169922e-01 7.248857038782985910e+03 -9.494754565028469262e-01
3.000000000000000000e+01 3.235945701599121094e-01 8.709360051370606016e+03 -5.577295473798757897e-01
3.100000000000000000e+01 1.779694557189941406e-01 9.489982709065061499e+03 -3.653791557011891178e-01
3.200000000000000000e+01 4.051990509033203125e-01 9.896042531732888165e+03 -2.613923032093959931e-01
3.300000000000000000e+01 5.347020626068115234e-01 9.384977634674822184e+03 -3.553231491009062326e-01
3.400000000000000000e+01 5.211784839630126953e-01 9.201117116334859020e+03 -3.777281984826042494e-01
3.500000000000000000e+01 5.493874549865722656e-01 9.092769792404809778e+03 -3.846219920457976671e-01
3.600000000000000000e+01 6.011903285980224609e-01 8.968989193524275834e+03 -3.973344353494336900e-01
3.700000000000000000e+01 6.441125869750976562e-01 8.915899561277878092e+03 -3.939342321861934448e-01
3.800000000000000000e+01 1.087352514266967773e+00 8.861281128897195231e+03 -3.926961891256112724e-01
3.900000000000000000e+01 8.292741775512695312e-01 2.288837701885159549e+04 3.393192701589384797e+00
3.900000000000000000e+01 1.586834430694580078e+00 1.933841624451931057e+04 0.000000000000000000e+00
4.000000000000000000e+01 8.633100986480712891e-01 2.118627113258640020e+04 0.000000000000000000e+00
