1.505688136334900046e+05
1.000000000000000000e+00 1.131717443466186523e+00 4.940199920259608916e+03 0.000000000000000000e+00
2.000000000000000000e+00 1.034252882003784180e+00 6.248609226919680623e+03 2.089315438497991728e+00
3.000000000000000000e+00 9.422333240509033203e-01 7.411812920193329774e+03 1.874990545482253967e+00
4.000000000000000000e+00 1.099106311798095703e+00 9.019621218068747112e+03 2.108240134459351989e+00
5.000000000000000000e+00 1.145357370376586914e+00 8.771124431822316183e+03 1.199472345358296943e+00
6.000000000000000000e+00 9.550073146820068359e-01 7.718239825185313748e+03 4.900961206566822881e-01
7.000000000000000000e+00 9.051878452301025391e-01 7.319005872856218957e+03 2.514566080779572221e-01
8.000000000000000000e+00 1.081145286560058594e+00 7.094440182624918634e+03 1.158944666220175779e-01
9.000000000000000000e+00 1.017893075942993164e+00 6.826645414466835064e+03 -4.366849452838986873e-02
1.000000000000000000e+01 1.004602909088134766e+00 6.400211017719736446e+03 -3.012588863447573928e-01
1.100000000000000000e+01 1.213191986083984375e+00 6.166490957676445760e+03 -4.366541895334391521e-01
1.200000000000000000e+01 1.178723335266113281e+00 7.665972194984601629e+03 5.796527982028911730e-01
1.300000000000000000e+01 9.481124877929687500e-01 7.201869729170130995e+03 2.336603715294222894e-01
1.400000000000000000e+01 9.426388740539550781e-01 6.358004795075250513e+03 -3.742172431404731658e-01
1.500000000000000000e+01 1.027656555175781250e+00 6.074276421185809340e+03 -5.688025251290013129e-01
1.600000000000000000e+01 1.081112623214721680e+00 6.475646994409752551e+03 -2.445336470822740416e-01
1.700000000000000000e+01 9.890456199645996094e-01 5.968955791055848749e+03 -6.296804926711757622e-01
1.800000000000000000e+01 1.122104167938232422e+00 5.903821452854139352e+03 -6.573514890777173436e-01
1.900000000000000000e+01 9.940443038940429688e-01 7.910711103379810083e+03 9.771402208166806158e-01
2.000000000000000000e+01 1.152477502822875977e+00 9.204835429026243219e+03 1.971543201860036287e+00
2.100000000000000000e+01 1.118063449859619141e+00 9.609425636362842852e+03 2.067854300540097334e+00
2.200000000000000000e+01 9.625840187072753906e-01 1.084896507545588429e+04 2.717177021528130343e+00
2.300000000000000000e+01 1.118966579437255859e+00 1.083168634046567786e+04 2.290466824496315557e+00
2.400000000000000000e+01 1.035769939422607422e+00 1.090170627185738886e+04 2.065208029715702054e+00
2.500000000000000000e+01 6.480345225334167480e+01 2.223694086083464208e+04 8.009574503829565373e+00
2.500000000000000000e+01 3.714232444763183594e-01 2.873347328546702556e+03 0.000000000000000000e+00
2.600000000000000000e+01 6.623806428909301758e+01 2.052905257043016536e+04 1.667257966205473352e+01
2.600000000000000000e+01 3.756558895111083984e-01 1.916895981343132235e+03 0.000000000000000000e+00
2.700000000000000000e+01 1.157273530960083008e+00 1.769016421925325403e+03 -9.253067049819793111e-01
2.800000000000000000e+01 1.019908428192138672e+00 2.413501236240053004e+03 3.769713778077182775e-01
2.900000000000000000e+01 9.492082595825195312e-01 3.333283770592810924e+03 2.164901443092663857e+00
3.000000000000000000e+01 1.101069688796997070e+00 5.149880347833579435e+03 4.111901195172020351e+00
3.000000000000000000e+01 2.360715389251708984e+00 4.510274839888718816e+03 0.000000000000000000e+00
3.100000000000000000e+01 1.101525545120239258e+00 4.847192589205341392e+03 0.000000000000000000e+00
3.200000000000000000e+01 1.012469530105590820e+00 4.995506741890545527e+03 1.329656013587410257e+00
3.300000000000000000e+01 1.115805864334106445e+00 4.789859093743877565e+03 2.225768011451832382e-02
3.400000000000000000e+01 1.040968894958496094e+00 4.169758349327078577e+03 -3.033628725973195550e+00
3.500000000000000000e+01 9.960651397705078125e-01 3.632081817900850638e+03 -3.153113973531957992e+00
3.600000000000000000e+01 1.091572999954223633e+00 3.196288092287936252e+03 -2.527044828972823343e+00
3.700000000000000000e+01 1.207573652267456055e+00 3.190112077139410303e+03 -1.648552804668023120e+00
3.800000000000000000e+01 9.741501808166503906e-01 3.391518595032419853e+03 -1.046513847562633659e+00
3.900000000000000000e+01 6.643825745582580566e+01 1.544094981775510496e+04 1.536889454248390763e+01
3.900000000000000000e+01 3.778390884399414062e-01 1.206427600771706466e+03 0.000000000000000000e+00
4.000000000000000000e+01 6.431310081481933594e+01 1.320675960151010440e+04 2.742724998845029916e+01
4.000000000000000000e+01 3.753850460052490234e-01 1.747275142825706098e+03 0.000000000000000000e+00
