1.625864471673350781e+05
1.000000000000000000e+00 1.083696842193603516e+00 5.717996234717617881e+03 0.000000000000000000e+00
2.000000000000000000e+00 9.453539848327636719e-01 6.626146021298592132e+03 9.966827000521744084e-01
3.000000000000000000e+00 9.064433574676513672e-01 7.764101964503962336e+03 3.070644586608458404e+00
3.000000000000000000e+00 2.119203329086303711e+00 5.871535805511525723e+03 0.000000000000000000e+00
4.000000000000000000e+00 1.022483825683593750e+00 8.833484216311964701e+03 0.000000000000000000e+00
5.000000000000000000e+00 1.103113889694213867e+00 9.146969771530837534e+03 8.567837715696388079e-01
6.000000000000000000e+00 1.210655212402343750e+00 8.453570225753903287e+03 2.782508979633209756e-01
7.000000000000000000e+00 1.101302862167358398e+00 8.224379785749822986e+03 9.885791731122581250e-02
8.000000000000000000e+00 1.005898952484130859e+00 8.026183881589508019e+03 -6.147648349239179244e-02
9.000000000000000000e+00 9.516272544860839844e-01 7.839257000629658251e+03 -2.181858234898384208e-01
1.000000000000000000e+01 9.917190074920654297e-01 7.539917742135845401e+03 -4.851978709767730824e-01
1.100000000000000000e+01 1.047793388366699219e+00 7.371578349201785386e+03 -6.188177650250757944e-01
1.200000000000000000e+01 1.061099290847778320e+00 8.663606854325798849e+03 7.712913997465873361e-01
1.300000000000000000e+01 9.936752319335937500e-01 8.478536870492489470e+03 5.148941276341915119e-01
1.400000000000000000e+01 9.928097724914550781e-01 7.882992998075583273e+03 -1.755713384560271262e-01
1.500000000000000000e+01 1.013805627822875977e+00 7.523263720130956244e+03 -5.876711843952862058e-01
1.600000000000000000e+01 1.018981456756591797e+00 7.535156451231626306e+03 -5.442842172188538941e-01
1.700000000000000000e+01 9.354598522186279297e-01 7.131452277993467760e+03 -1.018506031641884135e+00
1.800000000000000000e+01 1.138248682022094727e+00 7.033575206060037999e+03 -1.072657993446489266e+00
1.900000000000000000e+01 1.076133489608764648e+00 8.923538975157700406e+03 1.326801848964265451e+00
2.000000000000000000e+01 1.095276832580566406e+00 1.063497831633346686e+04 3.291590552154295857e+00
2.000000000000000000e+01 2.137923002243041992e+00 8.394878570510061763e+03 0.000000000000000000e+00
2.100000000000000000e+01 1.040912866592407227e+00 9.606893794661735228e+03 0.000000000000000000e+00
2.200000000000000000e+01 1.071135759353637695e+00 1.200982612482131844e+04 3.510916026367450371e+00
2.200000000000000000e+01 2.058463335037231445e+00 9.619484945048070585e+03 0.000000000000000000e+00
2.300000000000000000e+01 9.636409282684326172e-01 1.120768209277072128e+04 0.000000000000000000e+00
2.400000000000000000e+01 1.100285530090332031e+00 1.195685578863504452e+04 1.374210108241207706e+00
2.500000000000000000e+01 2.779320979118347168e+01 2.400264602478823872e+04 1.095469121827308534e+01
2.500000000000000000e+01 2.148275375366210938e-01 4.780679007940861084e+03 0.000000000000000000e+00
2.600000000000000000e+01 2.899133729934692383e+01 2.039097135329144294e+04 8.528521509578958160e+00
2.600000000000000000e+01 2.152249813079833984e-01 3.390396280576260779e+03 0.000000000000000000e+00
2.700000000000000000e+01 9.394710063934326172e-01 2.775706528516382605e+03 -1.219909717524762849e+00
2.800000000000000000e+01 9.420149326324462891e-01 3.195045108884634828e+03 -4.643569993749087077e-01
2.900000000000000000e+01 9.476425647735595703e-01 3.971439298540576146e+03 3.542565893288762147e-01
3.000000000000000000e+01 1.031399488449096680e+00 5.655735005484374597e+03 2.205781813863785690e+00
3.100000000000000000e+01 1.101269483566284180e+00 5.747300992952150409e+03 1.528948408455742092e+00
3.200000000000000000e+01 1.161386489868164062e+00 5.665895113475632570e+03 1.146589942864292055e+00
3.300000000000000000e+01 9.597110748291015625e-01 5.692263933526918663e+03 1.013944075859323446e+00
3.400000000000000000e+01 1.059827566146850586e+00 5.279894777344991780e+03 5.715712823411095433e-01
3.500000000000000000e+01 9.887726306915283203e-01 4.942265448910205123e+03 2.504795163433945482e-01
3.600000000000000000e+01 1.013426542282104492e+00 4.571217548021174480e+03 -9.028100343835487873e-02
3.700000000000000000e+01 9.770853519439697266e-01 4.437993350627339169e+03 -2.108178750788876066e-01
3.800000000000000000e+01 1.026886701583862305e+00 4.472556840281330551e+03 -1.693234457295879070e-01
3.900000000000000000e+01 2.928313183784484863e+01 1.580112201282775095e+04 1.127021647400976079e+01
3.900000000000000000e+01 2.092020511627197266e-01 2.505682865129155289e+03 0.000000000000000000e+00
4.000000000000000000e+01 2.885278081893920898e+01 1.313715394732962704e+04 1.129374999256186385e+01
4.000000000000000000e+01 2.158517837524414062e-01 3.189655097984027634e+03 0.000000000000000000e+00
