1.613821604763162613e+05
1.000000000000000000e+00 1.067048072814941406e+00 4.752285444925703814e+03 0.000000000000000000e+00
2.000000000000000000e+00 1.112922430038452148e+00 5.743294446182428146e+03 2.755060115679219823e+00
3.000000000000000000e+00 1.117318630218505859e+00 6.803926813518496601e+03 2.314289893969627698e+00
4.000000000000000000e+00 1.005079746246337891e+00 8.491804211373198996e+03 2.640507572369976241e+00
5.000000000000000000e+00 1.022342443466186523e+00 8.202348960420777075e+03 1.276815602417509243e+00
6.000000000000000000e+00 1.001121997833251953e+00 7.327087653929005683e+03 5.438215096772693880e-01
7.000000000000000000e+00 9.806509017944335938e-01 7.026038216735569222e+03 3.202506562281191016e-01
8.000000000000000000e+00 1.104071378707885742e+00 6.836178104040369362e+03 1.801449434090943158e-01
9.000000000000000000e+00 9.990055561065673828e-01 6.600495202914846232e+03 1.153174417006605501e-02
1.000000000000000000e+01 9.743075370788574219e-01 6.240460115677389695e+03 -2.471048830773212301e-01
1.100000000000000000e+01 9.794178009033203125e-01 6.054119675507064130e+03 -3.764486713795427986e-01
1.200000000000000000e+01 1.037794113159179688e+00 7.556532924778503912e+03 8.198899742859558915e-01
1.300000000000000000e+01 1.003010272979736328e+00 7.059937682028450581e+03 3.729088979775393442e-01
1.400000000000000000e+01 9.685525894165039062e-01 6.266814594492007018e+03 -2.965665787108533458e-01
1.500000000000000000e+01 1.005638122558593750e+00 6.045436732520283840e+03 -4.754874275716870491e-01
1.600000000000000000e+01 9.944844245910644531e-01 6.452803850908070672e+03 -1.003864798559213067e-01
1.700000000000000000e+01 1.023024559020996094e+00 5.950971437037282158e+03 -5.523455471690336127e-01
1.800000000000000000e+01 1.013425350189208984e+00 5.885308620338718356e+03 -5.937320224051478856e-01
1.900000000000000000e+01 1.029054641723632812e+00 8.007951745728730202e+03 1.429491699107187541e+00
2.000000000000000000e+01 1.082506179809570312e+00 9.478226512504661514e+03 2.679624391712631670e+00
2.100000000000000000e+01 9.738380908966064453e-01 9.893820086004710902e+03 2.581990772121312450e+00
2.200000000000000000e+01 9.714632034301757812e-01 1.143146255939972798e+04 3.311606610910057924e+00
2.200000000000000000e+01 1.957910537719726562e+00 8.720543844506662936e+03 0.000000000000000000e+00
2.300000000000000000e+01 1.000293731689453125e+00 1.143354981138444600e+04 0.000000000000000000e+00
2.400000000000000000e+01 1.088312864303588867e+00 1.120850840476513804e+04 5.897990372220902611e-01
2.500000000000000000e+01 5.685282778739929199e+01 2.329435539861820143e+04 8.528256605385371003e+00
2.500000000000000000e+01 8.163442611694335938e-01 3.143823764584069977e+03 0.000000000000000000e+00
2.600000000000000000e+01 5.905081343650817871e+01 2.210090975619312667e+04 1.634815465835120207e+01
2.600000000000000000e+01 8.093624114990234375e-01 2.093810764981842112e+03 0.000000000000000000e+00
2.700000000000000000e+01 9.899587631225585938e-01 1.838591338722417959e+03 -1.051870290892055859e+00
2.800000000000000000e+01 1.014016866683959961e+00 2.392338822469468596e+03 5.019169982536395014e-02
2.900000000000000000e+01 1.022874355316162109e+00 3.166797783699877982e+03 1.420073813406165675e+00
3.000000000000000000e+01 9.827816486358642578e-01 5.187243429140554326e+03 4.395632547264741952e+00
3.000000000000000000e+01 1.972813367843627930e+00 5.117158004298767082e+03 0.000000000000000000e+00
3.100000000000000000e+01 1.085443258285522461e+00 5.028060960680158132e+03 0.000000000000000000e+00
3.200000000000000000e+01 9.767615795135498047e-01 4.913573905522082896e+03 -2.524329211301950426e+00
3.300000000000000000e+01 9.804742336273193359e-01 4.654207585286873837e+03 -3.580304195581508697e+00
3.400000000000000000e+01 9.741251468658447266e-01 4.015229315094205049e+03 -4.546894249494684459e+00
3.500000000000000000e+01 1.119951009750366211e+00 3.512660644256890464e+03 -2.778219099697266437e+00
3.600000000000000000e+01 9.667284488677978516e-01 3.123405994053453014e+03 -2.210033919039644523e+00
3.700000000000000000e+01 1.076402187347412109e+00 3.164028204330040808e+03 -1.479708793093822861e+00
3.800000000000000000e+01 1.099700927734375000e+00 3.376858603009338367e+03 -9.652292421724777416e-01
3.900000000000000000e+01 5.773840737342834473e+01 1.626131604517728192e+04 1.457419080641874665e+01
3.900000000000000000e+01 7.933783531188964844e-01 1.353491002970048839e+03 0.000000000000000000e+00
4.000000000000000000e+01 5.725367903709411621e+01 1.895805254180102565e+04 3.608162640317059555e+01
4.000000000000000000e+01 8.574426174163818359e-01 1.932593685393303986e+03 0.000000000000000000e+00
