1.547370426723672135e+05
1.000000000000000000e+00 1.419855356216430664e+00 5.395822642380418074e+03 0.000000000000000000e+00
2.000000000000000000e+00 1.578775644302368164e+00 6.313033310090158921e+03 3.733860844369650156e+00
2.000000000000000000e+00 3.095614194869995117e+00 5.173936537955087260e+03 0.000000000000000000e+00
3.000000000000000000e+00 1.859036445617675781e+00 6.950341069706380040e+03 0.000000000000000000e+00
4.000000000000000000e+00 1.481441497802734375e+00 9.001109988900514509e+03 2.339744599306912587e+00
5.000000000000000000e+00 1.749998331069946289e+00 8.899613834310295715e+03 9.700259148027272627e-01
6.000000000000000000e+00 1.444769620895385742e+00 7.909710631367107453e+03 2.218200216352933796e-01
7.000000000000000000e+00 1.673373460769653320e+00 7.617870730840562828e+03 1.950720106750682484e-02
8.000000000000000000e+00 1.532835721969604492e+00 7.456985649067381928e+03 -9.527275117250395831e-02
9.000000000000000000e+00 1.444508552551269531e+00 7.295612198687449563e+03 -2.139422166471326991e-01
1.000000000000000000e+01 1.988882064819335938e+00 7.037073504035553015e+03 -4.163514999106874281e-01
1.100000000000000000e+01 1.703121423721313477e+00 6.909822715322903605e+03 -5.031706556881766490e-01
1.200000000000000000e+01 1.639347791671752930e+00 8.184843703813941829e+03 6.980866810791082067e-01
1.300000000000000000e+01 1.727478504180908203e+00 7.691267653219896602e+03 1.863027416547596571e-01
1.400000000000000000e+01 1.717228412628173828e+00 7.189900987921846536e+03 -3.176610533814536730e-01
1.500000000000000000e+01 1.659833431243896484e+00 6.911142474570647209e+03 -5.920842375760116960e-01
1.600000000000000000e+01 1.535680532455444336e+00 7.151398653129611375e+03 -3.105016708058769281e-01
1.700000000000000000e+01 1.608655929565429688e+00 6.699226657187347882e+03 -7.943412377600739260e-01
1.800000000000000000e+01 1.603315353393554688e+00 6.632086671315296371e+03 -8.295119854118473413e-01
1.900000000000000000e+01 1.634713888168334961e+00 8.610085820971984504e+03 1.428934496011196931e+00
2.000000000000000000e+01 1.548113346099853516e+00 1.001435492635616902e+04 2.847756715206002820e+00
2.100000000000000000e+01 1.556543588638305664e+00 1.009285510290356069e+04 2.377091672969832370e+00
2.200000000000000000e+01 1.594112157821655273e+00 1.119807953091929448e+04 2.965707286587379699e+00
2.300000000000000000e+01 1.574976444244384766e+00 1.147863476378098676e+04 2.615807447560658527e+00
2.400000000000000000e+01 1.618162631988525391e+00 1.170235952491517310e+04 2.364492046639450784e+00
2.500000000000000000e+01 3.557932281494140625e+01 2.142050834686172311e+04 7.745360252630542952e+00
2.500000000000000000e+01 2.402067184448242188e-01 4.187657775508676423e+03 0.000000000000000000e+00
2.600000000000000000e+01 3.672339653968811035e+01 2.036323091030308569e+04 1.021819616031535638e+01
2.600000000000000000e+01 2.438578605651855469e-01 2.945818117522922876e+03 0.000000000000000000e+00
2.700000000000000000e+01 1.641331195831298828e+00 2.410606724667502476e+03 -1.220989974456601956e+00
2.800000000000000000e+01 1.690973520278930664e+00 2.893478823072375235e+03 -3.509011882275908101e-01
2.900000000000000000e+01 1.434846639633178711e+00 3.755581320325875367e+03 6.775455371066929633e-01
3.000000000000000000e+01 1.678752660751342773e+00 5.331514528205752868e+03 2.568554001802178632e+00
3.100000000000000000e+01 1.273449659347534180e+00 5.212317830960702850e+03 1.444489907594621592e+00
3.200000000000000000e+01 1.471250295639038086e+00 5.300073609765727269e+03 1.239135364427047525e+00
3.300000000000000000e+01 1.593134880065917969e+00 5.161583150775793911e+03 9.428304711144136485e-01
3.400000000000000000e+01 1.609928607940673828e+00 4.721119278544125336e+03 4.762225522512302800e-01
3.500000000000000000e+01 1.404350996017456055e+00 4.296526766452927404e+03 7.225009597948194029e-02
3.600000000000000000e+01 1.600346088409423828e+00 3.899551496390442935e+03 -3.018939669454704933e-01
3.700000000000000000e+01 1.662194013595581055e+00 3.827400379819358932e+03 -3.594870724787575522e-01
3.800000000000000000e+01 1.693549394607543945e+00 3.919850630667106543e+03 -2.509498093122671802e-01
3.900000000000000000e+01 3.792204833030700684e+01 1.534085448200583414e+04 1.178654556729731873e+01
3.900000000000000000e+01 2.425007820129394531e-01 2.092288636175944703e+03 0.000000000000000000e+00
4.000000000000000000e+01 3.538925051689147949e+01 1.289942407440816532e+04 1.390234742402730816e+01
4.000000000000000000e+01 2.382249832153320312e-01 2.763343459092023750e+03 0.000000000000000000e+00
