1.631832990512269316e+05
1.000000000000000000e+00 8.167510032653808594e-01 5.781940157179794369e+03 0.000000000000000000e+00
2.000000000000000000e+00 6.984665393829345703e-01 6.687635633988626068e+03 1.032389638720393688e+00
3.000000000000000000e+00 8.114426136016845703e-01 7.813146439357969939e+03 3.081642157188972941e+00
3.000000000000000000e+00 1.602412939071655273e+00 5.893108031088926509e+03 0.000000000000000000e+00
4.000000000000000000e+00 9.207592010498046875e-01 8.772696514522152938e+03 0.000000000000000000e+00
5.000000000000000000e+00 7.331533432006835938e-01 9.161099685180537563e+03 8.978580065001406929e-01
6.000000000000000000e+00 7.852246761322021484e-01 8.330142281087802985e+03 2.172476506958216369e-01
7.000000000000000000e+00 6.599404811859130859e-01 8.163498907339310790e+03 8.448691780591212341e-02
8.000000000000000000e+00 7.350175380706787109e-01 8.102932199286306059e+03 3.045680509657208018e-02
9.000000000000000000e+00 7.847290039062500000e-01 7.969023064917259944e+03 -8.906660434816419947e-02
1.000000000000000000e+01 7.408022880554199219e-01 7.677612646810669503e+03 -3.633467056915448135e-01
1.100000000000000000e+01 7.022070884704589844e-01 7.497913998398697004e+03 -5.247210125550764159e-01
1.200000000000000000e+01 6.865556240081787109e-01 8.808170853099236410e+03 9.241179694604492179e-01
1.300000000000000000e+01 7.125110626220703125e-01 8.823498487253264102e+03 8.593701725368091404e-01
1.400000000000000000e+01 6.952948570251464844e-01 8.175897241158610996e+03 7.431516110668644204e-02
1.500000000000000000e+01 7.878742218017578125e-01 7.753732692357165433e+03 -4.207789946234868905e-01
1.600000000000000000e+01 7.099752426147460938e-01 7.834833325706276810e+03 -3.046664569733859018e-01
1.700000000000000000e+01 8.063330650329589844e-01 7.486113061838449539e+03 -7.305871435939068625e-01
1.800000000000000000e+01 7.414433956146240234e-01 7.326787377092598945e+03 -8.978629470984423877e-01
1.900000000000000000e+01 8.670985698699951172e-01 9.142030170460251611e+03 1.488062147434330074e+00
2.000000000000000000e+01 8.916752338409423828e-01 1.065002753641246636e+04 3.233997108341288840e+00
2.000000000000000000e+01 1.595887422561645508e+00 8.499745119552113465e+03 0.000000000000000000e+00
2.100000000000000000e+01 8.790338039398193359e-01 9.767498333399073090e+03 0.000000000000000000e+00
2.200000000000000000e+01 6.868727207183837891e-01 1.212866397651881198e+04 3.341051967865780625e+00
2.200000000000000000e+01 1.441181659698486328e+00 9.538598087659594967e+03 0.000000000000000000e+00
2.300000000000000000e+01 7.720224857330322266e-01 1.108742562500833446e+04 0.000000000000000000e+00
2.400000000000000000e+01 6.951355934143066406e-01 1.180799269697199998e+04 1.365046868896284460e+00
2.500000000000000000e+01 2.808400964736938477e+01 2.358208103180020407e+04 1.101291988854734072e+01
2.500000000000000000e+01 2.080261707305908203e-01 4.769825991487448846e+03 0.000000000000000000e+00
2.600000000000000000e+01 2.868278264999389648e+01 2.041923312639255528e+04 8.572730199356817238e+00
2.600000000000000000e+01 2.082061767578125000e-01 3.366039844905389145e+03 0.000000000000000000e+00
2.700000000000000000e+01 6.769342422485351562e-01 2.781117166297841777e+03 -1.198607549532112460e+00
2.800000000000000000e+01 7.751712799072265625e-01 3.186250121031847357e+03 -4.635650408396982947e-01
2.900000000000000000e+01 6.891045570373535156e-01 4.046739269229750334e+03 4.514090717151823529e-01
3.000000000000000000e+01 7.764186859130859375e-01 5.681267323817160104e+03 2.245384347742497066e+00
3.100000000000000000e+01 7.727382183074951172e-01 5.973091255704567629e+03 1.717393974753715469e+00
3.200000000000000000e+01 8.228018283843994141e-01 6.272487633394126533e+03 1.549025436184118476e+00
3.300000000000000000e+01 6.946234703063964844e-01 5.822959800267175524e+03 9.322474060017517106e-01
3.400000000000000000e+01 8.055353164672851562e-01 5.275668089769674225e+03 4.358205056067340766e-01
3.500000000000000000e+01 6.823964118957519531e-01 4.865434413577449959e+03 9.314403947113739091e-02
3.600000000000000000e+01 8.839099407196044922e-01 4.475690052436767473e+03 -2.296157616105585775e-01
3.700000000000000000e+01 7.295095920562744141e-01 4.386854325980605608e+03 -2.962592498314101652e-01
3.800000000000000000e+01 8.172793388366699219e-01 4.447105671180494937e+03 -2.309178670848965054e-01
3.900000000000000000e+01 2.808781123161315918e+01 1.584600905776053696e+04 1.032319303942714050e+01
3.900000000000000000e+01 2.144894599914550781e-01 2.534428973136547484e+03 0.000000000000000000e+00
4.000000000000000000e+01 2.839951205253601074e+01 1.320182854379995115e+04 1.119772962021796658e+01
4.000000000000000000e+01 2.201218605041503906e-01 3.196050985228641366e+03 0.000000000000000000e+00
