1.627194729314835276e+05
1.000000000000000000e+00 9.955132007598876953e-01 5.002676032934737123e+03 0.000000000000000000e+00
2.000000000000000000e+00 9.247808456420898438e-01 5.795129929752046337e+03 2.760244197350914419e+00
3.000000000000000000e+00 9.067277908325195312e-01 6.886273170605622909e+03 2.676955730825690605e+00
4.000000000000000000e+00 8.861818313598632812e-01 8.563696176980882228e+03 2.870435085655259844e+00
5.000000000000000000e+00 9.205079078674316406e-01 8.344973991229098829e+03 1.349065254451071949e+00
6.000000000000000000e+00 9.004173278808593750e-01 7.403069966961561477e+03 5.214199156257915968e-01
7.000000000000000000e+00 8.797242641448974609e-01 7.139607985749651561e+03 3.141735828041617440e-01
8.000000000000000000e+00 8.760750293731689453e-01 6.982180725690459440e+03 1.894704331612251935e-01
9.000000000000000000e+00 8.888649940490722656e-01 6.729902470302256916e+03 -4.214752374846911318e-04
1.000000000000000000e+01 9.090223312377929688e-01 6.339752479575830876e+03 -2.957564820717946685e-01
1.100000000000000000e+01 8.687510490417480469e-01 6.140413734642231248e+03 -4.405391218050979663e-01
1.200000000000000000e+01 8.918030261993408203e-01 7.630403973198331187e+03 8.108189574425244128e-01
1.300000000000000000e+01 9.089524745941162109e-01 7.327836392740319752e+03 5.069193205178879058e-01
1.400000000000000000e+01 8.850135803222656250e-01 6.557731220380746890e+03 -1.814235018017563428e-01
1.500000000000000000e+01 9.113669395446777344e-01 6.239562558796520534e+03 -4.609589434085183957e-01
1.600000000000000000e+01 8.778338432312011719e-01 6.567118275852057195e+03 -1.421276724402068536e-01
1.700000000000000000e+01 8.727390766143798828e-01 6.089195278496481478e+03 -5.929257736676141199e-01
1.800000000000000000e+01 8.916137218475341797e-01 5.980843949236584194e+03 -6.765323562833757132e-01
1.900000000000000000e+01 8.818938732147216797e-01 8.143141970484508420e+03 1.482191547431936485e+00
2.000000000000000000e+01 8.838183879852294922e-01 9.747424319076721076e+03 2.908901206212460622e+00
2.100000000000000000e+01 8.932378292083740234e-01 1.018426017676512492e+04 2.742157320834089251e+00
2.200000000000000000e+01 8.729009628295898438e-01 1.128770898554678934e+04 3.101079563726888200e+00
2.200000000000000000e+01 1.769155979156494141e+00 8.896331722467841246e+03 0.000000000000000000e+00
2.300000000000000000e+01 8.735744953155517578e-01 1.167572660994937360e+04 0.000000000000000000e+00
2.400000000000000000e+01 8.793678283691406250e-01 1.161886407472334213e+04 6.781739480473033543e-01
2.500000000000000000e+01 4.990921902656555176e+01 2.448610625577122482e+04 8.659484191592623503e+00
2.500000000000000000e+01 7.302322387695312500e-01 3.427235781962046531e+03 0.000000000000000000e+00
2.600000000000000000e+01 5.017362833023071289e+01 2.445499025133336909e+04 1.664666602507887916e+01
2.600000000000000000e+01 7.212176322937011719e-01 2.321881723620850607e+03 0.000000000000000000e+00
2.700000000000000000e+01 8.993320465087890625e-01 1.998318739015565825e+03 -1.101258779934466414e+00
2.800000000000000000e+01 9.268288612365722656e-01 2.535391745666845509e+03 -8.405591959711290750e-02
2.900000000000000000e+01 9.174585342407226562e-01 3.458646482027191723e+03 1.369502135221009720e+00
3.000000000000000000e+01 9.077134132385253906e-01 5.174619403045405306e+03 3.567692799062728071e+00
3.000000000000000000e+01 1.803112983703613281e+00 5.203640724068712188e+03 0.000000000000000000e+00
3.100000000000000000e+01 9.190015792846679688e-01 5.191695441816202219e+03 0.000000000000000000e+00
3.200000000000000000e+01 8.933000564575195312e-01 5.198780315517955387e+03 1.316782943703889708e-01
3.300000000000000000e+01 8.827853202819824219e-01 5.029937693744930584e+03 -2.798391774891718953e+01
3.400000000000000000e+01 8.837230205535888672e-01 4.481120991067050454e+03 -8.015964788519319484e+00
3.500000000000000000e+01 8.883993625640869141e-01 3.940445412579591903e+03 -3.480120873764009914e+00
3.600000000000000000e+01 9.017117023468017578e-01 3.493957105900251463e+03 -2.583940182147431930e+00
3.700000000000000000e+01 8.730711936950683594e-01 3.441014781262721044e+03 -1.732711295082903780e+00
3.800000000000000000e+01 8.902013301849365234e-01 3.570403998234628034e+03 -1.198447053536199292e+00
3.900000000000000000e+01 4.902128314971923828e+01 1.641851978256910297e+04 1.528001613287130844e+01
3.900000000000000000e+01 7.257697582244873047e-01 1.547010374234939718e+03 0.000000000000000000e+00
4.000000000000000000e+01 4.983295202255249023e+01 1.896318126144914640e+04 3.113519432230338424e+01
4.000000000000000000e+01 7.245590686798095703e-01 2.129478291601176807e+03 0.000000000000000000e+00
