1.546563433706451324e+05
1.000000000000000000e+00 7.825646400451660156e-01 5.331778727257001265e+03 0.000000000000000000e+00
2.000000000000000000e+00 4.362397360801696777e+01 6.479925225452000632e+03 5.272482343973972974e+00
2.000000000000000000e+00 2.738204002380371094e-01 3.384044378106179465e+03 0.000000000000000000e+00
3.000000000000000000e+00 6.677584648132324219e-01 7.418918042401853199e+03 2.665291698825305478e+00
4.000000000000000000e+00 6.342043876647949219e-01 8.464831253007843770e+03 1.565430091366470489e+00
5.000000000000000000e+00 7.289478778839111328e-01 8.703771063973694254e+03 1.142285258379460489e+00
6.000000000000000000e+00 6.359992027282714844e-01 7.780559358758932831e+03 5.082046399264007475e-01
7.000000000000000000e+00 6.438491344451904297e-01 7.359932576527969104e+03 2.624340299621025219e-01
8.000000000000000000e+00 7.361261844635009766e-01 7.133990269551495658e+03 1.286703222201040775e-01
9.000000000000000000e+00 8.118429183959960938e-01 6.923317329438994420e+03 4.471990797224655555e-03
1.000000000000000000e+01 7.941086292266845703e-01 6.570156272464666472e+03 -2.054047740432681790e-01
1.100000000000000000e+01 6.384303569793701172e-01 6.382767206912132679e+03 -3.133271951927957821e-01
1.200000000000000000e+01 6.356337070465087891e-01 7.846505622725440844e+03 6.656742867134047836e-01
1.300000000000000000e+01 6.638133525848388672e-01 7.493967304782131578e+03 3.885491841784234901e-01
1.400000000000000000e+01 6.903316974639892578e-01 6.930781018475850942e+03 -2.372599853409143589e-02
1.500000000000000000e+01 6.573407649993896484e-01 6.573036080206468796e+03 -2.847312330178838891e-01
1.600000000000000000e+01 7.242808341979980469e-01 6.841046046530193962e+03 -7.203577665135839359e-02
1.700000000000000000e+01 6.561295986175537109e-01 6.393217315980696185e+03 -4.208437423760170715e-01
1.800000000000000000e+01 7.630839347839355469e-01 6.304584682009583958e+03 -4.781657364041297376e-01
1.900000000000000000e+01 7.142882347106933594e-01 8.370582431681790695e+03 1.240292444513846570e+00
2.000000000000000000e+01 6.483185291290283203e-01 1.007883849932049452e+04 2.550663491103203562e+00
2.100000000000000000e+01 7.167649269104003906e-01 1.026794696571583154e+04 2.284359899810269212e+00
2.200000000000000000e+01 6.550440788269042969e-01 1.160962275607390075e+04 2.871430762421908423e+00
2.300000000000000000e+01 7.705445289611816406e-01 1.222725298825023674e+04 2.732517821462814300e+00
2.400000000000000000e+01 6.370604038238525391e-01 1.205358084782400329e+04 2.223117236262607932e+00
2.500000000000000000e+01 4.371622347831726074e+01 2.420062265099970318e+04 7.674216183416961989e+00
2.500000000000000000e+01 2.796986103057861328e-01 3.784861251748804079e+03 0.000000000000000000e+00
2.600000000000000000e+01 4.434363508224487305e+01 2.059326528064843296e+04 1.185381493214343429e+01
2.600000000000000000e+01 3.407127857208251953e-01 2.608850752623236076e+03 0.000000000000000000e+00
2.700000000000000000e+01 7.380588054656982422e-01 2.218278936252864241e+03 -1.130551441051644179e+00
2.800000000000000000e+01 6.404283046722412109e-01 2.754401338550736909e+03 -1.792089230731878924e-01
2.900000000000000000e+01 7.105751037597656250e-01 3.694201477240672375e+03 1.125390597998180864e+00
3.000000000000000000e+01 6.567933559417724609e-01 5.710114923417386308e+03 3.659288403784401122e+00
3.000000000000000000e+01 1.440135478973388672e+00 4.756300376683224385e+03 0.000000000000000000e+00
3.100000000000000000e+01 7.651822566986083984e-01 5.638333142337657591e+03 0.000000000000000000e+00
3.200000000000000000e+01 6.437737941741943359e-01 5.614905708542926732e+03 6.695442371471277410e-01
3.300000000000000000e+01 6.726686954498291016e-01 5.401745338024315060e+03 1.297856279764060539e-01
3.400000000000000000e+01 6.679105758666992188e-01 5.008368868197119809e+03 -8.367033853456496972e-01
3.500000000000000000e+01 6.945555210113525391e-01 4.415641486475569764e+03 -2.235673229620032565e+00
3.600000000000000000e+01 6.730480194091796875e-01 3.928925495321350354e+03 -2.438569810055795983e+00
3.700000000000000000e+01 7.309460639953613281e-01 3.828746047899473979e+03 -1.766856942429994248e+00
3.800000000000000000e+01 7.525091171264648438e-01 3.915721004661401366e+03 -1.263289636677305205e+00
3.900000000000000000e+01 4.610442519187927246e+01 1.688440514479385820e+04 1.648650414160771760e+01
3.900000000000000000e+01 2.781665325164794922e-01 1.784668858020506832e+03 0.000000000000000000e+00
4.000000000000000000e+01 4.585701107978820801e+01 1.350233961175594050e+04 1.786360881670371725e+01
4.000000000000000000e+01 2.872524261474609375e-01 2.417425764173310654e+03 0.000000000000000000e+00
