1.591256002990066481e+05
1.000000000000000000e+00 1.663781881332397461e+00 4.605655472833592285e+03 0.000000000000000000e+00
2.000000000000000000e+00 1.260316133499145508e+00 5.537579150472901347e+03 1.721024342508640226e+00
3.000000000000000000e+00 1.227124929428100586e+00 6.563717722500940909e+03 1.856231199500743889e+00
4.000000000000000000e+00 1.291526794433593750e+00 8.153875279381151813e+03 2.273819045475707679e+00
5.000000000000000000e+00 1.496538400650024414e+00 7.847124517691700930e+03 1.196148716651681765e+00
6.000000000000000000e+00 1.316601276397705078e+00 6.786710766979139407e+03 4.159099243399981272e-01
7.000000000000000000e+00 1.282910585403442383e+00 6.572498881142523715e+03 2.622411777737337357e-01
8.000000000000000000e+00 1.312709331512451172e+00 6.398831011558288083e+03 1.397753816176316166e-01
9.000000000000000000e+00 1.378146648406982422e+00 6.150512745311483741e+03 -3.044722504349886560e-02
1.000000000000000000e+01 1.211583614349365234e+00 5.745607474122766689e+03 -3.111406961658030879e-01
1.100000000000000000e+01 1.204488277435302734e+00 5.540486527803446734e+03 -4.466045679852714834e-01
1.200000000000000000e+01 1.256473064422607422e+00 7.024097864142694561e+03 7.013442347828053869e-01
1.300000000000000000e+01 1.199844360351562500e+00 6.498526296010092665e+03 2.540559791543537393e-01
1.400000000000000000e+01 1.175962209701538086e+00 5.799845952714923442e+03 -3.190070890850127405e-01
1.500000000000000000e+01 1.284788131713867188e+00 5.600013162128415388e+03 -4.746318983065311303e-01
1.600000000000000000e+01 1.357275009155273438e+00 5.989705230259047312e+03 -1.230190292859265205e-01
1.700000000000000000e+01 1.198990106582641602e+00 5.459998522320310258e+03 -5.883781120949965748e-01
1.800000000000000000e+01 1.175916910171508789e+00 5.375783828842899311e+03 -6.430894966391798029e-01
1.900000000000000000e+01 1.321345567703247070e+00 7.448156568984166370e+03 1.284371163921405490e+00
2.000000000000000000e+01 1.287138462066650391e+00 8.813354860546156488e+03 2.438424325462063447e+00
2.100000000000000000e+01 1.223836421966552734e+00 9.073075945647209664e+03 2.303053485666873179e+00
2.200000000000000000e+01 1.255548715591430664e+00 1.064122031568053535e+04 3.182683328483082441e+00
2.200000000000000000e+01 2.655273199081420898e+00 8.354765624428775482e+03 0.000000000000000000e+00
2.300000000000000000e+01 1.274628639221191406e+00 1.078013379397819335e+04 0.000000000000000000e+00
2.400000000000000000e+01 1.232812643051147461e+00 1.063520345786917096e+04 6.225990146965025840e-01
2.500000000000000000e+01 7.103072381019592285e+01 2.273088648728559565e+04 9.414658556127617928e+00
2.500000000000000000e+01 1.000040054321289062e+00 2.658196270693804308e+03 0.000000000000000000e+00
2.600000000000000000e+01 7.186340284347534180e+01 2.829958397991130551e+04 2.657635505812864096e+01
2.600000000000000000e+01 1.013323783874511719e+00 1.731923711190526774e+03 0.000000000000000000e+00
2.700000000000000000e+01 1.494204759597778320e+00 1.654413189961737089e+03 -8.336902209074711356e-01
2.800000000000000000e+01 1.241692781448364258e+00 2.244713074107047760e+03 4.772517243168036827e-01
2.900000000000000000e+01 1.256569147109985352e+00 3.038882036912698823e+03 2.203228733760782099e+00
3.000000000000000000e+01 1.297932624816894531e+00 4.680995258568624195e+03 4.153173641126524984e+00
3.000000000000000000e+01 2.593719720840454102e+00 5.190333681909551160e+03 0.000000000000000000e+00
3.100000000000000000e+01 1.318481445312500000e+00 4.813885717306986407e+03 0.000000000000000000e+00
3.200000000000000000e+01 1.258583307266235352e+00 4.667535174627440938e+03 -1.256906333261654130e+00
3.300000000000000000e+01 1.234473705291748047e+00 4.390067117070851054e+03 -1.855786180060953194e+00
3.400000000000000000e+01 1.312637090682983398e+00 3.787906516570037184e+03 -2.932477591665326067e+00
3.500000000000000000e+01 1.329971313476562500e+00 3.277960981163953875e+03 -2.466125660731496083e+00
3.600000000000000000e+01 1.237755298614501953e+00 2.859554204476879022e+03 -2.119055823101265723e+00
3.700000000000000000e+01 1.292994499206542969e+00 2.883202924356935000e+03 -1.468036493227622419e+00
3.800000000000000000e+01 1.247038841247558594e+00 3.112326907380201192e+03 -9.582943622548403262e-01
3.900000000000000000e+01 7.069855880737304688e+01 1.567599256692519702e+04 1.311487946928474813e+01
3.900000000000000000e+01 9.881765842437744141e-01 1.070368067915653228e+03 0.000000000000000000e+00
4.000000000000000000e+01 7.257329988479614258e+01 2.261568561593530467e+04 5.622598230354031301e+01
4.000000000000000000e+01 1.140560865402221680e+00 1.608048496153017595e+03 0.000000000000000000e+00
