1.719324955503884994e+05
1.000000000000000000e+00 4.119248390197753906e-01 6.118450663004020498e+03 0.000000000000000000e+00
2.000000000000000000e+00 4.504070281982421875e-01 6.914342055009494288e+03 5.402647981537442301e-02
3.000000000000000000e+00 4.276583194732666016e-01 7.806315740069634558e+03 1.256066831981347054e+00
4.000000000000000000e+00 3.994684219360351562e-01 9.870590652609263998e+03 3.622166972154781561e+00
4.000000000000000000e+00 8.352148532867431641e-01 8.548178666266514483e+03 0.000000000000000000e+00
5.000000000000000000e+00 4.502782821655273438e-01 9.856019288821305963e+03 0.000000000000000000e+00
6.000000000000000000e+00 4.457628726959228516e-01 9.412194049906851433e+03 2.271831105406580953e-01
7.000000000000000000e+00 4.310219287872314453e-01 9.284109702425483192e+03 1.801154698581330926e-02
8.000000000000000000e+00 4.175667762756347656e-01 9.156653713660347421e+03 -2.181539580684355994e-01
9.000000000000000000e+00 4.219584465026855469e-01 8.969088108821657443e+03 -5.965630002365066575e-01
1.000000000000000000e+01 4.172430038452148438e-01 8.669294747657097105e+03 -1.219610873446663746e+00
1.100000000000000000e+01 4.235198497772216797e-01 8.401663214659087316e+03 -1.618721224288384608e+00
1.200000000000000000e+01 4.357707500457763672e-01 9.210253954088555474e+03 3.544706994597046634e-01
1.300000000000000000e+01 4.245424270629882812e-01 9.152523523571966507e+03 2.088020212377626472e-01
1.400000000000000000e+01 4.243781566619873047e-01 8.794910144560861227e+03 -6.229542472029319100e-01
1.500000000000000000e+01 4.271347522735595703e-01 8.461007236539870064e+03 -1.378995452070602035e+00
1.600000000000000000e+01 4.218204021453857422e-01 8.519332828581838839e+03 -1.089293294513158594e+00
1.700000000000000000e+01 4.108998775482177734e-01 8.176453583842051557e+03 -1.786955298206030385e+00
1.800000000000000000e+01 4.260365962982177734e-01 8.024146794502619741e+03 -1.871709546801485491e+00
1.900000000000000000e+01 4.173069000244140625e-01 9.564123080054407183e+03 1.429369936920956485e+00
2.000000000000000000e+01 4.376521110534667969e-01 1.096788566053178329e+04 3.999893861042104426e+00
2.000000000000000000e+01 8.635199069976806641e-01 8.707259583663882950e+03 0.000000000000000000e+00
2.100000000000000000e+01 4.036622047424316406e-01 1.103659339193090091e+04 0.000000000000000000e+00
2.200000000000000000e+01 4.100193977355957031e-01 1.234894764930984093e+04 1.503879310240320732e+00
2.300000000000000000e+01 4.451122283935546875e-01 1.269969454732634040e+04 1.085523096881668925e+00
2.400000000000000000e+01 4.251327514648437500e-01 1.268883635107229566e+04 8.243824472382494939e-01
2.500000000000000000e+01 2.114760756492614746e+01 2.577610696066508535e+04 8.389974091194149608e+00
2.500000000000000000e+01 4.150767326354980469e-01 5.548421778908670603e+03 0.000000000000000000e+00
2.600000000000000000e+01 2.158154034614562988e+01 1.989521867716103952e+04 6.606480959113726570e+00
2.600000000000000000e+01 3.798003196716308594e-01 3.908926756974446107e+03 0.000000000000000000e+00
2.700000000000000000e+01 4.211986064910888672e-01 3.278530076763604029e+03 -1.163250162864638115e+00
2.800000000000000000e+01 4.494044780731201172e-01 3.648311153563074640e+03 -5.208407907827108385e-01
2.900000000000000000e+01 4.339995384216308594e-01 4.425905531106905983e+03 2.174044860821207070e-01
3.000000000000000000e+01 4.230422973632812500e-01 6.551334003760058295e+03 2.311071454775089684e+00
3.100000000000000000e+01 4.406640529632568359e-01 7.041655631614132290e+03 1.856057853047707429e+00
3.200000000000000000e+01 4.075677394866943359e-01 7.246669091647360801e+03 1.517920901096970976e+00
3.300000000000000000e+01 4.393041133880615234e-01 6.442577599543249562e+03 7.424218169591757510e-01
3.400000000000000000e+01 4.196183681488037109e-01 5.938702262504409191e+03 3.590399322116371028e-01
3.500000000000000000e+01 4.128053188323974609e-01 5.504239665199606861e+03 4.700800497848420939e-02
3.600000000000000000e+01 4.140524864196777344e-01 5.137582158706556584e+03 -2.158188056336141636e-01
3.700000000000000000e+01 4.134049415588378906e-01 4.998105946400622088e+03 -3.109011966722783904e-01
3.800000000000000000e+01 4.070174694061279297e-01 4.963504218023422254e+03 -3.253397862316526612e-01
3.900000000000000000e+01 2.123583149909973145e+01 1.810345633031563193e+04 1.023706467432180034e+01
3.900000000000000000e+01 4.747350215911865234e-01 3.044503052816176478e+03 0.000000000000000000e+00
4.000000000000000000e+01 2.128693652153015137e+01 1.739999094818828235e+04 1.262953655529417318e+01
4.000000000000000000e+01 3.766019344329833984e-01 3.864760594569605473e+03 0.000000000000000000e+00
