1.702471885711299255e+05
1.000000000000000000e+00 6.055984497070312500e-01 5.683231400646780457e+03 0.000000000000000000e+00
2.000000000000000000e+00 6.493208408355712891e-01 6.421053660954762563e+03 6.223730253571853055e-01
3.000000000000000000e+00 5.709977149963378906e-01 7.467140498839002248e+03 2.899581353358667624e+00
4.000000000000000000e+00 5.416057109832763672e-01 9.499825819356910870e+03 4.082268458983105752e+00
4.000000000000000000e+00 1.081967115402221680e+00 8.803399584080289060e+03 0.000000000000000000e+00
5.000000000000000000e+00 5.412089824676513672e-01 9.475041178362595019e+03 0.000000000000000000e+00
6.000000000000000000e+00 5.554120540618896484e-01 8.778562161731209926e+03 -7.594046433789451989e-01
7.000000000000000000e+00 5.326356887817382812e-01 8.524776758363344925e+03 -1.250764830450688425e+00
8.000000000000000000e+00 5.176370143890380859e-01 8.405742076662369072e+03 -1.205004524292504264e+00
9.000000000000000000e+00 5.139565467834472656e-01 8.204227663056677557e+03 -1.431237362745412911e+00
1.000000000000000000e+01 5.135653018951416016e-01 7.853780219557665987e+03 -1.907704226512707990e+00
1.100000000000000000e+01 5.471935272216796875e-01 7.615411929982805304e+03 -1.868345405563648809e+00
1.200000000000000000e+01 6.384811401367187500e-01 8.800394885198154952e+03 5.850307570241819466e-01
1.300000000000000000e+01 5.319766998291015625e-01 8.853386926654990020e+03 6.388849378730672157e-01
1.400000000000000000e+01 5.129287242889404297e-01 8.352415195383293394e+03 -3.316983169449025937e-01
1.500000000000000000e+01 5.117950439453125000e-01 7.897500836855227135e+03 -1.199508949224076915e+00
1.600000000000000000e+01 5.130488872528076172e-01 7.841646539632102758e+03 -1.190874220193071320e+00
1.700000000000000000e+01 5.350401401519775391e-01 7.422113576595563245e+03 -1.878369531748117272e+00
1.800000000000000000e+01 5.124323368072509766e-01 7.250064247980615619e+03 -1.909011062824905292e+00
1.900000000000000000e+01 5.245974063873291016e-01 9.045633219352410379e+03 1.246469710385484930e+00
2.000000000000000000e+01 5.323731899261474609e-01 1.092764301945744955e+04 4.137933697452693238e+00
2.000000000000000000e+01 1.111196756362915039e+00 8.338221969702690330e+03 0.000000000000000000e+00
2.100000000000000000e+01 5.285906791687011719e-01 1.139477553208992322e+04 0.000000000000000000e+00
2.200000000000000000e+01 5.193581581115722656e-01 1.245352114854971478e+04 1.196969752451177760e+00
2.300000000000000000e+01 5.190715789794921875e-01 1.287541396596078812e+04 1.004507155382901695e+00
2.400000000000000000e+01 5.222387313842773438e-01 1.223987419818994385e+04 4.756639736534141183e-01
2.500000000000000000e+01 2.892998361587524414e+01 2.461182975230582815e+04 7.199279640200151320e+00
2.500000000000000000e+01 5.344185829162597656e-01 4.743965555457397386e+03 0.000000000000000000e+00
2.600000000000000000e+01 2.750137352943420410e+01 2.142472663427069710e+04 9.238226199245918480e+00
2.600000000000000000e+01 4.495856761932373047e-01 3.339102511588827383e+03 0.000000000000000000e+00
2.700000000000000000e+01 5.874705314636230469e-01 2.822829529353332418e+03 -1.144422048286168225e+00
2.800000000000000000e+01 5.833570957183837891e-01 3.234675223925999489e+03 -4.278823507723099051e-01
2.900000000000000000e+01 6.631605625152587891e-01 4.078877735150277204e+03 4.952250045130714984e-01
3.000000000000000000e+01 6.275060176849365234e-01 6.206867284509490673e+03 2.911830368408983460e+00
3.100000000000000000e+01 5.670382976531982422e-01 6.457827746813527483e+03 1.826802989120620779e+00
3.200000000000000000e+01 5.718827247619628906e-01 6.408086322436963201e+03 1.334144062213644233e+00
3.300000000000000000e+01 5.536139011383056641e-01 5.842797541761203320e+03 7.528462971385162517e-01
3.400000000000000000e+01 5.312006473541259766e-01 5.284609749680240384e+03 3.130655375305454458e-01
3.500000000000000000e+01 5.274338722229003906e-01 4.665312122087376338e+03 -1.450603668470106800e-01
3.600000000000000000e+01 5.691356658935546875e-01 4.235953459516090334e+03 -4.617326213566011472e-01
3.700000000000000000e+01 5.512776374816894531e-01 4.137158733148830834e+03 -5.168067824700969259e-01
3.800000000000000000e+01 5.182006359100341797e-01 4.221715718109039699e+03 -4.245494077385099652e-01
3.900000000000000000e+01 2.709042310714721680e+01 1.746284717056317459e+04 1.063547108756462478e+01
3.900000000000000000e+01 4.856946468353271484e-01 2.528032019584261889e+03 0.000000000000000000e+00
4.000000000000000000e+01 2.779850721359252930e+01 1.825284010524348923e+04 1.688621220225772390e+01
4.000000000000000000e+01 4.589293003082275391e-01 3.196908357007390350e+03 0.000000000000000000e+00
