1.694068565547006147e+05
1.000000000000000000e+00 6.487395763397216797e-01 5.665643626538616445e+03 0.000000000000000000e+00
2.000000000000000000e+00 6.086380481719970703e-01 6.472972085211033118e+03 6.898833275663294184e-01
3.000000000000000000e+00 5.782246589660644531e-01 7.538149769801415459e+03 2.837820858589514383e+00
4.000000000000000000e+00 5.656855106353759766e-01 9.520146304964087903e+03 3.881508318256618129e+00
4.000000000000000000e+00 1.102813959121704102e+00 8.222835799496640902e+03 0.000000000000000000e+00
5.000000000000000000e+00 5.442738533020019531e-01 9.543299080051821875e+03 0.000000000000000000e+00
6.000000000000000000e+00 5.535085201263427734e-01 8.871955337047857029e+03 -1.190104004672847514e-02
7.000000000000000000e+00 5.691964626312255859e-01 8.635163232128028540e+03 -3.698529883248668493e-01
8.000000000000000000e+00 5.489823818206787109e-01 8.481728956863469648e+03 -6.089198486252567211e-01
9.000000000000000000e+00 5.749504566192626953e-01 8.291428711068863777e+03 -9.158214547561335239e-01
1.000000000000000000e+01 5.456807613372802734e-01 7.984307384378764255e+03 -1.418583200305632896e+00
1.100000000000000000e+01 5.380537509918212891e-01 7.733059529048515287e+03 -1.636370681865530585e+00
1.200000000000000000e+01 5.257601737976074219e-01 8.755407953813952190e+03 5.067736202335458850e-01
1.300000000000000000e+01 5.022666454315185547e-01 8.596634927444452842e+03 1.768238388225359947e-01
1.400000000000000000e+01 5.143289566040039062e-01 8.028438257389319006e+03 -9.571604614980758763e-01
1.500000000000000000e+01 5.171892642974853516e-01 7.657406627168570594e+03 -1.618784303918999301e+00
1.600000000000000000e+01 5.211715698242187500e-01 7.783541533623119903e+03 -1.160162101711629923e+00
1.700000000000000000e+01 5.227758884429931641e-01 7.405927582764796171e+03 -1.763693410430802855e+00
1.800000000000000000e+01 5.110120773315429688e-01 7.268354731277362589e+03 -1.769803454330511672e+00
1.900000000000000000e+01 5.176639556884765625e-01 9.028453668939268027e+03 1.323947353144022454e+00
2.000000000000000000e+01 5.479283332824707031e-01 1.082494602196000778e+04 4.086683753170164302e+00
2.000000000000000000e+01 1.107704877853393555e+00 8.414347862258908208e+03 0.000000000000000000e+00
2.100000000000000000e+01 5.131480693817138672e-01 1.095636815973696685e+04 0.000000000000000000e+00
2.200000000000000000e+01 5.117835998535156250e-01 1.180167623531249956e+04 1.177380817176119754e+00
2.300000000000000000e+01 5.212211608886718750e-01 1.259486635148539608e+04 1.250134232999394523e+00
2.400000000000000000e+01 5.123574733734130859e-01 1.232489207795164293e+04 7.628924772216049144e-01
2.500000000000000000e+01 2.802705025672912598e+01 2.510918107877990042e+04 8.231577947286256247e+00
2.500000000000000000e+01 5.212023258209228516e-01 4.743323851938690495e+03 0.000000000000000000e+00
2.600000000000000000e+01 2.763236451148986816e+01 2.169889153598013218e+04 9.403437860080469335e+00
2.600000000000000000e+01 4.990034103393554688e-01 3.336649853992038061e+03 0.000000000000000000e+00
2.700000000000000000e+01 6.312131881713867188e-01 2.787054345698829366e+03 -1.172990500281422266e+00
2.800000000000000000e+01 5.979640483856201172e-01 3.194621998995817194e+03 -4.458227693306738848e-01
2.900000000000000000e+01 5.633807182312011719e-01 4.052216998422623874e+03 4.821976309318012355e-01
3.000000000000000000e+01 5.542244911193847656e-01 6.114242075524229222e+03 2.795669739118508801e+00
3.100000000000000000e+01 5.377161502838134766e-01 6.330069664614576141e+03 1.777256225278966983e+00
3.200000000000000000e+01 5.447993278503417969e-01 6.411485006581165180e+03 1.400859013496871253e+00
3.300000000000000000e+01 5.420956611633300781e-01 5.857192215584659607e+03 7.992403962763545699e-01
3.400000000000000000e+01 5.250060558319091797e-01 5.367573307654884957e+03 3.960686916578497474e-01
3.500000000000000000e+01 5.325386524200439453e-01 4.845004214310501993e+03 -4.335603408627461126e-04
3.600000000000000000e+01 5.306797027587890625e-01 4.409743629257600332e+03 -3.298559553353765383e-01
3.700000000000000000e+01 5.435385704040527344e-01 4.283103696516947821e+03 -4.155885969734092189e-01
3.800000000000000000e+01 5.144412517547607422e-01 4.313991694014847781e+03 -3.725053978579139780e-01
3.900000000000000000e+01 2.827308964729309082e+01 1.831848885035431522e+04 1.151783511478510391e+01
3.900000000000000000e+01 4.581277370452880859e-01 2.495386375104308172e+03 0.000000000000000000e+00
4.000000000000000000e+01 2.802160668373107910e+01 1.864069112143342136e+04 1.759299228860252384e+01
4.000000000000000000e+01 4.983787536621093750e-01 3.190087865291378876e+03 0.000000000000000000e+00
