1.501471948285827530e+05
1.000000000000000000e+00 1.691541910171508789e+00 5.147210954599724573e+03 0.000000000000000000e+00
2.000000000000000000e+00 4.261682271957397461e+01 6.193671428728833234e+03 1.091070525458628815e+01
2.000000000000000000e+00 2.755341529846191406e-01 3.376291876604918343e+03 0.000000000000000000e+00
3.000000000000000000e+00 2.201979637145996094e+00 7.024739425228114669e+03 2.349313808882932175e+00
4.000000000000000000e+00 1.807690620422363281e+00 8.027994471181768859e+03 1.573369215157242040e+00
5.000000000000000000e+00 1.787560701370239258e+00 8.022398225611947055e+03 1.038053554938436873e+00
6.000000000000000000e+00 1.937755823135375977e+00 6.900927163358745929e+03 2.938470010449026892e-01
7.000000000000000000e+00 1.878523588180541992e+00 6.738976343247767545e+03 1.831265134103748360e-01
8.000000000000000000e+00 1.910578727722167969e+00 6.651343979432461310e+03 1.193125210840380729e-01
9.000000000000000000e+00 2.381580829620361328e+00 6.477929815152527226e+03 1.310467038521002416e-03
1.000000000000000000e+01 1.758867502212524414e+00 6.140894895743398592e+03 -2.300791053944892806e-01
1.100000000000000000e+01 2.090824365615844727e+00 5.963233095109889291e+03 -3.479329103867728201e-01
1.200000000000000000e+01 2.067108154296875000e+00 7.462165333865388675e+03 8.084768939068034399e-01
1.300000000000000000e+01 1.979311227798461914e+00 7.388974662961150898e+03 6.982863440108108000e-01
1.400000000000000000e+01 2.157686471939086914e+00 6.713528053015149453e+03 1.241822783569756505e-01
1.500000000000000000e+01 1.958279371261596680e+00 6.395538811844630800e+03 -1.423845964542723996e-01
1.600000000000000000e+01 1.977083921432495117e+00 6.643526372034093583e+03 7.434386782153429296e-02
1.700000000000000000e+01 2.151318788528442383e+00 6.116132418865738146e+03 -3.948027195089884311e-01
1.800000000000000000e+01 2.002320289611816406e+00 6.007321886373726556e+03 -4.809150088032560499e-01
1.900000000000000000e+01 1.930591583251953125e+00 7.996418893530602872e+03 1.388076922552319736e+00
2.000000000000000000e+01 2.055059194564819336e+00 9.314223604705077378e+03 2.486353944698215024e+00
2.100000000000000000e+01 1.764429330825805664e+00 9.816941838866156104e+03 2.515784819591396548e+00
2.200000000000000000e+01 1.953681945800781250e+00 1.081578741981297753e+04 2.867502670148055266e+00
2.300000000000000000e+01 2.008952856063842773e+00 1.086796910540176941e+04 2.409796847210722959e+00
2.400000000000000000e+01 1.859607696533203125e+00 1.137754973635156239e+04 2.390666072596717928e+00
2.500000000000000000e+01 4.426615381240844727e+01 2.156279039464311063e+04 7.447051493580183923e+00
2.500000000000000000e+01 2.734661102294921875e-01 3.781467671476134001e+03 0.000000000000000000e+00
2.600000000000000000e+01 4.489062023162841797e+01 2.035303871865615656e+04 1.168794326857517163e+01
2.600000000000000000e+01 2.779636383056640625e-01 2.571177039232577044e+03 0.000000000000000000e+00
2.700000000000000000e+01 1.794881105422973633e+00 2.193076295683424632e+03 -1.123037066275092144e+00
2.800000000000000000e+01 1.924595832824707031e+00 2.722127823446534876e+03 -1.737663826325698824e-01
2.900000000000000000e+01 2.029573678970336914e+00 3.472481774334480633e+03 8.891108870689836685e-01
3.000000000000000000e+01 1.773187398910522461e+00 5.049464985437314681e+03 3.057325322563237080e+00
3.000000000000000000e+01 3.795032262802124023e+00 4.722025850715451270e+03 0.000000000000000000e+00
3.100000000000000000e+01 2.043027162551879883e+00 4.768158717705753588e+03 0.000000000000000000e+00
3.200000000000000000e+01 1.994262218475341797e+00 4.803998185707753692e+03 1.805773849229810768e+00
3.300000000000000000e+01 1.843526601791381836e+00 4.638613735644711596e+03 -3.068930946827073569e+00
3.400000000000000000e+01 2.059263706207275391e+00 4.219542275437913304e+03 -7.191243872772321133e+00
3.500000000000000000e+01 2.097849845886230469e+00 3.863169308113474926e+03 -3.225334093012197201e+00
3.600000000000000000e+01 2.032411098480224609e+00 3.518912467322001703e+03 -2.597615767052956492e+00
3.700000000000000000e+01 2.111315965652465820e+00 3.504225644099408782e+03 -1.689742161779274721e+00
3.800000000000000000e+01 1.968415737152099609e+00 3.663329765024484459e+03 -1.057437741888740401e+00
3.900000000000000000e+01 4.435381340980529785e+01 1.467912833409172890e+04 1.876032563857632951e+01
3.900000000000000000e+01 2.747876644134521484e-01 1.785518972663279328e+03 0.000000000000000000e+00
4.000000000000000000e+01 4.484316182136535645e+01 1.288977186684262779e+04 1.688305639646411649e+01
4.000000000000000000e+01 2.721278667449951172e-01 2.389097747663445716e+03 0.000000000000000000e+00
