1.801259213914700085e+05
1.000000000000000000e+00 1.056747436523437500e-01 8.789197893350705272e+03 0.000000000000000000e+00
2.000000000000000000e+00 1.170775890350341797e-01 9.349141491867749210e+03 -4.381809759185970043e-01
3.000000000000000000e+00 1.088685989379882812e-01 1.009682141530889021e+04 8.917424191354150764e-02
4.000000000000000000e+00 1.096098423004150391e-01 1.171330345213133114e+04 1.345997089631410404e+00
5.000000000000000000e+00 1.123390197753906250e-01 1.259146716577439474e+04 1.672158832095732350e+00
6.000000000000000000e+00 1.371505260467529297e-01 1.195320081604124061e+04 8.178038006914327696e-01
7.000000000000000000e+00 1.304476261138916016e-01 1.181341188052248981e+04 6.317286173933295279e-01
8.000000000000000000e+00 1.938660144805908203e-01 1.165768280943619175e+04 4.685891330437305657e-01
9.000000000000000000e+00 1.166725158691406250e-01 1.144701979203048722e+04 2.797123866627387323e-01
1.000000000000000000e+01 1.032347679138183594e-01 1.119131723476897787e+04 6.141123584962750875e-02
1.100000000000000000e+01 1.217834949493408203e-01 1.101623670544299057e+04 -8.868266417069260721e-02
1.200000000000000000e+01 1.132245063781738281e-01 1.107684630406207907e+04 -3.168763914633030560e-02
1.300000000000000000e+01 1.018831729888916016e-01 1.066756008609015043e+04 -4.081697379770410916e-01
1.400000000000000000e+01 1.366486549377441406e-01 1.054783538290294746e+04 -5.062107551373108416e-01
1.500000000000000000e+01 1.146638393402099609e-01 1.032115640446270118e+04 -7.082689810235623940e-01
1.600000000000000000e+01 1.550934314727783203e-01 1.021437441921763093e+04 -7.827222691033736135e-01
1.700000000000000000e+01 1.090517044067382812e-01 1.004511571517905941e+04 -9.179975838057020665e-01
1.800000000000000000e+01 1.086599826812744141e-01 9.951686736791218209e+03 -9.674186971389615586e-01
1.900000000000000000e+01 1.063911914825439453e-01 1.139078011616825461e+04 5.511336625212902574e-01
2.000000000000000000e+01 1.301200389862060547e-01 1.392998764963534813e+04 3.178334810788182363e+00
2.000000000000000000e+01 2.779154777526855469e-01 1.217639112822290917e+04 0.000000000000000000e+00
2.100000000000000000e+01 1.109287738800048828e-01 1.432093886685958205e+04 0.000000000000000000e+00
2.200000000000000000e+01 1.071233749389648438e-01 1.565440242623030827e+04 1.586454075078554737e+00
2.300000000000000000e+01 1.064944267272949219e-01 1.600932165775131398e+04 1.116286179205301821e+00
2.400000000000000000e+01 1.085889339447021484e-01 1.454758795435461434e+04 4.220464387511967987e-03
2.500000000000000000e+01 7.315617799758911133e+00 3.178095260634146689e+04 1.147023167446159597e+01
2.500000000000000000e+01 5.544066429138183594e-02 8.724429949285216935e+03 0.000000000000000000e+00
2.600000000000000000e+01 1.102313995361328125e-01 2.087488057325045884e+04 3.232023261977838846e+00
2.600000000000000000e+01 2.658941745758056641e-01 1.896466639970589677e+04 0.000000000000000000e+00
2.700000000000000000e+01 1.144654750823974609e-01 5.897120988372453212e+03 0.000000000000000000e+00
2.800000000000000000e+01 1.106305122375488281e-01 5.909717204826089983e+03 -7.057435764237104392e-01
2.900000000000000000e+01 1.063747406005859375e-01 6.388751786905682820e+03 -5.129901667006686594e-01
3.000000000000000000e+01 1.240715980529785156e-01 8.111888706460834328e+03 -1.825554833697387858e-01
3.100000000000000000e+01 1.062119007110595703e-01 8.906017029231894412e+03 -2.643638142792191503e-02
3.200000000000000000e+01 1.061530113220214844e-01 9.142411451481484619e+03 2.244650812033143622e-02
3.300000000000000000e+01 1.064484119415283203e-01 8.343233582784172540e+03 -1.532545365691682926e-01
3.400000000000000000e+01 1.069798469543457031e-01 8.021053061366957991e+03 -2.203753457021674911e-01
3.500000000000000000e+01 1.065182685852050781e-01 7.748774523089794457e+03 -2.770264512868896301e-01
3.600000000000000000e+01 1.365702152252197266e-01 7.473817651525995643e+03 -3.361073664970765651e-01
3.700000000000000000e+01 1.560330390930175781e-01 7.316653654034488682e+03 -3.638693695519218951e-01
3.800000000000000000e+01 1.730837821960449219e-01 7.206017432005363844e+03 -3.797282730086109503e-01
3.900000000000000000e+01 1.109864711761474609e-01 2.039381330318523032e+04 3.596828123989206372e+00
3.900000000000000000e+01 2.106885910034179688e-01 1.709935705299229812e+04 0.000000000000000000e+00
4.000000000000000000e+01 1.982343196868896484e-01 1.377956957092409539e+04 0.000000000000000000e+00
