1.599565974888499477e+05
1.000000000000000000e+00 1.137040376663208008e+00 4.837353212815467487e+03 0.000000000000000000e+00
2.000000000000000000e+00 1.042861700057983398e+00 5.751747163270683814e+03 2.289809079160875172e+00
3.000000000000000000e+00 1.018653631210327148e+00 6.798428567626888253e+03 2.226594150539221939e+00
4.000000000000000000e+00 1.025017976760864258e+00 8.485248599082156943e+03 2.620118104065920495e+00
5.000000000000000000e+00 1.020140886306762695e+00 8.261188373093493283e+03 1.309994116743528503e+00
6.000000000000000000e+00 1.031053066253662109e+00 7.305515802672588507e+03 5.212360056963069033e-01
7.000000000000000000e+00 9.831068515777587891e-01 7.078330888727212368e+03 3.444307332473702243e-01
8.000000000000000000e+00 9.675374031066894531e-01 6.871920686221250435e+03 1.923939704422392705e-01
9.000000000000000000e+00 1.071678638458251953e+00 6.593559486714911145e+03 -5.088934330051244834e-03
1.000000000000000000e+01 9.707531929016113281e-01 6.175540193973770329e+03 -3.034861250533378851e-01
1.100000000000000000e+01 1.025681972503662109e+00 5.966412907020076091e+03 -4.462290028945898324e-01
1.200000000000000000e+01 9.984033107757568359e-01 7.493123522544436128e+03 7.642537738890957666e-01
1.300000000000000000e+01 9.640204906463623047e-01 6.968396296405493558e+03 3.025370855274685522e-01
1.400000000000000000e+01 1.006352186203002930e+00 6.209107171406353700e+03 -3.342800051541938156e-01
1.500000000000000000e+01 9.599771499633789062e-01 5.979671821130629723e+03 -5.178884541922503804e-01
1.600000000000000000e+01 1.065258502960205078e+00 6.276000369054107068e+03 -2.391855381068485609e-01
1.700000000000000000e+01 1.106963872909545898e+00 5.808612028033816387e+03 -6.531101553954212768e-01
1.800000000000000000e+01 1.013257265090942383e+00 5.725917671943116147e+03 -7.037892950621870147e-01
1.900000000000000000e+01 9.721431732177734375e-01 7.728085153770410216e+03 1.186989929074323546e+00
2.000000000000000000e+01 1.070663452148437500e+00 9.287460395918091308e+03 2.556568653944275571e+00
2.100000000000000000e+01 1.087674379348754883e+00 9.416530627012436526e+03 2.274094642529364219e+00
2.200000000000000000e+01 9.647707939147949219e-01 1.074025144899679435e+04 2.990087298120770232e+00
2.300000000000000000e+01 9.695849418640136719e-01 1.079288742159726280e+04 2.501970197867226187e+00
2.400000000000000000e+01 1.021116495132446289e+00 1.104529315526359096e+04 2.321978932105102533e+00
2.500000000000000000e+01 5.783029127120971680e+01 2.216401919139815436e+04 8.107751473428951527e+00
2.500000000000000000e+01 8.341414928436279297e-01 3.145305323653156393e+03 0.000000000000000000e+00
2.600000000000000000e+01 5.740731024742126465e+01 2.735108948465198046e+04 2.106003168446867235e+01
2.600000000000000000e+01 8.039555549621582031e-01 2.093540869946394650e+03 0.000000000000000000e+00
2.700000000000000000e+01 1.194159984588623047e+00 1.829258480713663175e+03 -1.064159031290328850e+00
2.800000000000000000e+01 1.019591808319091797e+00 2.396015799834028257e+03 6.006401003389084947e-02
2.900000000000000000e+01 1.036040544509887695e+00 3.265323488506305694e+03 1.589649436700686147e+00
3.000000000000000000e+01 1.038318157196044922e+00 5.049594930142276098e+03 3.946058017843457222e+00
3.000000000000000000e+01 2.026146173477172852e+00 4.969789197562474328e+03 0.000000000000000000e+00
3.100000000000000000e+01 1.045167446136474609e+00 5.219897564201300156e+03 0.000000000000000000e+00
3.200000000000000000e+01 1.210131406784057617e+00 5.163043285668898534e+03 3.856297636041286503e-01
3.300000000000000000e+01 9.796807765960693359e-01 4.913237991839488132e+03 -1.558568282334826804e+00
3.400000000000000000e+01 9.960637092590332031e-01 4.176773355145929600e+03 -6.012452491353409201e+00
3.500000000000000000e+01 1.030866861343383789e+00 3.594669667596255749e+03 -3.095232722623242783e+00
3.600000000000000000e+01 9.643828868865966797e-01 3.150096663963556239e+03 -2.353061461538165755e+00
3.700000000000000000e+01 9.712343215942382812e-01 3.131723089557635376e+03 -1.604802471782978968e+00
3.800000000000000000e+01 9.783980846405029297e-01 3.327065812885070500e+03 -1.075071473281922652e+00
3.900000000000000000e+01 5.639025712013244629e+01 1.596829093462401579e+04 1.313668970688395810e+01
3.900000000000000000e+01 8.048443794250488281e-01 1.361460955985622149e+03 0.000000000000000000e+00
4.000000000000000000e+01 5.940318369865417480e+01 1.940205756225428559e+04 3.677212651113655539e+01
4.000000000000000000e+01 8.177855014801025391e-01 1.939332349322442042e+03 0.000000000000000000e+00
