1.695600400591250509e+05
1.000000000000000000e+00 4.119191169738769531e-01 6.311014539509108545e+03 0.000000000000000000e+00
2.000000000000000000e+00 4.583990573883056641e-01 7.137740066033029507e+03 2.457835605692088865e-01
3.000000000000000000e+00 3.642446994781494141e-01 8.311969240419350172e+03 2.103814697200750761e+00
4.000000000000000000e+00 3.732383251190185547e-01 1.041688350381706914e+04 3.711210102750838402e+00
4.000000000000000000e+00 7.156925201416015625e-01 8.155734784985297665e+03 0.000000000000000000e+00
5.000000000000000000e+00 4.210500717163085938e-01 9.428125487382370920e+03 0.000000000000000000e+00
6.000000000000000000e+00 4.156801700592041016e-01 9.293583403832428303e+03 5.575684051925955398e-01
7.000000000000000000e+00 4.321289062500000000e-01 9.205000039816439312e+03 3.517094243417202559e-01
8.000000000000000000e+00 4.237768650054931641e-01 9.053774464485370117e+03 5.680286198437924094e-02
9.000000000000000000e+00 3.691506385803222656e-01 8.855058983493632695e+03 -3.403975649604739639e-01
1.000000000000000000e+01 3.526787757873535156e-01 8.543255575393965046e+03 -9.943885521721018694e-01
1.100000000000000000e+01 3.526785373687744141e-01 8.309736235780548668e+03 -1.380001179585294890e+00
1.200000000000000000e+01 3.876814842224121094e-01 9.319977802478057129e+03 9.818478710468404591e-01
1.300000000000000000e+01 4.409148693084716797e-01 9.374168379099764934e+03 9.962638738682492168e-01
1.400000000000000000e+01 3.402345180511474609e-01 8.987583193271802884e+03 7.240799200396785817e-02
1.500000000000000000e+01 3.436119556427001953e-01 8.606277933649775150e+03 -7.929283196264339528e-01
1.600000000000000000e+01 3.641695976257324219e-01 8.620713744082311678e+03 -7.079728162839394878e-01
1.700000000000000000e+01 3.914384841918945312e-01 8.309226036682131962e+03 -1.403678095581376351e+00
1.800000000000000000e+01 4.311747550964355469e-01 8.124066965881344004e+03 -1.687333620565333758e+00
1.900000000000000000e+01 4.039227962493896484e-01 9.764501491949898991e+03 2.059717220689263328e+00
2.000000000000000000e+01 3.556346893310546875e-01 1.129260484908781109e+04 4.783591588767671432e+00
2.000000000000000000e+01 8.248012065887451172e-01 9.372442376695627900e+03 0.000000000000000000e+00
2.100000000000000000e+01 3.622093200683593750e-01 1.084390699933299038e+04 0.000000000000000000e+00
2.200000000000000000e+01 4.146022796630859375e-01 1.253911535784034822e+04 2.336358762353726082e+00
2.300000000000000000e+01 3.822417259216308594e-01 1.330782915709943154e+04 1.507800380879543711e+00
2.400000000000000000e+01 4.118022918701171875e-01 1.288537678537947977e+04 7.776882509525721021e-01
2.500000000000000000e+01 2.152005290985107422e+01 2.747355397565047315e+04 9.542878274850311371e+00
2.500000000000000000e+01 1.800904273986816406e-01 5.504983802089571327e+03 0.000000000000000000e+00
2.600000000000000000e+01 2.189548492431640625e+01 2.081694037852016481e+04 7.160083181710896305e+00
2.600000000000000000e+01 1.746916770935058594e-01 3.881452009322147205e+03 0.000000000000000000e+00
2.700000000000000000e+01 4.132890701293945312e-01 3.229355259250116433e+03 -1.182291874660026831e+00
2.800000000000000000e+01 3.824150562286376953e-01 3.610143229057392091e+03 -5.196397612070875471e-01
2.900000000000000000e+01 3.781514167785644531e-01 4.443647335487546115e+03 2.664020343704180949e-01
3.000000000000000000e+01 4.905986785888671875e-01 6.585114048906031712e+03 2.363554278548465337e+00
3.100000000000000000e+01 3.828103542327880859e-01 6.988931268590787113e+03 1.800831087746334491e+00
3.200000000000000000e+01 3.530998229980468750e-01 7.125692565901363196e+03 1.445924319454233276e+00
3.300000000000000000e+01 3.963434696197509766e-01 6.446760535167058151e+03 7.721433288767509673e-01
3.400000000000000000e+01 3.490953445434570312e-01 6.056460411547194781e+03 4.561164663275016906e-01
3.500000000000000000e+01 4.341123104095458984e-01 5.630528395362542142e+03 1.428310597070195642e-01
3.600000000000000000e+01 3.501207828521728516e-01 5.243114163069517417e+03 -1.386978578154941799e-01
3.700000000000000000e+01 3.820307254791259766e-01 5.111005658956880325e+03 -2.316461134434630864e-01
3.800000000000000000e+01 3.843059539794921875e-01 5.099860730850967229e+03 -2.314865547601647200e-01
3.900000000000000000e+01 2.536668133735656738e+01 2.055201679481867905e+04 1.223722798900568520e+01
3.900000000000000000e+01 1.740016937255859375e-01 3.051415009482691403e+03 0.000000000000000000e+00
4.000000000000000000e+01 2.156262588500976562e+01 1.443359622513513750e+04 9.843300157588309673e+00
4.000000000000000000e+01 1.733601093292236328e-01 3.836563812966839578e+03 0.000000000000000000e+00
