1.628631038864992734e+05
1.000000000000000000e+00 1.211292982101440430e+00 4.911143000343809035e+03 0.000000000000000000e+00
2.000000000000000000e+00 1.029637575149536133e+00 5.803594914805585177e+03 2.124824812306358002e+00
3.000000000000000000e+00 1.027780532836914062e+00 6.862471066566854461e+03 2.188359965895920300e+00
4.000000000000000000e+00 1.018986701965332031e+00 8.532752822294340149e+03 2.574737918971846895e+00
5.000000000000000000e+00 1.009941339492797852e+00 8.261870426853274694e+03 1.275134553901577483e+00
6.000000000000000000e+00 1.226644277572631836e+00 7.320589480256563547e+03 5.080265237696469649e-01
7.000000000000000000e+00 9.714984893798828125e-01 7.061551522591143112e+03 3.137592292895625135e-01
8.000000000000000000e+00 9.717278480529785156e-01 6.843899943847139184e+03 1.565258463843001713e-01
9.000000000000000000e+00 9.674696922302246094e-01 6.539696453662731983e+03 -5.722250763946647861e-02
1.000000000000000000e+01 9.680089950561523438e-01 6.131347658257514922e+03 -3.474780676428735338e-01
1.100000000000000000e+01 9.657270908355712891e-01 5.929487383830445651e+03 -4.826454971071428290e-01
1.200000000000000000e+01 1.030312538146972656e+00 7.483422631023346185e+03 7.526324053719243290e-01
1.300000000000000000e+01 1.195938825607299805e+00 7.076336755156761683e+03 3.850194389535256390e-01
1.400000000000000000e+01 1.095824003219604492e+00 6.349567680752060369e+03 -2.285490068124459984e-01
1.500000000000000000e+01 1.108237981796264648e+00 6.055491225489371573e+03 -4.718177647307098543e-01
1.600000000000000000e+01 9.770109653472900391e-01 6.399449613595419578e+03 -1.529998959713037288e-01
1.700000000000000000e+01 9.764115810394287109e-01 5.907827841893767982e+03 -5.933249002287409590e-01
1.800000000000000000e+01 9.970853328704833984e-01 5.801309414565103907e+03 -6.700028273709401905e-01
1.900000000000000000e+01 9.970097541809082031e-01 7.910985408396489220e+03 1.333705160579647053e+00
2.000000000000000000e+01 9.670498371124267578e-01 9.544639408226395972e+03 2.749874931283707191e+00
2.100000000000000000e+01 9.607915878295898438e-01 9.672653450130090278e+03 2.391144903897238549e+00
2.200000000000000000e+01 9.641740322113037109e-01 1.103743634903614839e+04 3.070858211969043960e+00
2.200000000000000000e+01 1.947567462921142578e+00 8.766444406832064487e+03 0.000000000000000000e+00
2.300000000000000000e+01 9.771828651428222656e-01 1.104567416133710685e+04 0.000000000000000000e+00
2.400000000000000000e+01 1.115330934524536133e+00 1.113389962220255438e+04 7.618488022820152361e-01
2.500000000000000000e+01 5.720622587203979492e+01 2.269859126965445830e+04 9.226720904821620550e+00
2.500000000000000000e+01 8.128211498260498047e-01 3.141015988536759323e+03 0.000000000000000000e+00
2.600000000000000000e+01 5.777725267410278320e+01 2.370034475231162287e+04 1.780619062139203379e+01
2.600000000000000000e+01 9.307398796081542969e-01 2.098505748294341174e+03 0.000000000000000000e+00
2.700000000000000000e+01 1.223326444625854492e+00 1.826971149351403255e+03 -1.073089016680314867e+00
2.800000000000000000e+01 1.023900508880615234e+00 2.403600734868460222e+03 6.574156172171170820e-02
2.900000000000000000e+01 1.014037609100341797e+00 3.313198857551547462e+03 1.656186638679438383e+00
3.000000000000000000e+01 9.861533641815185547e-01 5.260975609310375148e+03 4.161470394363620429e+00
3.000000000000000000e+01 2.009740829467773438e+00 5.254550459000784031e+03 0.000000000000000000e+00
3.100000000000000000e+01 1.069990158081054688e+00 5.303102514553672336e+03 0.000000000000000000e+00
3.200000000000000000e+01 9.740314483642578125e-01 5.038344842064055229e+03 -7.004696291070407810e+00
3.300000000000000000e+01 9.718937873840332031e-01 4.702410450701653645e+03 -3.520829652514536168e+00
3.400000000000000000e+01 9.721219539642333984e-01 4.120128081918139287e+03 -3.489629894932675391e+00
3.500000000000000000e+01 9.677803516387939453e-01 3.617499262866817844e+03 -2.593768996011487804e+00
3.600000000000000000e+01 9.697394371032714844e-01 3.208116140937151158e+03 -2.164401498850115235e+00
3.700000000000000000e+01 1.018378019332885742e+00 3.168172591376965102e+03 -1.561628391224038515e+00
3.800000000000000000e+01 9.920458793640136719e-01 3.316790395945116416e+03 -1.101391889295433080e+00
3.900000000000000000e+01 5.818477702140808105e+01 1.624570219576309319e+04 1.341582481183656483e+01
3.900000000000000000e+01 7.944180965423583984e-01 1.333845317801549982e+03 0.000000000000000000e+00
4.000000000000000000e+01 5.863305330276489258e+01 1.876734740454976782e+04 3.626074063214764465e+01
4.000000000000000000e+01 9.286575317382812500e-01 1.901503119766163991e+03 0.000000000000000000e+00
