1.502736678905607259e+05
1.000000000000000000e+00 1.316336393356323242e+00 5.160435843896392726e+03 0.000000000000000000e+00
2.000000000000000000e+00 4.242297720909118652e+01 6.186631024737865118e+03 8.376332096879695044e+00
2.000000000000000000e+00 2.754359245300292969e-01 3.381422491955281203e+03 0.000000000000000000e+00
3.000000000000000000e+00 1.624310255050659180e+00 7.113081496680445525e+03 2.414279432567782102e+00
4.000000000000000000e+00 1.418175220489501953e+00 8.061771266644215757e+03 1.537484253985083482e+00
5.000000000000000000e+00 1.481346130371093750e+00 7.949278823782238760e+03 9.745587495251880616e-01
6.000000000000000000e+00 1.647747516632080078e+00 6.814401162761517298e+03 2.455520094654746188e-01
7.000000000000000000e+00 1.351847171783447266e+00 6.742968858347096102e+03 1.882899032449648624e-01
8.000000000000000000e+00 1.496982097625732422e+00 6.672308741922624904e+03 1.340563946890920843e-01
9.000000000000000000e+00 1.412510156631469727e+00 6.518751355829370368e+03 2.759556839836776673e-02
1.000000000000000000e+01 1.652861118316650391e+00 6.172687326749665772e+03 -2.121294176845750223e-01
1.100000000000000000e+01 1.411941289901733398e+00 6.015576590481988205e+03 -3.164713185562680886e-01
1.200000000000000000e+01 1.432811021804809570e+00 7.497066591005641385e+03 8.304826471323517589e-01
1.300000000000000000e+01 1.590346336364746094e+00 7.229601899950806910e+03 5.664160094408831059e-01
1.400000000000000000e+01 1.521847963333129883e+00 6.582294745306067853e+03 2.026315536166739539e-02
1.500000000000000000e+01 1.475583076477050781e+00 6.356216248073796123e+03 -1.689445706843406558e-01
1.600000000000000000e+01 1.322600126266479492e+00 6.679653203595290506e+03 1.161448727077014492e-01
1.700000000000000000e+01 1.400116682052612305e+00 6.162557917622527384e+03 -3.498535884781512340e-01
1.800000000000000000e+01 1.576710939407348633e+00 6.091774176383005397e+03 -4.039127526946716951e-01
1.900000000000000000e+01 1.562229394912719727e+00 8.018964453232197229e+03 1.427997474107232767e+00
2.000000000000000000e+01 1.426674842834472656e+00 9.148772941874420212e+03 2.359121410154063181e+00
2.100000000000000000e+01 1.449039220809936523e+00 9.666170512371329096e+03 2.454580137242037274e+00
2.200000000000000000e+01 1.639102935791015625e+00 1.096672079138214940e+04 3.074248438617038559e+00
2.200000000000000000e+01 3.100588321685791016e+00 8.667069815322363866e+03 0.000000000000000000e+00
2.300000000000000000e+01 1.463246107101440430e+00 9.575620678450290143e+03 0.000000000000000000e+00
2.400000000000000000e+01 1.391439914703369141e+00 1.027509951014976468e+04 1.795887267263748921e+00
2.500000000000000000e+01 4.408419466018676758e+01 2.160936471991426515e+04 1.501151087875251733e+01
2.500000000000000000e+01 2.782545089721679688e-01 3.751643018735190708e+03 0.000000000000000000e+00
2.600000000000000000e+01 4.386520409584045410e+01 2.037339711413800251e+04 1.182431476119363367e+01
2.600000000000000000e+01 2.728176116943359375e-01 2.613178582621421356e+03 0.000000000000000000e+00
2.700000000000000000e+01 1.544543504714965820e+00 2.167986852088065461e+03 -1.188969128722733304e+00
2.800000000000000000e+01 1.616260290145874023e+00 2.694293001379693578e+03 -2.262681367322575132e-01
2.900000000000000000e+01 1.578843593597412109e+00 3.496358240535135337e+03 8.627969139336753024e-01
3.000000000000000000e+01 1.443918704986572266e+00 5.149288826111318485e+03 3.050960690378214935e+00
3.000000000000000000e+01 3.025235414505004883e+00 4.740099855973312515e+03 0.000000000000000000e+00
3.100000000000000000e+01 1.550914525985717773e+00 4.779597753267763437e+03 0.000000000000000000e+00
3.200000000000000000e+01 1.478401899337768555e+00 4.845995598582915591e+03 3.084467091205682632e+00
3.200000000000000000e+01 3.060019016265869141e+00 4.001275471096269484e+03 0.000000000000000000e+00
3.300000000000000000e+01 1.542361974716186523e+00 4.480437736682877585e+03 0.000000000000000000e+00
3.400000000000000000e+01 1.581579446792602539e+00 4.315059004719016230e+03 2.190031418379193573e-01
3.500000000000000000e+01 1.743357658386230469e+00 3.970120631962763582e+03 -1.214021456286266787e+00
3.600000000000000000e+01 1.454483270645141602e+00 3.607947076592356552e+03 -2.357555788704080335e+00
3.700000000000000000e+01 1.703827619552612305e+00 3.561582057410954349e+03 -1.519549317009408540e+00
3.800000000000000000e+01 1.507193326950073242e+00 3.657676157890563900e+03 -9.020337157349959112e-01
3.900000000000000000e+01 4.422302174568176270e+01 1.522985513286481910e+04 3.149839440173173699e+01
3.900000000000000000e+01 2.780044078826904297e-01 1.804429545807253817e+03 0.000000000000000000e+00
4.000000000000000000e+01 4.363343286514282227e+01 1.286808312256056706e+04 1.663507094362162064e+01
4.000000000000000000e+01 2.730367183685302734e-01 2.415703630625160258e+03 0.000000000000000000e+00
