1.612799916193159006e+05
1.000000000000000000e+00 7.853825092315673828e-01 5.124925278335945222e+03 0.000000000000000000e+00
2.000000000000000000e+00 4.285988211631774902e+01 6.020041380271613889e+03 1.077590021859387193e+01
2.000000000000000000e+00 6.876175403594970703e-01 3.361831806407431486e+03 0.000000000000000000e+00
3.000000000000000000e+00 8.156859874725341797e-01 6.832697982521864105e+03 2.213054786734671264e+00
4.000000000000000000e+00 8.015468120574951172e-01 8.049705594103826115e+03 1.711460179020995342e+00
5.000000000000000000e+00 7.798771858215332031e-01 8.035959373404040889e+03 1.078550727793616160e+00
6.000000000000000000e+00 7.665655612945556641e-01 7.036023346115452114e+03 3.790704503833561834e-01
7.000000000000000000e+00 8.141307830810546875e-01 6.885516499002061209e+03 2.665319718174729569e-01
8.000000000000000000e+00 9.066061973571777344e-01 6.749158845111488517e+03 1.683775363133299396e-01
9.000000000000000000e+00 8.223533630371093750e-01 6.543229117362356192e+03 2.797044079621347282e-02
1.000000000000000000e+01 8.240342140197753906e-01 6.194721013192437567e+03 -2.101215796781404910e-01
1.100000000000000000e+01 7.867515087127685547e-01 5.945644874068209901e+03 -3.790696742452462353e-01
1.200000000000000000e+01 7.697257995605468750e-01 7.386617330501371725e+03 7.230110153402651285e-01
1.300000000000000000e+01 7.661101818084716797e-01 7.134648530093617410e+03 4.848905615400531666e-01
1.400000000000000000e+01 7.869296073913574219e-01 6.560823492766997333e+03 5.652261221131673306e-03
1.500000000000000000e+01 7.566854953765869141e-01 6.254669811493671659e+03 -2.484816098670858953e-01
1.600000000000000000e+01 7.555768489837646484e-01 6.497475571757315265e+03 -3.159876833700085708e-02
1.700000000000000000e+01 7.803497314453125000e-01 5.978673435782211527e+03 -4.918738998620767466e-01
1.800000000000000000e+01 7.872612476348876953e-01 5.859150637357999585e+03 -5.834502447958626048e-01
1.900000000000000000e+01 7.941198348999023438e-01 8.145194991577354813e+03 1.563659669246679318e+00
2.000000000000000000e+01 7.632687091827392578e-01 9.869096976703331165e+03 2.977642406755218296e+00
2.100000000000000000e+01 7.610495090484619141e-01 1.019269968695178068e+04 2.645083533510837359e+00
2.200000000000000000e+01 7.608563899993896484e-01 1.131508016082889662e+04 2.978165790232651489e+00
2.300000000000000000e+01 7.522940635681152344e-01 1.176551156263120902e+04 2.701685895219373634e+00
2.400000000000000000e+01 7.564291954040527344e-01 1.140572295458430563e+04 2.107265385133704871e+00
2.500000000000000000e+01 4.628403043746948242e+01 2.354173778117695838e+04 7.703793414434848330e+00
2.500000000000000000e+01 6.595106124877929688e-01 3.769361402402468229e+03 0.000000000000000000e+00
2.600000000000000000e+01 4.284944534301757812e+01 4.121080831816441787e+04 2.738794506998065614e+01
2.600000000000000000e+01 7.778809070587158203e-01 2.583515317287631206e+03 0.000000000000000000e+00
2.700000000000000000e+01 9.010243415832519531e-01 2.170914890427296541e+03 -1.158820858979917157e+00
2.800000000000000000e+01 8.048129081726074219e-01 2.675770521306690625e+03 -2.258260658444699587e-01
2.900000000000000000e+01 8.097829818725585938e-01 3.586022290584545772e+03 1.036487960880170478e+00
3.000000000000000000e+01 8.327770233154296875e-01 5.627240696554856186e+03 3.679496532910631945e+00
3.000000000000000000e+01 1.782689332962036133e+00 5.193313925181821105e+03 0.000000000000000000e+00
3.100000000000000000e+01 8.640654087066650391e-01 5.706955815709447961e+03 0.000000000000000000e+00
3.200000000000000000e+01 8.372764587402343750e-01 5.600618912175111291e+03 4.143286921476250773e-01
3.300000000000000000e+01 7.633070945739746094e-01 5.183896103634523570e+03 -1.167015896509755235e+00
3.400000000000000000e+01 7.709805965423583984e-01 4.660517251895656955e+03 -2.795727528028683739e+00
3.500000000000000000e+01 7.716195583343505859e-01 4.202235096450181118e+03 -2.577973409693409490e+00
3.600000000000000000e+01 7.583954334259033203e-01 3.772831340522062874e+03 -2.306695480270301690e+00
3.700000000000000000e+01 7.469632625579833984e-01 3.684725710398676256e+03 -1.688410516772502534e+00
3.800000000000000000e+01 7.517251968383789062e-01 3.774510730773904925e+03 -1.228157270258610545e+00
3.900000000000000000e+01 4.375114345550537109e+01 1.678427161795097345e+04 1.496178737140757242e+01
3.900000000000000000e+01 6.786866188049316406e-01 1.824522126100467176e+03 0.000000000000000000e+00
4.000000000000000000e+01 4.237421536445617676e+01 1.980354176924280182e+04 2.716449099641594600e+01
4.000000000000000000e+01 6.483662128448486328e-01 2.424789306496389145e+03 0.000000000000000000e+00
