1.496770406710274401e+05
1.000000000000000000e+00 2.759636163711547852e+00 5.026725194416084378e+03 0.000000000000000000e+00
2.000000000000000000e+00 2.772366285324096680e+00 6.038042857955571890e+03 3.209656314262350207e+00
2.000000000000000000e+00 5.767943620681762695e+00 4.865384840553642789e+03 0.000000000000000000e+00
3.000000000000000000e+00 2.938794136047363281e+00 6.556987465182068263e+03 0.000000000000000000e+00
4.000000000000000000e+00 2.810585021972656250e+00 8.478190068257274106e+03 2.313270508871859921e+00
5.000000000000000000e+00 2.575697898864746094e+00 8.116628993533310677e+03 8.204764890241585951e-01
6.000000000000000000e+00 2.515767097473144531e+00 6.864859941474011066e+03 -8.441910850716008441e-02
7.000000000000000000e+00 2.728321790695190430e+00 6.841609174430803250e+03 -9.414785083648999353e-02
8.000000000000000000e+00 2.845179319381713867e+00 6.753250210096274714e+03 -1.565683832782711893e-01
9.000000000000000000e+00 3.064330339431762695e+00 6.563047938103608431e+03 -3.089084953742642914e-01
1.000000000000000000e+01 2.939099311828613281e+00 6.254576228642456044e+03 -5.721298339682889811e-01
1.100000000000000000e+01 2.699326038360595703e+00 6.117830563294613967e+03 -6.637504425681531872e-01
1.200000000000000000e+01 2.532272577285766602e+00 7.515937426581219370e+03 7.685680355871911118e-01
1.300000000000000000e+01 2.552449226379394531e+00 7.006346320866608039e+03 1.977739963511469801e-01
1.400000000000000000e+01 2.762039661407470703e+00 6.317577307278197623e+03 -5.427449342445979097e-01
1.500000000000000000e+01 2.793178796768188477e+00 6.175492864675837154e+03 -6.728418834123475190e-01
1.600000000000000000e+01 2.691522598266601562e+00 6.490763929351195657e+03 -2.852439595918384030e-01
1.700000000000000000e+01 2.779216527938842773e+00 6.058404417602275316e+03 -7.777360128592543109e-01
1.800000000000000000e+01 2.605545759201049805e+00 6.023742247879255046e+03 -7.807431708051282282e-01
1.900000000000000000e+01 2.646718025207519531e+00 7.887396806177606777e+03 1.481957918405029773e+00
2.000000000000000000e+01 2.714890718460083008e+00 9.078568185489088137e+03 2.737713150425131747e+00
2.100000000000000000e+01 2.793611049652099609e+00 9.437147515839269545e+03 2.600547549391002189e+00
2.200000000000000000e+01 2.756823301315307617e+00 1.066528108945431450e+04 3.263727190701212866e+00
2.200000000000000000e+01 5.374491691589355469e+00 8.730613371327885034e+03 0.000000000000000000e+00
2.300000000000000000e+01 2.935972213745117188e+00 9.445775314914817500e+03 0.000000000000000000e+00
2.400000000000000000e+01 2.868209123611450195e+00 1.042667151171188743e+04 2.646802702131454854e+00
2.500000000000000000e+01 5.179002094268798828e+01 2.138923536516207969e+04 1.392248924834148127e+01
2.500000000000000000e+01 3.040592670440673828e-01 3.432020870956167983e+03 0.000000000000000000e+00
2.600000000000000000e+01 5.054134583473205566e+01 2.035141747799484801e+04 1.323665466346757036e+01
2.600000000000000000e+01 3.043980598449707031e-01 2.329926622621473598e+03 0.000000000000000000e+00
2.700000000000000000e+01 2.405872344970703125e+00 1.974889197799250951e+03 -1.138106398478081260e+00
2.800000000000000000e+01 2.839791297912597656e+00 2.544166659679551685e+03 -7.009390539112492213e-02
2.900000000000000000e+01 2.977966070175170898e+00 3.269337800581739884e+03 1.051603139334236214e+00
3.000000000000000000e+01 2.604230880737304688e+00 4.876949947083263396e+03 3.363995807807360183e+00
3.000000000000000000e+01 5.383441209793090820e+00 4.617304909489134843e+03 0.000000000000000000e+00
3.100000000000000000e+01 2.944244384765625000e+00 4.550209190080494409e+03 0.000000000000000000e+00
3.200000000000000000e+01 2.516019105911254883e+00 4.613095961978804553e+03 6.183924681888238739e-01
3.300000000000000000e+01 2.599573612213134766e+00 4.408995168311727866e+03 -4.910411391733003228e+00
3.400000000000000000e+01 2.931232929229736328e+00 3.953691310972115389e+03 -6.105658849624068907e+00
3.500000000000000000e+01 2.694883108139038086e+00 3.628539773095697001e+03 -2.872448248656065406e+00
3.600000000000000000e+01 2.724781751632690430e+00 3.304387380495048546e+03 -2.412069207206654298e+00
3.700000000000000000e+01 2.773283720016479492e+00 3.307771379386409080e+03 -1.596132594900030677e+00
3.800000000000000000e+01 2.815651416778564453e+00 3.455522979194152413e+03 -1.030987005820259927e+00
3.900000000000000000e+01 5.211917614936828613e+01 1.431249679889216532e+04 1.803843793666683126e+01
3.900000000000000000e+01 3.055996894836425781e-01 1.557327135073810496e+03 0.000000000000000000e+00
4.000000000000000000e+01 5.304099416732788086e+01 1.280813617622909442e+04 1.972668182407977966e+01
4.000000000000000000e+01 3.090176582336425781e-01 2.159181587313101318e+03 0.000000000000000000e+00
