1.499052459852328757e+05
1.000000000000000000e+00 2.295858383178710938e+00 5.027373755956932655e+03 0.000000000000000000e+00
2.000000000000000000e+00 2.302258729934692383e+00 6.005020972180884200e+03 3.182350977570329587e+00
2.000000000000000000e+00 4.714817762374877930e+00 4.847581394475915658e+03 0.000000000000000000e+00
3.000000000000000000e+00 2.092763662338256836e+00 6.587239609161518274e+03 0.000000000000000000e+00
4.000000000000000000e+00 2.164752244949340820e+00 8.540992367978848051e+03 2.295363385684380919e+00
5.000000000000000000e+00 2.238967657089233398e+00 8.252142309665723587e+03 8.624256533754884879e-01
6.000000000000000000e+00 2.320613145828247070e+00 7.007612524832658892e+03 -2.894030852119250374e-02
7.000000000000000000e+00 2.813856363296508789e+00 6.850741826228392711e+03 -1.328873995811409026e-01
8.000000000000000000e+00 2.277155160903930664e+00 6.719079385168681256e+03 -2.230149386955085355e-01
9.000000000000000000e+00 2.085719347000122070e+00 6.518576365506539332e+03 -3.736831527859684199e-01
1.000000000000000000e+01 2.220345020294189453e+00 6.204355835317836863e+03 -6.264121231598712702e-01
1.100000000000000000e+01 2.461565017700195312e+00 6.088553780523337991e+03 -6.873864450101500045e-01
1.200000000000000000e+01 2.656171321868896484e+00 7.563035409402770711e+03 7.611899425174758482e-01
1.300000000000000000e+01 2.228993177413940430e+00 6.983182387771744288e+03 1.446606144223851753e-01
1.400000000000000000e+01 2.495942592620849609e+00 6.394766824084339532e+03 -4.610732371568102006e-01
1.500000000000000000e+01 2.144273757934570312e+00 6.223811447693794435e+03 -6.210933488110581546e-01
1.600000000000000000e+01 2.240537643432617188e+00 6.565071890134018759e+03 -2.220154385909217098e-01
1.700000000000000000e+01 2.814788103103637695e+00 6.116137781558341885e+03 -7.182000578759495379e-01
1.800000000000000000e+01 2.448694705963134766e+00 6.044083778378124407e+03 -7.674582042403443882e-01
1.900000000000000000e+01 2.408042669296264648e+00 7.885004407257186358e+03 1.398644665908244100e+00
2.000000000000000000e+01 2.310413122177124023e+00 8.936523145980010668e+03 2.477283894225015715e+00
2.100000000000000000e+01 2.281568050384521484e+00 9.241804096413819934e+03 2.391023415493453097e+00
2.200000000000000000e+01 2.268856287002563477e+00 1.050128421744529624e+04 3.183696386477264273e+00
2.200000000000000000e+01 4.507344722747802734e+00 8.684881507884814710e+03 0.000000000000000000e+00
2.300000000000000000e+01 2.251701116561889648e+00 9.534935637722999672e+03 0.000000000000000000e+00
2.400000000000000000e+01 2.328096866607666016e+00 1.032206901725867101e+04 2.016640682219199565e+00
2.500000000000000000e+01 5.224707508087158203e+01 2.145087382213450474e+04 1.457862858554850760e+01
2.500000000000000000e+01 3.073530197143554688e-01 3.423506541878554344e+03 0.000000000000000000e+00
2.600000000000000000e+01 5.135564661026000977e+01 2.036038116188174899e+04 1.328577303301587698e+01
2.600000000000000000e+01 3.081607818603515625e-01 2.323144434607519543e+03 0.000000000000000000e+00
2.700000000000000000e+01 2.249518871307373047e+00 1.967478159398651087e+03 -1.140130283803232558e+00
2.800000000000000000e+01 2.347693443298339844e+00 2.528263880058769701e+03 -8.004618128421420176e-02
2.900000000000000000e+01 2.242912769317626953e+00 3.347749552425537786e+03 1.189912683359298784e+00
3.000000000000000000e+01 2.255140542984008789e+00 4.970846939161152477e+03 3.398247198185717188e+00
3.000000000000000000e+01 4.589654445648193359e+00 4.614742387002915166e+03 0.000000000000000000e+00
3.100000000000000000e+01 2.357385873794555664e+00 4.568228156735655830e+03 0.000000000000000000e+00
3.200000000000000000e+01 2.039674997329711914e+00 4.609670550879269285e+03 5.529032311980504044e-01
3.300000000000000000e+01 2.387535095214843750e+00 4.462084394646954934e+03 -5.308676662831501858e+00
3.400000000000000000e+01 2.338279485702514648e+00 3.967164630597540054e+03 -8.417843468618933400e+00
3.500000000000000000e+01 2.207266807556152344e+00 3.555453942669999833e+03 -3.247350036681505792e+00
3.600000000000000000e+01 2.367548942565917969e+00 3.200768062532215481e+03 -2.502347011981425950e+00
3.700000000000000000e+01 2.788622856140136719e+00 3.237671714341003280e+03 -1.567588686341103488e+00
3.800000000000000000e+01 2.278705596923828125e+00 3.460368775453779563e+03 -9.125211095807457262e-01
3.900000000000000000e+01 5.507434248924255371e+01 1.455299976632745529e+04 1.733752204003097575e+01
3.900000000000000000e+01 3.069641590118408203e-01 1.570846393520230777e+03 0.000000000000000000e+00
4.000000000000000000e+01 5.121500611305236816e+01 1.279578560357539754e+04 1.950424085045456835e+01
4.000000000000000000e+01 3.067369461059570312e-01 2.159243930864191043e+03 0.000000000000000000e+00
