1.611364270596350834e+05
1.000000000000000000e+00 1.373965501785278320e+00 4.714296964343545369e+03 0.000000000000000000e+00
2.000000000000000000e+00 1.149207115173339844e+00 5.683513248752857180e+03 1.981322745908064231e+00
3.000000000000000000e+00 1.136990308761596680e+00 6.715841294897338230e+03 1.991393440340228249e+00
4.000000000000000000e+00 1.102856874465942383e+00 8.377291679454103360e+03 2.421256687314327749e+00
5.000000000000000000e+00 1.253325939178466797e+00 8.160894593381876803e+03 1.278517385516537708e+00
6.000000000000000000e+00 1.197598934173583984e+00 7.218138627048646413e+03 5.303549004739528394e-01
7.000000000000000000e+00 1.107497453689575195e+00 6.939559892503696574e+03 3.287922783054333387e-01
8.000000000000000000e+00 1.096671104431152344e+00 6.650678972859137502e+03 1.331786416992776778e-01
9.000000000000000000e+00 1.102479696273803711e+00 6.302675415448233252e+03 -9.889182810646533761e-02
1.000000000000000000e+01 1.165745019912719727e+00 5.909674227944705308e+03 -3.640720102311672535e-01
1.100000000000000000e+01 1.152397394180297852e+00 5.744335718891043143e+03 -4.653850074457165364e-01
1.200000000000000000e+01 1.081869363784790039e+00 7.257946348456798660e+03 6.866313465015191353e-01
1.300000000000000000e+01 1.159262180328369141e+00 6.724465929249500732e+03 2.414011290806916676e-01
1.400000000000000000e+01 1.087455034255981445e+00 6.064282146091903996e+03 -2.913912122109067471e-01
1.500000000000000000e+01 1.086147069931030273e+00 5.851073569789096837e+03 -4.565176610895834153e-01
1.600000000000000000e+01 1.122276067733764648e+00 6.264493265418588635e+03 -9.084749456073028251e-02
1.700000000000000000e+01 1.095279216766357422e+00 5.790771388439782640e+03 -5.013172563249415070e-01
1.800000000000000000e+01 1.113389730453491211e+00 5.683976800587451180e+03 -5.797322214321682932e-01
1.900000000000000000e+01 1.102363824844360352e+00 7.633151245457625919e+03 1.212879982597127260e+00
2.000000000000000000e+01 1.077097654342651367e+00 9.369919623466232224e+03 2.703715388249539497e+00
2.100000000000000000e+01 1.199601888656616211e+00 9.777648892213092040e+03 2.582178896092423237e+00
2.200000000000000000e+01 1.220138072967529297e+00 1.092677863119136055e+04 3.010061741751819842e+00
2.200000000000000000e+01 2.346654891967773438e+00 8.604555559409336638e+03 0.000000000000000000e+00
2.300000000000000000e+01 1.139215946197509766e+00 1.112652836876639776e+04 0.000000000000000000e+00
2.400000000000000000e+01 1.095783472061157227e+00 1.090807097223937308e+04 5.846052967046442284e-01
2.500000000000000000e+01 6.257651638984680176e+01 2.236181880529592672e+04 8.694618294909620460e+00
2.500000000000000000e+01 9.484689235687255859e-01 2.872480329311124478e+03 0.000000000000000000e+00
2.600000000000000000e+01 6.491446661949157715e+01 2.262121088362787850e+04 1.873875142336003208e+01
2.600000000000000000e+01 1.035927534103393555e+00 1.893545206169560743e+03 0.000000000000000000e+00
2.700000000000000000e+01 1.419893980026245117e+00 1.745990046373644191e+03 -9.275129352108716363e-01
2.800000000000000000e+01 1.163571834564208984e+00 2.321927295083139597e+03 2.727718587234555514e-01
2.900000000000000000e+01 1.132940530776977539e+00 3.086196045985577257e+03 1.801895615144989415e+00
3.000000000000000000e+01 1.099425554275512695e+00 4.855802324022558423e+03 4.261769867708632198e+00
3.000000000000000000e+01 2.211057424545288086e+00 5.054323522145326024e+03 0.000000000000000000e+00
3.100000000000000000e+01 1.124229192733764648e+00 4.976761454505123766e+03 0.000000000000000000e+00
3.200000000000000000e+01 1.097725868225097656e+00 4.893264635213553447e+03 -2.229530536119415984e+00
3.300000000000000000e+01 1.097263097763061523e+00 4.588481967064408309e+03 -4.795933387591568398e+00
3.400000000000000000e+01 1.150934934616088867e+00 3.911000740584911910e+03 -4.740275010486494800e+00
3.500000000000000000e+01 1.144937038421630859e+00 3.401559125049952854e+03 -2.746298979800537055e+00
3.600000000000000000e+01 1.074501037597656250e+00 3.003844384771960449e+03 -2.189158514564553570e+00
3.700000000000000000e+01 1.077589273452758789e+00 3.013734619314852807e+03 -1.511020583246990290e+00
3.800000000000000000e+01 1.077353715896606445e+00 3.213346907464879678e+03 -1.010744049868216088e+00
3.900000000000000000e+01 6.251510524749755859e+01 1.564464088839075157e+04 1.326374782212879211e+01
3.900000000000000000e+01 9.397144317626953125e-01 1.188346518214303387e+03 0.000000000000000000e+00
4.000000000000000000e+01 6.447732496261596680e+01 1.944970096411012855e+04 4.275741258054863891e+01
4.000000000000000000e+01 9.393413066864013672e-01 1.744226755387884623e+03 0.000000000000000000e+00
