1.526749240931743407e+05
1.000000000000000000e+00 1.070806980133056641e+00 5.252299753927180063e+03 0.000000000000000000e+00
2.000000000000000000e+00 4.210417318344116211e+01 6.304492629216633759e+03 6.534408994514007141e+00
2.000000000000000000e+00 2.730903625488281250e-01 3.368648115313194921e+03 0.000000000000000000e+00
3.000000000000000000e+00 1.147684335708618164e+00 7.152416358701089848e+03 2.469868779039502638e+00
4.000000000000000000e+00 1.116588354110717773e+00 8.199728611940863630e+03 1.586971466455890711e+00
5.000000000000000000e+00 1.055988311767578125e+00 8.113047849356818915e+03 1.005232455628781052e+00
6.000000000000000000e+00 1.019876480102539062e+00 7.163623204468851327e+03 3.733456494471357190e-01
7.000000000000000000e+00 1.096101284027099609e+00 6.954948619815630082e+03 2.336934582492505297e-01
8.000000000000000000e+00 1.018103837966918945e+00 6.871364946228972258e+03 1.707122285908773129e-01
9.000000000000000000e+00 1.000412940979003906e+00 6.745693373466053345e+03 8.370670655360533396e-02
1.000000000000000000e+01 1.087698698043823242e+00 6.430522511266268339e+03 -1.276264275480587518e-01
1.100000000000000000e+01 1.191131591796875000e+00 6.217049804595072601e+03 -2.703912916251297038e-01
1.200000000000000000e+01 1.158958911895751953e+00 7.591789061586663593e+03 7.473542371474861667e-01
1.300000000000000000e+01 1.120367765426635742e+00 7.308624079242294101e+03 4.889312133077202138e-01
1.400000000000000000e+01 9.664516448974609375e-01 6.667999672912160349e+03 -2.895213682973542604e-02
1.500000000000000000e+01 1.071443796157836914e+00 6.379316770511671166e+03 -2.604628069104722998e-01
1.600000000000000000e+01 1.089351415634155273e+00 6.630803148057088038e+03 -4.200124738676444536e-02
1.700000000000000000e+01 1.304494380950927734e+00 6.195975858262239854e+03 -4.159688789935943043e-01
1.800000000000000000e+01 1.360858917236328125e+00 6.105655700177457220e+03 -4.822223511774864635e-01
1.900000000000000000e+01 9.763977527618408203e-01 8.276981759870473979e+03 1.504165229759079736e+00
2.000000000000000000e+01 1.140959024429321289e+00 9.500915809270421960e+03 2.458794671380079677e+00
2.100000000000000000e+01 1.138804435729980469e+00 1.009569053974803137e+04 2.557729856883202757e+00
2.200000000000000000e+01 1.146808624267578125e+00 1.141956250271137833e+04 3.096614287485789596e+00
2.200000000000000000e+01 2.440665245056152344e+00 9.000443324435940667e+03 0.000000000000000000e+00
2.300000000000000000e+01 1.121460199356079102e+00 1.021755062376426213e+04 0.000000000000000000e+00
2.400000000000000000e+01 9.996931552886962891e-01 1.123606907773145213e+04 1.890570730439488534e+00
2.500000000000000000e+01 4.451136994361877441e+01 2.268123591924583525e+04 1.119457126534330094e+01
2.500000000000000000e+01 2.765347957611083984e-01 3.787193784194139880e+03 0.000000000000000000e+00
2.600000000000000000e+01 4.368158173561096191e+01 2.041457300721637512e+04 1.171088212767634573e+01
2.600000000000000000e+01 2.720239162445068359e-01 2.584610619129885436e+03 0.000000000000000000e+00
2.700000000000000000e+01 9.956204891204833984e-01 2.146532162335599423e+03 -1.186510905271221938e+00
2.800000000000000000e+01 9.936449527740478516e-01 2.694933366727069824e+03 -1.938754201005166988e-01
2.900000000000000000e+01 1.077310323715209961e+00 3.629856571324221932e+03 1.087047526221087912e+00
3.000000000000000000e+01 9.751205444335937500e-01 5.362296481099692755e+03 3.233837811157426856e+00
3.000000000000000000e+01 1.971476316452026367e+00 4.804087060146933254e+03 0.000000000000000000e+00
3.100000000000000000e+01 1.242988586425781250e+00 5.023500535395618499e+03 0.000000000000000000e+00
3.200000000000000000e+01 1.393118858337402344e+00 5.193428715799322163e+03 1.802366482460248331e+00
3.300000000000000000e+01 1.227648735046386719e+00 5.093068454228668998e+03 4.409095793518961193e-01
3.400000000000000000e+01 1.148485660552978516e+00 4.591591962440481439e+03 -2.646732055562214470e+00
3.500000000000000000e+01 1.108662128448486328e+00 4.170437964911408926e+03 -3.183161760779372518e+00
3.600000000000000000e+01 1.081479310989379883e+00 3.781285165178928310e+03 -2.700295564455726716e+00
3.700000000000000000e+01 1.276083230972290039e+00 3.707286563202662819e+03 -1.831789082081675346e+00
3.800000000000000000e+01 1.080965518951416016e+00 3.816576821456382277e+03 -1.233656592059088508e+00
3.900000000000000000e+01 4.443411922454833984e+01 1.538963470572412552e+04 1.809312518261269531e+01
3.900000000000000000e+01 2.760927677154541016e-01 1.775424612319317021e+03 0.000000000000000000e+00
4.000000000000000000e+01 4.329995584487915039e+01 1.303646534878264720e+04 1.723284563970293348e+01
4.000000000000000000e+01 2.741794586181640625e-01 2.386500611813516571e+03 0.000000000000000000e+00
