1.668623316560218809e+05
1.000000000000000000e+00 6.779911518096923828e-01 5.396355528417353526e+03 0.000000000000000000e+00
2.000000000000000000e+00 6.943671703338623047e-01 6.111496513972592766e+03 3.080901715449431144e+00
2.000000000000000000e+00 1.407183647155761719e+00 6.021277646375903714e+03 0.000000000000000000e+00
3.000000000000000000e+00 7.100031375885009766e-01 7.401163435571346781e+03 0.000000000000000000e+00
4.000000000000000000e+00 7.128188610076904297e-01 9.251633209565341531e+03 2.603611167009398208e+00
5.000000000000000000e+00 6.901438236236572266e-01 9.274119818758832480e+03 1.058742533697411448e+00
6.000000000000000000e+00 7.114238739013671875e-01 8.576092519512636500e+03 3.734603969966542314e-01
7.000000000000000000e+00 7.164857387542724609e-01 8.330096142519883870e+03 1.619122473495119008e-01
8.000000000000000000e+00 7.370676994323730469e-01 8.155531156738134996e+03 1.052704960136523898e-02
9.000000000000000000e+00 6.623616218566894531e-01 7.931758372204235457e+03 -1.865885167707929670e-01
1.000000000000000000e+01 6.386930942535400391e-01 7.553243959579362127e+03 -5.339566323208653209e-01
1.100000000000000000e+01 6.733350753784179688e-01 7.255236054535779658e+03 -7.945092034792994307e-01
1.200000000000000000e+01 6.511495113372802734e-01 8.364093475513776866e+03 3.961481071823620970e-01
1.300000000000000000e+01 6.453466415405273438e-01 8.239671781848577666e+03 2.441526014003777278e-01
1.400000000000000000e+01 6.432039737701416016e-01 7.663305992134711232e+03 -4.078498420288673154e-01
1.500000000000000000e+01 6.393280029296875000e-01 7.256161795677448936e+03 -8.608603202796814013e-01
1.600000000000000000e+01 6.317560672760009766e-01 7.317456589481484116e+03 -7.374576493668694166e-01
1.700000000000000000e+01 6.860589981079101562e-01 6.868291058362752665e+03 -1.235458366102456962e+00
1.800000000000000000e+01 6.712865829467773438e-01 6.758893409678209537e+03 -1.270360098490694867e+00
1.900000000000000000e+01 6.375119686126708984e-01 8.805943640369079731e+03 1.187996811207280290e+00
2.000000000000000000e+01 6.361591815948486328e-01 1.068904395515417855e+04 3.265487069020968303e+00
2.000000000000000000e+01 1.299006938934326172e+00 8.126549527004995980e+03 0.000000000000000000e+00
2.100000000000000000e+01 6.307902336120605469e-01 1.092178891471894531e+04 0.000000000000000000e+00
2.200000000000000000e+01 6.460003852844238281e-01 1.215285112670101262e+04 1.329946057122017189e+00
2.300000000000000000e+01 6.561496257781982422e-01 1.211647776207873721e+04 8.317698528026727933e-01
2.400000000000000000e+01 6.462512016296386719e-01 1.181799923831616798e+04 5.229197281870928693e-01
2.500000000000000000e+01 3.541070151329040527e+01 2.458863549285173940e+04 7.996794089064979794e+00
2.500000000000000000e+01 5.892498493194580078e-01 4.196352714090658992e+03 0.000000000000000000e+00
2.600000000000000000e+01 3.452754354476928711e+01 2.540018599669300602e+04 1.358470834763411439e+01
2.600000000000000000e+01 5.466396808624267578e-01 2.889976596468314710e+03 0.000000000000000000e+00
2.700000000000000000e+01 7.210185527801513672e-01 2.422634332124331650e+03 -1.164495792096248206e+00
2.800000000000000000e+01 7.035303115844726562e-01 2.872745241955743495e+03 -3.441644384477255958e-01
2.900000000000000000e+01 6.940701007843017578e-01 3.801370792087623613e+03 8.069511421074179180e-01
3.000000000000000000e+01 6.746506690979003906e-01 5.876067669495962036e+03 3.346307191001576697e+00
3.000000000000000000e+01 1.360932826995849609e+00 5.522255262650119221e+03 0.000000000000000000e+00
3.100000000000000000e+01 6.738557815551757812e-01 5.981346226779321114e+03 0.000000000000000000e+00
3.200000000000000000e+01 6.567258834838867188e-01 5.881599949737413226e+03 3.998418842255369587e-01
3.300000000000000000e+01 7.086417675018310547e-01 5.752444480905676755e+03 -1.765143370017251134e-01
3.400000000000000000e+01 6.590104103088378906e-01 5.305157836683621099e+03 -2.416729224415947286e+00
3.500000000000000000e+01 6.541161537170410156e-01 4.787247317969367941e+03 -3.281715870994639683e+00
3.600000000000000000e+01 6.626667976379394531e-01 4.302297410333434527e+03 -2.793799859415786901e+00
3.700000000000000000e+01 6.312355995178222656e-01 4.148902431925755081e+03 -1.963974203023784559e+00
3.800000000000000000e+01 6.380562782287597656e-01 4.159186200561139231e+03 -1.470541340672462560e+00
3.900000000000000000e+01 3.666992568969726562e+01 1.628256973600611491e+04 1.482497834919055002e+01
3.900000000000000000e+01 6.688842773437500000e-01 2.082469125589109353e+03 0.000000000000000000e+00
4.000000000000000000e+01 3.606737208366394043e+01 1.959732815356626452e+04 2.308172242742035962e+01
4.000000000000000000e+01 5.418109893798828125e-01 2.745142149026759853e+03 0.000000000000000000e+00
