1.504338426503975643e+05
1.000000000000000000e+00 1.302902221679687500e+00 4.886691441716834561e+03 0.000000000000000000e+00
2.000000000000000000e+00 1.050578355789184570e+00 6.182972524035040806e+03 1.905322437868187446e+00
3.000000000000000000e+00 1.019668102264404297e+00 7.425231322638865095e+03 1.849423785922462482e+00
4.000000000000000000e+00 1.229067564010620117e+00 9.038960996156029069e+03 2.049076276925803075e+00
5.000000000000000000e+00 1.063442945480346680e+00 8.720482928529158016e+03 1.155389859633729310e+00
6.000000000000000000e+00 1.222819805145263672e+00 7.578566478985849244e+03 4.389672506886157510e-01
7.000000000000000000e+00 1.068770885467529297e+00 7.159759705609851153e+03 2.026603250306791837e-01
8.000000000000000000e+00 1.165112018585205078e+00 6.883253602532125115e+03 4.672788925732221377e-02
9.000000000000000000e+00 1.177490234375000000e+00 6.576349575251053466e+03 -1.267261300207485619e-01
1.000000000000000000e+01 1.050754547119140625e+00 6.171764349072954246e+03 -3.599201560404983180e-01
1.100000000000000000e+01 1.064171075820922852e+00 5.982200760118355902e+03 -4.599658655581251865e-01
1.200000000000000000e+01 1.177219629287719727e+00 7.576007753034148664e+03 5.865043234174472930e-01
1.300000000000000000e+01 1.098793983459472656e+00 7.012062415809111371e+03 1.842015874975877210e-01
1.400000000000000000e+01 1.209322690963745117e+00 6.221299594134011386e+03 -3.662634533842344386e-01
1.500000000000000000e+01 1.023835182189941406e+00 5.979325595759693897e+03 -5.249950704910368859e-01
1.600000000000000000e+01 1.053145170211791992e+00 6.259267123126962360e+03 -3.007930626388877760e-01
1.700000000000000000e+01 1.078234434127807617e+00 5.810190754647201175e+03 -6.286320721489011554e-01
1.800000000000000000e+01 1.183071374893188477e+00 5.781536799590368901e+03 -6.268804105993061038e-01
1.900000000000000000e+01 1.007668256759643555e+00 7.895944446603652068e+03 1.041592454346781160e+00
2.000000000000000000e+01 1.022801637649536133e+00 9.405996951756333146e+03 2.163376882421057967e+00
2.100000000000000000e+01 1.199277400970458984e+00 9.829897051225590985e+03 2.206954123691219127e+00
2.200000000000000000e+01 1.381180524826049805e+00 1.130137503738778105e+04 2.920022998091346800e+00
2.300000000000000000e+01 1.503502845764160156e+00 1.136478683327600993e+04 2.462737574095420712e+00
2.400000000000000000e+01 1.206255197525024414e+00 1.152478788556994732e+04 2.230042454379328465e+00
2.500000000000000000e+01 7.184481906890869141e+01 2.347202079360593780e+04 7.806422672925001471e+00
2.500000000000000000e+01 4.083709716796875000e-01 2.647171803687350803e+03 0.000000000000000000e+00
2.600000000000000000e+01 7.674784350395202637e+01 2.049221004381937018e+04 1.835980460333939845e+01
2.600000000000000000e+01 4.271664619445800781e-01 1.750100201370002196e+03 0.000000000000000000e+00
2.700000000000000000e+01 1.324869871139526367e+00 1.682524915826807273e+03 -8.163186825640922351e-01
2.800000000000000000e+01 1.126234769821166992e+00 2.335466646154364753e+03 6.013798328303026075e-01
2.900000000000000000e+01 1.336386919021606445e+00 3.263121836158617043e+03 2.546010271760185351e+00
3.000000000000000000e+01 1.935117959976196289e+00 4.993945719106001889e+03 4.068399179785673780e+00
3.000000000000000000e+01 3.289079666137695312e+00 4.472678230628237543e+03 0.000000000000000000e+00
3.100000000000000000e+01 1.313413143157958984e+00 4.805265392024828543e+03 0.000000000000000000e+00
3.200000000000000000e+01 1.342741489410400391e+00 4.724903556507394569e+03 3.653954619380216928e-01
3.300000000000000000e+01 1.407725572586059570e+00 4.616216658067113713e+03 -2.961856285126471255e-01
3.400000000000000000e+01 1.579581022262573242e+00 4.092894756555010645e+03 -3.901778253003234553e+00
3.500000000000000000e+01 1.333768606185913086e+00 3.541899524694971660e+03 -3.566535208760483133e+00
3.600000000000000000e+01 1.470012187957763672e+00 3.087507002255118550e+03 -2.687205996789528761e+00
3.700000000000000000e+01 1.638919115066528320e+00 3.081151252241353632e+03 -1.696357511216685543e+00
3.800000000000000000e+01 1.331253767013549805e+00 3.249051857259396456e+03 -1.113062607763753320e+00
3.900000000000000000e+01 9.750968122482299805e+01 1.517036314064140606e+04 1.542213325138611246e+01
3.900000000000000000e+01 4.143810272216796875e-01 1.082625788093669371e+03 0.000000000000000000e+00
4.000000000000000000e+01 9.366024327278137207e+01 1.310411599817577007e+04 3.069978317470384965e+01
4.000000000000000000e+01 4.116556644439697266e-01 1.605807190816053435e+03 0.000000000000000000e+00
