1.606812223880204256e+05
1.000000000000000000e+00 1.030012130737304688e+00 4.822255921521564233e+03 0.000000000000000000e+00
2.000000000000000000e+00 1.086003780364990234e+00 5.760500524501677319e+03 2.352597172563315020e+00
3.000000000000000000e+00 1.015754699707031250e+00 6.814671744149521146e+03 2.231556304959716019e+00
4.000000000000000000e+00 9.907512664794921875e-01 8.530515914152712867e+03 2.631830843707497092e+00
5.000000000000000000e+00 1.072382211685180664e+00 8.198960876736609862e+03 1.252897634380709890e+00
6.000000000000000000e+00 1.060160875320434570e+00 7.341154157888255213e+03 5.413827506235998621e-01
7.000000000000000000e+00 9.899284839630126953e-01 7.148988019357650955e+03 3.830131091294670109e-01
8.000000000000000000e+00 9.934492111206054688e-01 6.976920271909383700e+03 2.500290793170288350e-01
9.000000000000000000e+00 1.023911237716674805e+00 6.751342948151408564e+03 8.568390196269448644e-02
1.000000000000000000e+01 9.727284908294677734e-01 6.377527937475183535e+03 -1.834896379131568112e-01
1.100000000000000000e+01 1.031908035278320312e+00 6.158324548401378706e+03 -3.392100868673767478e-01
1.200000000000000000e+01 9.696514606475830078e-01 7.648030932181389289e+03 8.361202560180335253e-01
1.300000000000000000e+01 9.649193286895751953e-01 7.075598134102941913e+03 3.307832950484849710e-01
1.400000000000000000e+01 1.019740819931030273e+00 6.417763513732318643e+03 -2.208330587168886860e-01
1.500000000000000000e+01 9.757113456726074219e-01 6.173349444536735064e+03 -4.210482326546869380e-01
1.600000000000000000e+01 9.685277938842773438e-01 6.577971642750880164e+03 -5.265509556345950720e-02
1.700000000000000000e+01 9.703330993652343750e-01 6.100627084600861963e+03 -4.818865292705977188e-01
1.800000000000000000e+01 1.021893501281738281e+00 6.005087919834205422e+03 -5.541946470572974848e-01
1.900000000000000000e+01 9.699945449829101562e-01 8.047174304953581668e+03 1.389002982099867278e+00
2.000000000000000000e+01 9.644374847412109375e-01 9.427810177135268532e+03 2.565195802967327854e+00
2.100000000000000000e+01 1.052092313766479492e+00 9.681467918540645769e+03 2.381742343951771534e+00
2.200000000000000000e+01 1.011516809463500977e+00 1.071941888100738652e+04 2.840979872223945879e+00
2.300000000000000000e+01 9.826676845550537109e-01 1.109806333942209130e+04 2.625617487682365248e+00
2.400000000000000000e+01 9.738552570343017578e-01 1.100357106052339986e+04 2.200880902267181138e+00
2.500000000000000000e+01 5.769971323013305664e+01 2.348752122565880563e+04 8.778213912409228215e+00
2.500000000000000000e+01 8.625221252441406250e-01 3.087284617367613464e+03 0.000000000000000000e+00
2.600000000000000000e+01 5.589004611968994141e+01 3.342798874029042781e+04 2.708964057485905030e+01
2.600000000000000000e+01 7.974009513854980469e-01 2.110190721885961466e+03 0.000000000000000000e+00
2.700000000000000000e+01 1.198780298233032227e+00 1.852407574941020812e+03 -1.052630452369149872e+00
2.800000000000000000e+01 1.029247760772705078e+00 2.416315666497325765e+03 5.801180268637321641e-02
2.900000000000000000e+01 1.012370347976684570e+00 3.260068095337899194e+03 1.537870357363284812e+00
3.000000000000000000e+01 9.868798255920410156e-01 5.265064196308771898e+03 4.302540611215930788e+00
3.000000000000000000e+01 1.984482288360595703e+00 5.131384212324041982e+03 0.000000000000000000e+00
3.100000000000000000e+01 1.097064495086669922e+00 5.131647318713091408e+03 0.000000000000000000e+00
3.200000000000000000e+01 9.802517890930175781e-01 5.058181091236720022e+03 -3.941785349124239133e+02
3.300000000000000000e+01 9.776651859283447266e-01 4.807998717794549520e+03 -7.063584511854943848e+00
3.400000000000000000e+01 9.688303470611572266e-01 4.251147773178382522e+03 -5.089616313132507841e+00
3.500000000000000000e+01 9.688148498535156250e-01 3.691515549210174413e+03 -3.169169210311012730e+00
3.600000000000000000e+01 9.699285030364990234e-01 3.229195991913975831e+03 -2.465462601386807062e+00
3.700000000000000000e+01 1.000818014144897461e+00 3.180961878624978908e+03 -1.682879907101090478e+00
3.800000000000000000e+01 1.049995660781860352e+00 3.357155373716066606e+03 -1.129257912025434241e+00
3.900000000000000000e+01 5.611892080307006836e+01 1.621561327751707358e+04 1.411397057229886975e+01
3.900000000000000000e+01 8.594496250152587891e-01 1.340399446413783608e+03 0.000000000000000000e+00
4.000000000000000000e+01 5.923910355567932129e+01 1.874112129462411031e+04 3.601080876057240232e+01
4.000000000000000000e+01 8.465166091918945312e-01 1.911318633196697419e+03 0.000000000000000000e+00
