1.602333090924272838e+05
1.000000000000000000e+00 9.487068653106689453e-01 6.193855658707656403e+03 0.000000000000000000e+00
2.000000000000000000e+00 9.629209041595458984e-01 6.882666917335179278e+03 -1.363136008296529948e-03
3.000000000000000000e+00 9.902071952819824219e-01 7.930968312260759376e+03 1.517679350897563895e+00
4.000000000000000000e+00 1.052253961563110352e+00 9.620726614172950576e+03 3.217686386195055981e+00
4.000000000000000000e+00 1.956459045410156250e+00 7.621465488108948193e+03 0.000000000000000000e+00
5.000000000000000000e+00 1.149706840515136719e+00 8.801327673149999100e+03 0.000000000000000000e+00
6.000000000000000000e+00 9.707934856414794922e-01 8.555026589539384076e+03 4.118838837282300935e-01
7.000000000000000000e+00 9.013013839721679688e-01 8.480115894012216813e+03 2.477128570335781765e-01
8.000000000000000000e+00 9.357628822326660156e-01 8.448344383994299278e+03 1.631528645942733613e-01
9.000000000000000000e+00 8.936846256256103516e-01 8.348432551675718059e+03 -7.347762347956374174e-02
1.000000000000000000e+01 1.054507732391357422e+00 8.070648751038788760e+03 -7.632663844960817512e-01
1.100000000000000000e+01 1.020279407501220703e+00 7.868196031302134543e+03 -1.212322514394384543e+00
1.200000000000000000e+01 1.032008409500122070e+00 8.845875710511505531e+03 1.464062339061585671e+00
1.300000000000000000e+01 9.175364971160888672e-01 8.870493233049161063e+03 1.293221143707413923e+00
1.400000000000000000e+01 9.463350772857666016e-01 8.436933798665781069e+03 1.085098817370944019e-01
1.500000000000000000e+01 1.004220485687255859e+00 8.060945809700690006e+03 -8.316193901152307832e-01
1.600000000000000000e+01 8.750462532043457031e-01 7.940782205004197749e+03 -1.079422311368276155e+00
1.700000000000000000e+01 9.935123920440673828e-01 7.615516925541319324e+03 -1.813832291634016380e+00
1.800000000000000000e+01 8.892180919647216797e-01 7.503472702668133024e+03 -1.827767370656914858e+00
1.900000000000000000e+01 9.879865646362304688e-01 9.413799324878686093e+03 2.583818448743238960e+00
2.000000000000000000e+01 2.133120918273925781e+01 1.125119596214454759e+04 5.538613968494419559e+00
2.000000000000000000e+01 1.745386123657226562e-01 5.282938808077972681e+03 0.000000000000000000e+00
2.100000000000000000e+01 9.828929901123046875e-01 9.206237582146672139e+03 1.393384077062970183e+00
2.200000000000000000e+01 8.715705871582031250e-01 9.294429136849488714e+03 9.113756442330201990e-01
2.300000000000000000e+01 9.117689132690429688e-01 9.724439512823288169e+03 9.608899994718891335e-01
2.400000000000000000e+01 9.527194499969482422e-01 1.053322971514108394e+04 1.242354625757705389e+00
2.500000000000000000e+01 2.188643932342529297e+01 2.137971800831577639e+04 6.839921584252853570e+00
2.500000000000000000e+01 1.605050563812255859e-01 5.546122667959611135e+03 0.000000000000000000e+00
2.600000000000000000e+01 2.123032784461975098e+01 2.037603840947513163e+04 6.855895058517526230e+00
2.600000000000000000e+01 1.633110046386718750e-01 3.941583195928260011e+03 0.000000000000000000e+00
2.700000000000000000e+01 1.016503334045410156e+00 3.160083184153256752e+03 -1.267900685924443938e+00
2.800000000000000000e+01 1.047523975372314453e+00 3.536666992748898338e+03 -5.649952321404146938e-01
2.900000000000000000e+01 1.030339479446411133e+00 4.346142007480105349e+03 1.701181909441040196e-01
3.000000000000000000e+01 1.027959823608398438e+00 5.817356083887235400e+03 1.537545115475517976e+00
3.100000000000000000e+01 1.055449485778808594e+00 6.609474055823445269e+03 1.853043861206937537e+00
3.200000000000000000e+01 1.010741472244262695e+00 6.471364433276765340e+03 1.277321382874924138e+00
3.300000000000000000e+01 9.726095199584960938e-01 6.123515548177043456e+03 8.328882675714119888e-01
3.400000000000000000e+01 1.024402618408203125e+00 5.846153642156200476e+03 5.527206619539446475e-01
3.500000000000000000e+01 9.604644775390625000e-01 5.503402933513301832e+03 2.532647830928715926e-01
3.600000000000000000e+01 1.004423141479492188e+00 5.148559177809934226e+03 -4.691023127190150493e-02
3.700000000000000000e+01 1.115415334701538086e+00 4.995169471485134636e+03 -1.760265174128290144e-01
3.800000000000000000e+01 9.831066131591796875e-01 4.937745700318551826e+03 -2.206200996326432850e-01
3.900000000000000000e+01 2.198828077316284180e+01 1.577298861992534512e+04 9.809780087275541405e+00
3.900000000000000000e+01 1.783099174499511719e-01 3.060543158842630419e+03 0.000000000000000000e+00
4.000000000000000000e+01 2.138411211967468262e+01 1.331402240060859003e+04 8.768733716811816237e+00
4.000000000000000000e+01 1.677603721618652344e-01 3.874528864416428405e+03 0.000000000000000000e+00
