1.644179825525122287e+05
1.000000000000000000e+00 1.131595611572265625e+00 6.138014420721867282e+03 0.000000000000000000e+00
2.000000000000000000e+00 1.241680622100830078e+00 6.939383447357177829e+03 9.210401591421749079e-02
3.000000000000000000e+00 1.081607341766357422e+00 7.902899699866686205e+03 1.441713469141829185e+00
4.000000000000000000e+00 1.123294591903686523e+00 9.570445714263541959e+03 3.146031767968565429e+00
4.000000000000000000e+00 2.530421972274780273e+00 7.784872929862328419e+03 0.000000000000000000e+00
5.000000000000000000e+00 1.091227531433105469e+00 8.568415956871333037e+03 0.000000000000000000e+00
6.000000000000000000e+00 1.307348728179931641e+00 8.329839556068496677e+03 2.765012240603864635e-01
7.000000000000000000e+00 1.185980319976806641e+00 8.355549920883451705e+03 3.183028506655247170e-01
8.000000000000000000e+00 1.237811088562011719e+00 8.372517179894079163e+03 3.377635756132149059e-01
9.000000000000000000e+00 1.197363853454589844e+00 8.299666400044174225e+03 5.933516163325715936e-02
1.000000000000000000e+01 1.141588211059570312e+00 8.060188479456056484e+03 -8.560005149871697805e-01
1.100000000000000000e+01 1.207306385040283203e+00 7.850718821366303928e+03 -1.580562890982236901e+00
1.200000000000000000e+01 1.111952066421508789e+00 8.884298116296584340e+03 2.476308897150844679e+00
1.300000000000000000e+01 1.088750839233398438e+00 8.709743925995177051e+03 1.256054161922466772e+00
1.400000000000000000e+01 1.206638336181640625e+00 8.200516905265041714e+03 -3.446281784152328553e-01
1.500000000000000000e+01 1.063363552093505859e+00 7.822007474149501832e+03 -1.457300080291025646e+00
1.600000000000000000e+01 1.153448581695556641e+00 8.074102977167258359e+03 -5.602939060727291087e-01
1.700000000000000000e+01 1.137141942977905273e+00 7.722626746331789036e+03 -1.570359144200671242e+00
1.800000000000000000e+01 1.168383359909057617e+00 7.586202969376383408e+03 -1.774786666882106401e+00
1.900000000000000000e+01 1.150339126586914062e+00 9.416343228788720808e+03 3.274924608151061900e+00
1.900000000000000000e+01 2.337764263153076172e+00 7.785721313634587204e+03 0.000000000000000000e+00
2.000000000000000000e+01 1.225538730621337891e+00 1.022072171683728629e+04 0.000000000000000000e+00
2.100000000000000000e+01 1.161064147949218750e+00 1.120915450265576874e+04 1.281174468961938651e+00
2.200000000000000000e+01 1.256986379623413086e+00 1.224793671914945480e+04 1.424246089149300731e+00
2.300000000000000000e+01 1.268198251724243164e+00 1.293888242543146771e+04 1.347905868692997444e+00
2.400000000000000000e+01 1.283077239990234375e+00 1.253055768967315998e+04 8.192259826216909957e-01
2.500000000000000000e+01 2.274932217597961426e+01 2.187442911471280968e+04 5.572997337330891199e+00
2.500000000000000000e+01 1.963870525360107422e-01 5.525920456685592399e+03 0.000000000000000000e+00
2.600000000000000000e+01 2.218610167503356934e+01 2.043693971483282803e+04 6.925057246135073008e+00
2.600000000000000000e+01 1.792585849761962891e-01 3.926312179019580981e+03 0.000000000000000000e+00
2.700000000000000000e+01 1.266794443130493164e+00 3.166108472225885635e+03 -1.254740460474066177e+00
2.800000000000000000e+01 1.242299795150756836e+00 3.551938137795710645e+03 -5.517531709523038064e-01
2.900000000000000000e+01 1.174762248992919922e+00 4.329750941941387282e+03 1.620769962130721997e-01
3.000000000000000000e+01 1.139324903488159180e+00 5.856143241243478769e+03 1.599417923495885407e+00
3.100000000000000000e+01 1.401729583740234375e+00 6.093466719141591057e+03 1.407183213077875639e+00
3.200000000000000000e+01 1.157032251358032227e+00 6.175095614538401605e+03 1.207929645609374436e+00
3.300000000000000000e+01 1.155858039855957031e+00 6.162779118180487785e+03 1.026838207233323308e+00
3.400000000000000000e+01 1.044109821319580078e+00 5.791933789915119632e+03 6.198154883784812164e-01
3.500000000000000000e+01 1.117728948593139648e+00 5.405286473575579294e+03 2.582305739118830323e-01
3.600000000000000000e+01 1.352474212646484375e+00 5.021985921635083287e+03 -8.774472460196397483e-02
3.700000000000000000e+01 1.077347755432128906e+00 4.892826074423906903e+03 -2.024579626812582633e-01
3.800000000000000000e+01 1.292526960372924805e+00 4.892900835365638159e+03 -1.947881263411530284e-01
3.900000000000000000e+01 2.292726087570190430e+01 1.534958538831765509e+04 1.017576542815507246e+01
3.900000000000000000e+01 1.823787689208984375e-01 3.056057441001193183e+03 0.000000000000000000e+00
4.000000000000000000e+01 2.275061249732971191e+01 1.325974964757778434e+04 8.736563819516430129e+00
4.000000000000000000e+01 1.746280193328857422e-01 3.871483867875480883e+03 0.000000000000000000e+00
