1.487463791646527825e+05
1.000000000000000000e+00 2.361079216003417969e+00 5.192081211972426900e+03 0.000000000000000000e+00
2.000000000000000000e+00 4.496734333038330078e+01 6.121773944735675286e+03 6.963185745849417074e+00
2.000000000000000000e+00 2.770631313323974609e-01 3.354038988873951894e+03 0.000000000000000000e+00
3.000000000000000000e+00 2.473629713058471680e+00 7.003905177053073203e+03 2.370788425930787646e+00
4.000000000000000000e+00 2.304816961288452148e+00 8.045565667874636347e+03 1.596064408814453106e+00
5.000000000000000000e+00 2.584193706512451172e+00 7.890956814166960612e+03 9.743384468756397521e-01
6.000000000000000000e+00 2.253126859664916992e+00 6.625040224217939794e+03 1.779958893282014010e-01
7.000000000000000000e+00 2.364635705947875977e+00 6.547186873998147348e+03 1.223900934297281889e-01
8.000000000000000000e+00 2.400128602981567383e+00 6.435946760135556360e+03 4.770452842525872705e-02
9.000000000000000000e+00 2.253137588500976562e+00 6.323796386514135520e+03 -2.794256437199159337e-02
1.000000000000000000e+01 2.427213430404663086e+00 6.068104102533391597e+03 -2.045183401592411687e-01
1.100000000000000000e+01 2.523841857910156250e+00 5.970282761278152975e+03 -2.668206448590836888e-01
1.200000000000000000e+01 2.141741514205932617e+00 7.481021306975456355e+03 9.138955987468805331e-01
1.300000000000000000e+01 2.368525743484497070e+00 7.008908518006905979e+03 4.776403368406711425e-01
1.400000000000000000e+01 2.366836786270141602e+00 6.354824194546264152e+03 -7.300380300831500746e-02
1.500000000000000000e+01 2.586955308914184570e+00 6.159111691817906831e+03 -2.353076789552910331e-01
1.600000000000000000e+01 2.301695346832275391e+00 6.514428231119797601e+03 8.234859580235892595e-02
1.700000000000000000e+01 2.420932769775390625e+00 6.051322723921993202e+03 -3.379755657777597233e-01
1.800000000000000000e+01 2.297379493713378906e+00 5.991667279891255930e+03 -3.827511281721585057e-01
1.900000000000000000e+01 2.567760229110717773e+00 7.840531475288996262e+03 1.391059422127631562e+00
2.000000000000000000e+01 2.351560115814208984e+00 8.858055322702648482e+03 2.236427539891432836e+00
2.100000000000000000e+01 2.253607273101806641e+00 9.318148745412669086e+03 2.333307183965225740e+00
2.200000000000000000e+01 2.489712715148925781e+00 1.056092873989861437e+04 2.983079004774670473e+00
2.300000000000000000e+01 2.506360769271850586e+00 1.055238430350619819e+04 2.438832746417184172e+00
2.400000000000000000e+01 2.394120931625366211e+00 1.070176895467470968e+04 2.208123045241801918e+00
2.500000000000000000e+01 4.522732162475585938e+01 2.137143010019510621e+04 7.944477333445019163e+00
2.500000000000000000e+01 2.747831344604492188e-01 3.792206667967571320e+03 0.000000000000000000e+00
2.600000000000000000e+01 4.732274055480957031e+01 2.037507535576469672e+04 1.166126860269185528e+01
2.600000000000000000e+01 2.753427028656005859e-01 2.579457524353686040e+03 0.000000000000000000e+00
2.700000000000000000e+01 2.535568237304687500e+00 2.158682842653111493e+03 -1.168494693913100679e+00
2.800000000000000000e+01 2.528829813003540039e+00 2.678588264649883058e+03 -2.137608288026337511e-01
2.900000000000000000e+01 2.711159467697143555e+00 3.491255365163121496e+03 9.125831251894159779e-01
3.000000000000000000e+01 2.354685783386230469e+00 5.088136669057736071e+03 3.035232151486832564e+00
3.000000000000000000e+01 4.924310684204101562e+00 4.728626002948519272e+03 0.000000000000000000e+00
3.100000000000000000e+01 2.430296421051025391e+00 4.743939573798294077e+03 0.000000000000000000e+00
3.200000000000000000e+01 2.383452653884887695e+00 4.683299325233250784e+03 -4.893041139088891711e+00
3.300000000000000000e+01 2.273337602615356445e+00 4.620677566843285604e+03 -3.106010573301202449e+00
3.400000000000000000e+01 2.674799442291259766e+00 4.223072671743157116e+03 -8.514021020024854280e+00
3.500000000000000000e+01 2.410269975662231445e+00 3.854727995699032817e+03 -3.449239913781603217e+00
3.600000000000000000e+01 2.284837722778320312e+00 3.502456773402830549e+03 -2.700465041263795829e+00
3.700000000000000000e+01 2.090476036071777344e+00 3.497130852831751326e+03 -1.701143642681397061e+00
3.800000000000000000e+01 2.449897766113281250e+00 3.649123233700518540e+03 -1.069290193892664886e+00
3.900000000000000000e+01 4.592234516143798828e+01 1.450551833216291197e+04 1.895512294705465095e+01
3.900000000000000000e+01 2.736990451812744141e-01 1.784126833998936490e+03 0.000000000000000000e+00
4.000000000000000000e+01 4.354247593879699707e+01 1.288913287492851123e+04 1.689797583294234684e+01
4.000000000000000000e+01 2.802853584289550781e-01 2.418176769452435565e+03 0.000000000000000000e+00
