1.733438326327658433e+05
1.000000000000000000e+00 1.665427684783935547e-01 8.585562802470931274e+03 0.000000000000000000e+00
2.000000000000000000e+00 1.323862075805664062e-01 8.944522804713184087e+03 -5.463809744336469709e-01
3.000000000000000000e+00 1.615800857543945312e-01 9.411100977519519802e+03 -2.006270920327294094e-01
4.000000000000000000e+00 1.446321010589599609e-01 1.154641650994586598e+04 1.318139029787401162e+00
5.000000000000000000e+00 1.053695678710937500e-01 1.204865076231148851e+04 1.343588628493659565e+00
6.000000000000000000e+00 1.005616188049316406e-01 1.158376560704742769e+04 7.698188664837594120e-01
7.000000000000000000e+00 1.007161140441894531e-01 1.159141827345801175e+04 6.937951826917408971e-01
8.000000000000000000e+00 1.097292900085449219e-01 1.145950522570932117e+04 5.419084654541854729e-01
9.000000000000000000e+00 1.136415004730224609e-01 1.123504451711575712e+04 3.414148479361734378e-01
1.000000000000000000e+01 1.533544063568115234e-01 1.095483001177999358e+04 1.077891340569280682e-01
1.100000000000000000e+01 2.034473419189453125e-01 1.074330808303863523e+04 -6.854387708045990568e-02
1.200000000000000000e+01 1.168861389160156250e-01 1.076943374052908621e+04 -4.363742319116133139e-02
1.300000000000000000e+01 1.259460449218750000e-01 1.058411984329548613e+04 -2.068742183861344841e-01
1.400000000000000000e+01 1.057622432708740234e-01 1.045446511833597469e+04 -3.194274466390473743e-01
1.500000000000000000e+01 1.273047924041748047e-01 1.023071047992347485e+04 -5.220591264938133635e-01
1.600000000000000000e+01 1.416747570037841797e-01 1.022024689088711966e+04 -5.123037525587442742e-01
1.700000000000000000e+01 1.512777805328369141e-01 1.006075957140413084e+04 -6.540646063067444560e-01
1.800000000000000000e+01 1.144602298736572266e-01 9.954373741771283676e+03 -7.375888234200002058e-01
1.900000000000000000e+01 9.912061691284179688e-02 1.121778317811071793e+04 6.007412713488311518e-01
2.000000000000000000e+01 1.160850524902343750e-01 1.359115269840382098e+04 3.083722038496319762e+00
2.000000000000000000e+01 2.114260196685791016e-01 1.129575703253143183e+04 0.000000000000000000e+00
2.100000000000000000e+01 9.651374816894531250e-02 1.488631029458493140e+04 0.000000000000000000e+00
2.200000000000000000e+01 9.677672386169433594e-02 1.603968285852166264e+04 1.161386387515376040e+00
2.300000000000000000e+01 9.667253494262695312e-02 1.566860447837668653e+04 6.445513635180332157e-01
2.400000000000000000e+01 9.595346450805664062e-02 1.497984777866596232e+04 2.335702035244102415e-01
2.500000000000000000e+01 6.977098226547241211e+00 2.829403833503351780e+04 7.242269656859097182e+00
2.500000000000000000e+01 1.478526592254638672e-01 8.789432286390716399e+03 0.000000000000000000e+00
2.600000000000000000e+01 1.036694049835205078e-01 1.597738869141908071e+04 1.605967625104131047e+00
2.700000000000000000e+01 1.406881809234619141e-01 7.290913051114604059e+03 -1.479033139458296731e+00
2.800000000000000000e+01 1.493105888366699219e-01 6.649228388067939704e+03 -1.167705957524029170e+00
2.900000000000000000e+01 1.171400547027587891e-01 6.999934740885365500e+03 -8.368598130989268746e-01
3.000000000000000000e+01 1.084144115447998047e-01 8.406656124151902986e+03 -3.644178496191468053e-01
3.100000000000000000e+01 1.331517696380615234e-01 9.156403038744996593e+03 -1.282278654412963848e-01
3.200000000000000000e+01 1.096847057342529297e-01 9.380114912707636904e+03 -5.340749733666808746e-02
3.300000000000000000e+01 1.544725894927978516e-01 8.587610883272667706e+03 -3.068432897575325002e-01
3.400000000000000000e+01 1.224203109741210938e-01 8.271396426984158097e+03 -3.991870457388253524e-01
3.500000000000000000e+01 1.320171356201171875e-01 8.045437606716538539e+03 -4.600491435879583979e-01
3.600000000000000000e+01 1.056215763092041016e-01 7.803885340818615987e+03 -5.275292980120424025e-01
3.700000000000000000e+01 1.330502033233642578e-01 7.662613292598009139e+03 -5.567883376924719352e-01
3.800000000000000000e+01 1.062574386596679688e-01 7.561862994956039074e+03 -5.714157303207058058e-01
3.900000000000000000e+01 1.313347816467285156e-01 1.994324933181149026e+04 4.448420283045567025e+00
3.900000000000000000e+01 2.578401565551757812e-01 1.794358222440533063e+04 0.000000000000000000e+00
4.000000000000000000e+01 1.292188167572021484e-01 1.625543125539504945e+04 0.000000000000000000e+00
