1.603433257719726535e+05
1.000000000000000000e+00 1.431280374526977539e+00 4.649269650991710478e+03 0.000000000000000000e+00
2.000000000000000000e+00 1.368549108505249023e+00 5.565633956542386841e+03 1.693252958729553281e+00
3.000000000000000000e+00 1.315271854400634766e+00 6.570803166399921793e+03 1.832162196949721711e+00
4.000000000000000000e+00 1.237921237945556641e+00 8.202779583742507384e+03 2.305973410448148631e+00
5.000000000000000000e+00 1.340865850448608398e+00 7.863181915032437246e+03 1.186594235815470411e+00
6.000000000000000000e+00 1.208589076995849609e+00 6.798545216516032269e+03 4.072041915426796166e-01
7.000000000000000000e+00 1.226175546646118164e+00 6.522866357343257732e+03 2.190121903165993256e-01
8.000000000000000000e+00 1.203106880187988281e+00 6.353648436457643584e+03 1.018716201079672423e-01
9.000000000000000000e+00 1.237160205841064453e+00 6.101823834037611960e+03 -6.923889104970001873e-02
1.000000000000000000e+01 1.297512769699096680e+00 5.697607644082543629e+03 -3.485849125907667934e-01
1.100000000000000000e+01 1.226051330566406250e+00 5.518089721317632211e+03 -4.634538077551124124e-01
1.200000000000000000e+01 1.476323843002319336e+00 7.158683387922997099e+03 8.064533355616746446e-01
1.300000000000000000e+01 1.402723312377929688e+00 6.591375827536412544e+03 3.183172612413761038e-01
1.400000000000000000e+01 1.182990789413452148e+00 5.861058021038123115e+03 -2.792301874126715822e-01
1.500000000000000000e+01 1.212402582168579102e+00 5.636875178392898306e+03 -4.557498680883390052e-01
1.600000000000000000e+01 1.228905677795410156e+00 6.045375944656019783e+03 -9.071656737153262207e-02
1.700000000000000000e+01 1.208302736282348633e+00 5.487854059164020327e+03 -5.792640960064985300e-01
1.800000000000000000e+01 1.203655242919921875e+00 5.404938820784821473e+03 -6.329679763352957789e-01
1.900000000000000000e+01 1.338133096694946289e+00 7.370589978895125569e+03 1.188369464191337155e+00
2.000000000000000000e+01 1.317635297775268555e+00 8.864310321854181893e+03 2.473614298386534127e+00
2.100000000000000000e+01 1.273034334182739258e+00 9.264776233484088152e+03 2.440396951003343862e+00
2.200000000000000000e+01 1.260704994201660156e+00 1.055972905688738501e+04 3.059445623848648932e+00
2.200000000000000000e+01 2.530563592910766602e+00 8.562321314859114864e+03 0.000000000000000000e+00
2.300000000000000000e+01 1.209909200668334961e+00 1.062704839396635361e+04 0.000000000000000000e+00
2.400000000000000000e+01 1.233316421508789062e+00 1.063740412998405009e+04 7.141998359891772452e-01
2.500000000000000000e+01 7.735662078857421875e+01 2.217643944868643666e+04 1.023719716533703661e+01
2.500000000000000000e+01 1.108585834503173828e+00 2.662521825768168128e+03 0.000000000000000000e+00
2.600000000000000000e+01 7.273613142967224121e+01 2.684418459217135751e+04 2.498134776142616076e+01
2.600000000000000000e+01 1.082297086715698242e+00 1.761531991418254165e+03 0.000000000000000000e+00
2.700000000000000000e+01 1.399682283401489258e+00 1.641048094237809664e+03 -9.005633431681040468e-01
2.800000000000000000e+01 1.357958793640136719e+00 2.238945081212619243e+03 4.097642867188376892e-01
2.900000000000000000e+01 1.333680152893066406e+00 3.053936527406125151e+03 2.136214770169085675e+00
3.000000000000000000e+01 1.417221069335937500e+00 4.889524644226637974e+03 4.418993696651929426e+00
3.000000000000000000e+01 2.725427627563476562e+00 5.202025737226994352e+03 0.000000000000000000e+00
3.100000000000000000e+01 1.313293933868408203e+00 4.848698304368911522e+03 0.000000000000000000e+00
3.200000000000000000e+01 1.277491569519042969e+00 4.734672418370530067e+03 -1.163502009646744106e+00
3.300000000000000000e+01 1.254045486450195312e+00 4.387293263919893434e+03 -2.220888712218151539e+00
3.400000000000000000e+01 1.299563169479370117e+00 3.816818313945369027e+03 -2.907033616294758982e+00
3.500000000000000000e+01 1.311120033264160156e+00 3.300418362213996261e+03 -2.473059170889019054e+00
3.600000000000000000e+01 1.214211463928222656e+00 2.870612752889634066e+03 -2.135269094981926852e+00
3.700000000000000000e+01 1.214335918426513672e+00 2.891306066634829222e+03 -1.478072236333993539e+00
3.800000000000000000e+01 1.240164041519165039e+00 3.111321828665454632e+03 -9.765118572565610888e-01
3.900000000000000000e+01 7.619904017448425293e+01 1.541935220060147913e+04 1.267992634551554332e+01
3.900000000000000000e+01 9.998226165771484375e-01 1.063414714113533137e+03 0.000000000000000000e+00
4.000000000000000000e+01 7.054986882209777832e+01 2.239824087036362471e+04 5.603839448111757804e+01
4.000000000000000000e+01 1.019849061965942383e+00 1.615478287932913190e+03 0.000000000000000000e+00
