1.650865426587784605e+05
1.000000000000000000e+00 6.946275234222412109e-01 6.224383979396765426e+03 0.000000000000000000e+00
2.000000000000000000e+00 6.683783531188964844e-01 6.971777173977905477e+03 1.009143433594651973e-01
3.000000000000000000e+00 8.122022151947021484e-01 8.052966298165688386e+03 1.742304772577975891e+00
4.000000000000000000e+00 7.745919227600097656e-01 9.633013610022508146e+03 3.110920073821891396e+00
4.000000000000000000e+00 1.547306537628173828e+00 7.721789294840898947e+03 0.000000000000000000e+00
5.000000000000000000e+00 9.120409488677978516e-01 8.917525591061337764e+03 0.000000000000000000e+00
6.000000000000000000e+00 7.222893238067626953e-01 8.689181200427261501e+03 4.370407681807856326e-01
7.000000000000000000e+00 7.462649345397949219e-01 8.668151139465671804e+03 3.549489065035140722e-01
8.000000000000000000e+00 7.644519805908203125e-01 8.608994900204726946e+03 2.070724646384110856e-01
9.000000000000000000e+00 7.564513683319091797e-01 8.451969650509015992e+03 -1.497052165008591895e-01
1.000000000000000000e+01 7.246315479278564453e-01 8.138613951234786327e+03 -8.957627620809757163e-01
1.100000000000000000e+01 7.860882282257080078e-01 7.852696670556148092e+03 -1.497642135738194824e+00
1.200000000000000000e+01 7.062265872955322266e-01 8.693735559366368761e+03 7.269049301885870396e-01
1.300000000000000000e+01 7.670819759368896484e-01 8.774296748808965276e+03 8.625376162766619226e-01
1.400000000000000000e+01 7.697777748107910156e-01 8.427245781141858970e+03 -5.994461749379087490e-02
1.500000000000000000e+01 7.723202705383300781e-01 8.036153957915174942e+03 -1.067977152722059175e+00
1.600000000000000000e+01 7.344794273376464844e-01 7.965617549083594895e+03 -1.158842881380325540e+00
1.700000000000000000e+01 6.965744495391845703e-01 7.607527921268833779e+03 -1.973456806566749044e+00
1.800000000000000000e+01 7.040085792541503906e-01 7.505148975903600331e+03 -1.910450926937286908e+00
1.900000000000000000e+01 7.533159255981445312e-01 9.219172552811425703e+03 2.041295303770844782e+00
2.000000000000000000e+01 7.623996734619140625e-01 1.070627910164884634e+04 4.680451040791551165e+00
2.000000000000000000e+01 1.616163253784179688e+00 8.662068076221088631e+03 0.000000000000000000e+00
2.100000000000000000e+01 7.055099010467529297e-01 1.000744896068804883e+04 0.000000000000000000e+00
2.200000000000000000e+01 7.122395038604736328e-01 1.206413216964573257e+04 2.869014476764782273e+00
2.300000000000000000e+01 8.353297710418701172e-01 1.247541144010400058e+04 1.302023546008850063e+00
2.400000000000000000e+01 7.543301582336425781e-01 1.220609338983359521e+04 7.846043505259816531e-01
2.500000000000000000e+01 2.113132596015930176e+01 2.260190968039156360e+04 6.889850301057750315e+00
2.500000000000000000e+01 1.818883419036865234e-01 5.495544029737623532e+03 0.000000000000000000e+00
2.600000000000000000e+01 2.131048083305358887e+01 2.043602581737822766e+04 6.982407435471759349e+00
2.600000000000000000e+01 1.783273220062255859e-01 3.888882787877223564e+03 0.000000000000000000e+00
2.700000000000000000e+01 7.525365352630615234e-01 3.160698455646383536e+03 -1.236723236461908737e+00
2.800000000000000000e+01 7.313690185546875000e-01 3.559786293115327226e+03 -5.316151923156609005e-01
2.900000000000000000e+01 8.510496616363525391e-01 4.382116583162872303e+03 2.287957711136264782e-01
3.000000000000000000e+01 7.275695800781250000e-01 6.251879639116398721e+03 2.017124855189428967e+00
3.100000000000000000e+01 9.062809944152832031e-01 6.549498067534027541e+03 1.619203402881758569e+00
3.200000000000000000e+01 8.463075160980224609e-01 6.525319760851846695e+03 1.245334416927364352e+00
3.300000000000000000e+01 9.538555145263671875e-01 6.197358805252095408e+03 8.314918630435856883e-01
3.400000000000000000e+01 7.031707763671875000e-01 5.807244045827775153e+03 4.754340898493265022e-01
3.500000000000000000e+01 7.632117271423339844e-01 5.428660255589164080e+03 1.613927496737923850e-01
3.600000000000000000e+01 7.259440422058105469e-01 5.064567448394046551e+03 -1.358973180013444138e-01
3.700000000000000000e+01 7.502028942108154297e-01 4.933186961513429196e+03 -2.403346099453209095e-01
3.800000000000000000e+01 8.993408679962158203e-01 4.915221956994565517e+03 -2.467951847384269315e-01
3.900000000000000000e+01 2.192024874687194824e+01 1.589954634004076979e+04 9.693621282691337271e+00
3.900000000000000000e+01 1.834101676940917969e-01 3.059853326971204297e+03 0.000000000000000000e+00
4.000000000000000000e+01 2.250997066497802734e+01 1.322522416698627967e+04 8.689425517785696940e+00
4.000000000000000000e+01 1.767611503601074219e-01 3.895753208859476672e+03 0.000000000000000000e+00
