1.955013049573480384e+05
1.000000000000000000e+00 6.332254409790039062e-02 1.082444459210964305e+04 0.000000000000000000e+00
2.000000000000000000e+00 7.389497756958007812e-02 1.128191749519004406e+04 -5.582521696844742198e-01
3.000000000000000000e+00 7.535433769226074219e-02 1.197545924739881775e+04 -1.885222753650384331e-01
4.000000000000000000e+00 8.333802223205566406e-02 1.304934796735371492e+04 3.750538531441879320e-01
5.000000000000000000e+00 6.810855865478515625e-02 1.416603622443234235e+04 9.850454828307700916e-01
6.000000000000000000e+00 6.580829620361328125e-02 1.416404400475866169e+04 8.358758521233425887e-01
7.000000000000000000e+00 6.309461593627929688e-02 1.426850784298848339e+04 8.053704027093053774e-01
8.000000000000000000e+00 6.579971313476562500e-02 1.424767324383576852e+04 7.144176843283398526e-01
9.000000000000000000e+00 6.280064582824707031e-02 1.412114914468896313e+04 5.754004949893046783e-01
1.000000000000000000e+01 6.346654891967773438e-02 1.393987300383550973e+04 4.162243531562662135e-01
1.100000000000000000e+01 6.332945823669433594e-02 1.379311264000763549e+04 2.912663432386847218e-01
1.200000000000000000e+01 6.560301780700683594e-02 1.348468798401271124e+04 5.028711977869480820e-02
1.300000000000000000e+01 6.731677055358886719e-02 1.300661975807422459e+04 -3.216672570371633122e-01
1.400000000000000000e+01 7.006049156188964844e-02 1.282083079562798775e+04 -4.587756291213843096e-01
1.500000000000000000e+01 8.075284957885742188e-02 1.253776598359471063e+04 -6.750545759279092950e-01
1.600000000000000000e+01 8.799672126770019531e-02 1.223279598861793238e+04 -9.023902317514924665e-01
1.700000000000000000e+01 7.414937019348144531e-02 1.219139602034079144e+04 -8.907341793159584409e-01
1.800000000000000000e+01 1.283011436462402344e-01 1.222719605661625246e+04 -8.168922527136286416e-01
1.900000000000000000e+01 6.310272216796875000e-02 1.324247273564144416e+04 9.569542629208614704e-02
2.000000000000000000e+01 6.383109092712402344e-02 1.520260955500883210e+04 1.833766245324170319e+00
2.100000000000000000e+01 9.042954444885253906e-02 1.699277087372583992e+04 3.166123699440795747e+00
2.100000000000000000e+01 1.558415889739990234e-01 1.437491741649785945e+04 0.000000000000000000e+00
2.200000000000000000e+01 8.856105804443359375e-02 1.778989805335243727e+04 0.000000000000000000e+00
2.300000000000000000e+01 6.175351142883300781e-02 1.792929928300089523e+04 7.648356911114707612e-01
2.400000000000000000e+01 9.010410308837890625e-02 1.650602058977527486e+04 -9.538460190516520609e-02
2.500000000000000000e+01 3.535889863967895508e+00 2.921414003486940783e+04 7.630881595686724417e+00
2.500000000000000000e+01 6.956481933593750000e-02 1.092227127432295492e+04 0.000000000000000000e+00
2.600000000000000000e+01 6.454420089721679688e-02 1.568621906025399039e+04 5.265632861628047889e-01
2.700000000000000000e+01 6.941366195678710938e-02 9.271586610657406709e+03 -1.702098557255088851e+00
2.800000000000000000e+01 6.780433654785156250e-02 8.741519148696488628e+03 -1.233619175708310367e+00
2.900000000000000000e+01 7.834172248840332031e-02 9.021436306951423830e+03 -8.833495098764405640e-01
3.000000000000000000e+01 6.824254989624023438e-02 1.001785695508556273e+04 -4.762568489691117457e-01
3.100000000000000000e+01 6.093025207519531250e-02 1.063529140287741939e+04 -2.475688065474442034e-01
3.200000000000000000e+01 6.360697746276855469e-02 1.101742957745995045e+04 -1.057132517632457108e-01
3.300000000000000000e+01 6.938481330871582031e-02 1.053251889338723231e+04 -2.728525591788914517e-01
3.400000000000000000e+01 6.089067459106445312e-02 1.029905529084850241e+04 -3.470861022139815066e-01
3.500000000000000000e+01 6.107759475708007812e-02 1.009316186844082222e+04 -4.116370118276552748e-01
3.600000000000000000e+01 6.065630912780761719e-02 9.840436890695324109e+03 -4.962422415567015466e-01
3.700000000000000000e+01 6.093835830688476562e-02 9.649165160521213693e+03 -5.545763559720250369e-01
3.800000000000000000e+01 7.227253913879394531e-02 9.477873938803093552e+03 -6.043485285900421777e-01
3.900000000000000000e+01 7.696294784545898438e-02 2.101132164836975426e+04 4.569387245197905401e+00
3.900000000000000000e+01 1.337258815765380859e-01 1.853279850130859995e+04 0.000000000000000000e+00
4.000000000000000000e+01 9.781694412231445312e-02 1.746653188427070927e+04 0.000000000000000000e+00
