1.083583002066779736e+05
1.000000000000000000e+00 3.027299165725708008e+00 4.949920920070844659e+03 0.000000000000000000e+00
2.000000000000000000e+00 3.065402030944824219e+00 5.930230860635861973e+03 2.159504206496222878e+00
3.000000000000000000e+00 2.957418680191040039e+00 6.874242492340456920e+03 1.980181132779064379e+00
4.000000000000000000e+00 3.363187789916992188e+00 8.334686815374729122e+03 2.333541897179997271e+00
5.000000000000000000e+00 3.245816707611083984e+00 8.006095029223127312e+03 1.181432612734807819e+00
6.000000000000000000e+00 3.679290056228637695e+00 6.751948377769324907e+03 2.358438395331877713e-01
7.000000000000000000e+00 3.100167989730834961e+00 6.588875574637438149e+03 1.164852024863635149e-01
8.000000000000000000e+00 3.226946115493774414e+00 6.397886143481825457e+03 -2.134069955637630731e-02
9.000000000000000000e+00 3.226350784301757812e+00 6.187380777511481028e+03 -1.750099713267350421e-01
1.000000000000000000e+01 3.258239269256591797e+00 5.875722485618832252e+03 -4.093385457681001927e-01
1.100000000000000000e+01 3.358565807342529297e+00 5.780742076717621785e+03 -4.662475790298850065e-01
1.200000000000000000e+01 3.337294101715087891e+00 7.353384136844159002e+03 8.848258895344298658e-01
1.300000000000000000e+01 3.043538808822631836e+00 6.782348087212864812e+03 3.382416565588078905e-01
1.400000000000000000e+01 2.935668230056762695e+00 6.137755283303255965e+03 -2.455097274228376647e-01
1.500000000000000000e+01 3.123342990875244141e+00 5.942913753501023166e+03 -4.159984261539914630e-01
1.600000000000000000e+01 3.225841760635375977e+00 6.256425746089745189e+03 -1.054147783941786765e-01
1.700000000000000000e+01 3.032626390457153320e+00 5.732254134017692195e+03 -6.132959532705802852e-01
1.800000000000000000e+01 3.171881675720214844e+00 5.691260744602554951e+03 -6.312633812448852355e-01
1.900000000000000000e+01 2.887758016586303711e+00 7.537264255398190471e+03 1.258165219613000652e+00
2.000000000000000000e+01 3.182166576385498047e+00 8.832264684527866848e+03 2.472296312760314141e+00
2.100000000000000000e+01 3.193965911865234375e+00 9.299581433580769954e+03 2.532260818082081588e+00
2.200000000000000000e+01 3.280255556106567383e+00 1.052516474665726491e+04 3.151885284801748011e+00
2.200000000000000000e+01 6.466774225234985352e+00 8.657260615346269333e+03 0.000000000000000000e+00
2.300000000000000000e+01 3.170462369918823242e+00 9.136837168174881299e+03 0.000000000000000000e+00
2.400000000000000000e+01 3.130744695663452148e+00 1.040512794420414866e+04 4.447143707333534479e+00
2.400000000000000000e+01 6.216424942016601562e+00 8.464169905780037880e+03 0.000000000000000000e+00
2.500000000000000000e+01 3.035828113555908203e+00 2.125925815048760342e+04 0.000000000000000000e+00
2.600000000000000000e+01 3.580694437026977539e+00 6.593854969163662645e+03 -9.138286652943745647e-01
2.700000000000000000e+01 2.975490570068359375e+00 6.057029571543265774e+03 -7.577841144540865548e-01
2.800000000000000000e+01 3.185014247894287109e+00 5.935288313105189445e+03 -6.483427391894148739e-01
2.900000000000000000e+01 3.119136333465576172e+00 6.139323348411588086e+03 -5.368338879372934747e-01
3.000000000000000000e+01 3.163022279739379883e+00 7.403494149007926353e+03 -2.765873009510347869e-01
3.100000000000000000e+01 2.969582557678222656e+00 7.484743748741413583e+03 -2.433824348699065998e-01
3.200000000000000000e+01 3.452384710311889648e+00 7.572170127597987630e+03 -2.121007490565704756e-01
3.300000000000000000e+01 3.335291862487792969e+00 7.119579677888409606e+03 -2.944330467255828476e-01
3.400000000000000000e+01 3.046316146850585938e+00 6.540733570716233771e+03 -4.058655183010567158e-01
3.500000000000000000e+01 3.023729801177978516e+00 6.104762667754494032e+03 -4.850699655823790812e-01
3.600000000000000000e+01 2.961802959442138672e+00 5.774646321340858776e+03 -5.394540739373366867e-01
3.700000000000000000e+01 3.169567823410034180e+00 5.650366643933360137e+03 -5.441866823679594178e-01
3.800000000000000000e+01 3.104058504104614258e+00 5.622980518242967264e+03 -5.269017536572886407e-01
3.900000000000000000e+01 3.133796691894531250e+00 1.575043027903715665e+04 2.107716672339185138e+00
4.000000000000000000e+01 3.114867687225341797e+00 1.056074995414261866e+04 5.788216778795591821e-01
