1.636533433400279901e+05
1.000000000000000000e+00 9.095895290374755859e-01 4.947306847863218536e+03 0.000000000000000000e+00
2.000000000000000000e+00 9.344379901885986328e-01 5.792635544004031544e+03 3.067146168146528851e+00
2.000000000000000000e+00 1.854206562042236328e+00 5.955973558915105968e+03 0.000000000000000000e+00
3.000000000000000000e+00 9.217431545257568359e-01 7.133688516056037770e+03 0.000000000000000000e+00
4.000000000000000000e+00 8.988108634948730469e-01 9.039761113128932266e+03 2.995940510692816972e+00
5.000000000000000000e+00 9.205534458160400391e-01 8.897272453724159277e+03 9.772738903024371648e-01
6.000000000000000000e+00 9.928154945373535156e-01 7.940767834435593613e+03 1.243243240438015873e-01
7.000000000000000000e+00 1.035958051681518555e+00 7.650058663833023274e+03 -1.116207765072404212e-01
8.000000000000000000e+00 9.732153415679931641e-01 7.497025097677340455e+03 -2.368373092094192833e-01
9.000000000000000000e+00 8.969972133636474609e-01 7.300845335204812727e+03 -4.071629184013333957e-01
1.000000000000000000e+01 8.926210403442382812e-01 6.888589358765645557e+03 -7.970657294841160256e-01
1.100000000000000000e+01 8.899137973785400391e-01 6.588426467291864356e+03 -1.040698076701326968e+00
1.200000000000000000e+01 9.064648151397705078e-01 8.000966361133601822e+03 5.328183499987485527e-01
1.300000000000000000e+01 9.465615749359130859e-01 7.592877500490850252e+03 6.180739863735966455e-02
1.400000000000000000e+01 8.969585895538330078e-01 6.917513086795919662e+03 -7.069608548864846354e-01
1.500000000000000000e+01 9.190621376037597656e-01 6.601662891129534728e+03 -1.034475743571292350e+00
1.600000000000000000e+01 8.874561786651611328e-01 6.836216767011843331e+03 -6.884078046462512868e-01
1.700000000000000000e+01 9.214420318603515625e-01 6.355063020974016581e+03 -1.225990036703481501e+00
1.800000000000000000e+01 9.117619991302490234e-01 6.218000868666777023e+03 -1.294285925667644666e+00
1.900000000000000000e+01 9.097778797149658203e-01 8.034514851644014016e+03 8.901838259791701180e-01
2.000000000000000000e+01 9.140257835388183594e-01 9.624789711652201731e+03 2.687730549954687298e+00
2.100000000000000000e+01 8.871130943298339844e-01 1.017519769321869535e+04 2.765889604566407645e+00
2.200000000000000000e+01 9.154279232025146484e-01 1.161686434628437564e+04 3.535771617373211217e+00
2.200000000000000000e+01 1.853632688522338867e+00 8.944059431676054373e+03 0.000000000000000000e+00
2.300000000000000000e+01 9.088742733001708984e-01 1.141773133661520660e+04 0.000000000000000000e+00
2.400000000000000000e+01 9.319286346435546875e-01 1.125077260283906071e+04 6.116554381076952929e-01
2.500000000000000000e+01 4.972111463546752930e+01 2.373495141427945418e+04 9.546055006135878429e+00
2.500000000000000000e+01 8.703477382659912109e-01 3.416699344795228626e+03 0.000000000000000000e+00
2.600000000000000000e+01 4.899033951759338379e+01 2.140255700310818793e+04 1.418202525206972631e+01
2.600000000000000000e+01 7.860333919525146484e-01 2.353011304200836094e+03 0.000000000000000000e+00
2.700000000000000000e+01 9.253156185150146484e-01 1.982990346020535753e+03 -1.151888883581585032e+00
2.800000000000000000e+01 9.259247779846191406e-01 2.516010700732106216e+03 -1.310492057314476266e-01
2.900000000000000000e+01 9.149360656738281250e-01 3.327658471150805326e+03 1.107023663882485298e+00
3.000000000000000000e+01 9.240484237670898438e-01 5.483724170755302112e+03 4.155258876781631194e+00
3.000000000000000000e+01 1.847545385360717773e+00 5.325501322872918536e+03 0.000000000000000000e+00
3.100000000000000000e+01 9.389915466308593750e-01 5.498081609485930130e+03 0.000000000000000000e+00
3.200000000000000000e+01 9.363021850585937500e-01 5.362621489273353291e+03 -4.029246304247012800e-01
3.300000000000000000e+01 8.926591873168945312e-01 5.141123006099485792e+03 -2.799194130339854869e+00
3.400000000000000000e+01 8.783862590789794922e-01 4.416768054184675748e+03 -6.216781513672286152e+00
3.500000000000000000e+01 8.841125965118408203e-01 3.834013632078621413e+03 -3.067511067090922694e+00
3.600000000000000000e+01 8.755915164947509766e-01 3.391642585265389698e+03 -2.331724512396489146e+00
3.700000000000000000e+01 8.784475326538085938e-01 3.359795636935675702e+03 -1.613165317001005628e+00
3.800000000000000000e+01 8.828492164611816406e-01 3.544107746560104715e+03 -1.095558100387709954e+00
3.900000000000000000e+01 5.058529138565063477e+01 1.632303166632695866e+04 1.301285824245749900e+01
3.900000000000000000e+01 7.215073108673095703e-01 1.573781409918168038e+03 0.000000000000000000e+00
4.000000000000000000e+01 5.135819745063781738e+01 2.014574677949667966e+04 3.267075006736660470e+01
4.000000000000000000e+01 7.196054458618164062e-01 2.140788632389471786e+03 0.000000000000000000e+00
