1.445734632656416507e+05
1.000000000000000000e+00 3.211351394653320312e+00 4.795076441487278316e+03 0.000000000000000000e+00
2.000000000000000000e+00 3.545646190643310547e+00 5.752637378288137370e+03 1.614211871702615930e+00
3.000000000000000000e+00 3.154366970062255859e+00 6.566520824744512538e+03 1.578947821028833465e+00
4.000000000000000000e+00 3.315214633941650391e+00 8.057236058057139417e+03 2.105510469382709804e+00
5.000000000000000000e+00 3.166237592697143555e+00 7.721809839275178092e+03 1.129716024533569563e+00
6.000000000000000000e+00 3.164944887161254883e+00 6.409207663714205410e+03 2.085782022789556545e-01
7.000000000000000000e+00 3.402627229690551758e+00 6.265150744205265255e+03 1.080489606219622034e-01
8.000000000000000000e+00 3.146089553833007812e+00 6.086037272174376085e+03 -1.480207511804030977e-02
9.000000000000000000e+00 3.291541099548339844e+00 5.864878367534297468e+03 -1.682826966474227914e-01
1.000000000000000000e+01 3.145028114318847656e+00 5.560239704534295015e+03 -3.853428736730171167e-01
1.100000000000000000e+01 3.200891256332397461e+00 5.448195705536748392e+03 -4.530886094257189911e-01
1.200000000000000000e+01 3.040388584136962891e+00 7.017471120950422119e+03 8.282531443041195596e-01
1.300000000000000000e+01 3.152856826782226562e+00 6.384000922466416341e+03 2.599954595439145644e-01
1.400000000000000000e+01 3.367789506912231445e+00 5.617378228882620533e+03 -3.982720496145173428e-01
1.500000000000000000e+01 3.608790874481201172e+00 5.564378925592390260e+03 -4.298660772705056865e-01
1.600000000000000000e+01 3.230267524719238281e+00 6.048936611699332389e+03 2.081069652137017278e-02
1.700000000000000000e+01 3.163137197494506836e+00 5.545847290765922480e+03 -4.466393764361076824e-01
1.800000000000000000e+01 3.183362960815429688e+00 5.471407693715362257e+03 -5.030613444982380278e-01
1.900000000000000000e+01 3.561964988708496094e+00 7.310636112875679828e+03 1.300239967907517391e+00
2.000000000000000000e+01 3.384303569793701172e+00 8.355875920847467569e+03 2.215845987797563144e+00
2.100000000000000000e+01 3.502191781997680664e+00 8.648975892148089770e+03 2.197279044434620854e+00
2.200000000000000000e+01 3.104836463928222656e+00 9.900170383808830593e+03 2.953716811296243971e+00
2.300000000000000000e+01 3.394056558609008789e+00 9.879276136051305002e+03 2.431591967712714464e+00
2.400000000000000000e+01 3.213103055953979492e+00 1.058213051501076552e+04 2.575348615679187603e+00
2.500000000000000000e+01 7.607721447944641113e+01 2.139993399258438149e+04 8.505421912618194469e+00
2.500000000000000000e+01 4.089469909667968750e-01 2.659107864516131031e+03 0.000000000000000000e+00
2.600000000000000000e+01 7.636644506454467773e+01 2.034733787178839702e+04 1.810742504316355195e+01
2.600000000000000000e+01 4.066550731658935547e-01 1.756728500641621849e+03 0.000000000000000000e+00
2.700000000000000000e+01 3.350799798965454102e+00 1.666759227228741111e+03 -8.519621377323974842e-01
2.800000000000000000e+01 3.403561592102050781e+00 2.288462851411102292e+03 5.026932275652126192e-01
2.900000000000000000e+01 3.368268966674804688e+00 3.048763925734152963e+03 2.104825799802203523e+00
3.000000000000000000e+01 3.297855377197265625e+00 4.790243142965216975e+03 4.295375542737203567e+00
3.000000000000000000e+01 6.587395191192626953e+00 4.563259558981210830e+03 0.000000000000000000e+00
3.100000000000000000e+01 3.449223279953002930e+00 4.288953225767022559e+03 0.000000000000000000e+00
3.200000000000000000e+01 3.439804077148437500e+00 4.211151252173134708e+03 -1.108222588272034237e+00
3.300000000000000000e+01 3.099972248077392578e+00 4.019523152649995609e+03 -1.810760928547540560e+00
3.400000000000000000e+01 3.203174352645874023e+00 3.446706769402379905e+03 -3.654056229617629992e+00
3.500000000000000000e+01 3.228281736373901367e+00 2.951057912168699659e+03 -2.769043022680580002e+00
3.600000000000000000e+01 3.180088281631469727e+00 2.637181778344528084e+03 -2.122870330702347097e+00
3.700000000000000000e+01 3.393417119979858398e+00 2.779216065423688633e+03 -1.302769410846029485e+00
3.800000000000000000e+01 3.532139778137207031e+00 3.018965994456722456e+03 -7.850584339483184237e-01
3.900000000000000000e+01 7.797496819496154785e+01 1.370122018024031968e+04 1.383693195012315869e+01
3.900000000000000000e+01 4.102358818054199219e-01 1.068247244127321437e+03 0.000000000000000000e+00
4.000000000000000000e+01 7.883609628677368164e+01 1.268804227810567136e+04 3.005893884989234266e+01
4.000000000000000000e+01 4.042763710021972656e-01 1.625865046834116583e+03 0.000000000000000000e+00
