1.587020305632593227e+05
1.000000000000000000e+00 5.605251789093017578e-01 5.565351849069589662e+03 0.000000000000000000e+00
2.000000000000000000e+00 3.509398245811462402e+01 6.664316036568403433e+03 1.341580326037223081e+01
2.000000000000000000e+00 2.402708530426025391e-01 3.815690956973027824e+03 0.000000000000000000e+00
3.000000000000000000e+00 4.654462337493896484e-01 7.474045847698830585e+03 2.004693079325552851e+00
4.000000000000000000e+00 5.452647209167480469e-01 8.587138724137061217e+03 1.593694002721306235e+00
5.000000000000000000e+00 5.951797962188720703e-01 8.834435726920464731e+03 1.166127897993281870e+00
6.000000000000000000e+00 6.372437477111816406e-01 8.069258975948936495e+03 5.602357264414985494e-01
7.000000000000000000e+00 5.410270690917968750e-01 7.827503097826153862e+03 3.816105949451906731e-01
8.000000000000000000e+00 5.485985279083251953e-01 7.635319028747721859e+03 2.471901407391686456e-01
9.000000000000000000e+00 6.149604320526123047e-01 7.416625919776717637e+03 1.019804470095838217e-01
1.000000000000000000e+01 5.547468662261962891e-01 7.024224241377040926e+03 -1.535195252074988970e-01
1.100000000000000000e+01 7.270414829254150391e-01 6.776730625698875883e+03 -3.136202570793119038e-01
1.200000000000000000e+01 5.333516597747802734e-01 8.123922464767946622e+03 6.559501820535321714e-01
1.300000000000000000e+01 5.751552581787109375e-01 8.012553004472262728e+03 5.373404062460124253e-01
1.400000000000000000e+01 5.362422466278076172e-01 7.467305386128948157e+03 1.015426219026476506e-01
1.500000000000000000e+01 5.880093574523925781e-01 7.072914132699525908e+03 -2.107162821352273618e-01
1.600000000000000000e+01 5.245404243469238281e-01 7.209245532952763824e+03 -9.316404989551191340e-02
1.700000000000000000e+01 5.649259090423583984e-01 6.814590647107846053e+03 -4.217007355413723846e-01
1.800000000000000000e+01 5.646684169769287109e-01 6.659260844790956071e+03 -5.415769986317782170e-01
1.900000000000000000e+01 5.280194282531738281e-01 8.654081611419918772e+03 1.235101850583783190e+00
2.000000000000000000e+01 5.733141899108886719e-01 1.022602205946001231e+04 2.524258437833222235e+00
2.100000000000000000e+01 5.221779346466064453e-01 1.073062189964505524e+04 2.521706459519627241e+00
2.200000000000000000e+01 5.346987247467041016e-01 1.215892803180492410e+04 3.132937543022827231e+00
2.200000000000000000e+01 1.067045688629150391e+00 9.825992223644330807e+03 0.000000000000000000e+00
2.300000000000000000e+01 5.436267852783203125e-01 1.129339933174407088e+04 0.000000000000000000e+00
2.400000000000000000e+01 6.304292678833007812e-01 1.190217737839700567e+04 1.293816607859312295e+00
2.500000000000000000e+01 3.638550400733947754e+01 2.649681107474531746e+04 1.451326044747590771e+01
2.500000000000000000e+01 2.429661750793457031e-01 4.209415781917716231e+03 0.000000000000000000e+00
2.600000000000000000e+01 3.532933759689331055e+01 2.052608179541408390e+04 1.025652882265305976e+01
2.600000000000000000e+01 2.399938106536865234e-01 2.924483153687726826e+03 0.000000000000000000e+00
2.700000000000000000e+01 5.541541576385498047e-01 2.457735081759389232e+03 -1.158524292482651541e+00
2.800000000000000000e+01 6.315560340881347656e-01 2.939336246923164708e+03 -3.149633658556756921e-01
2.900000000000000000e+01 5.862038135528564453e-01 3.874389802388220687e+03 8.332535349074841058e-01
3.000000000000000000e+01 5.476818084716796875e-01 6.098305117899272773e+03 3.525731430558178392e+00
3.000000000000000000e+01 1.144758224487304688e+00 5.068995392823362636e+03 0.000000000000000000e+00
3.100000000000000000e+01 5.491993427276611328e-01 6.227162370768243818e+03 0.000000000000000000e+00
3.200000000000000000e+01 5.843942165374755859e-01 6.125975298350812409e+03 5.835493556385616953e-01
3.300000000000000000e+01 5.382149219512939453e-01 5.670050625777389541e+03 -2.140864308093239354e-01
3.400000000000000000e+01 6.141164302825927734e-01 5.139267892090593705e+03 -1.199817918429055830e+00
3.500000000000000000e+01 6.068708896636962891e-01 4.568841127455423702e+03 -2.002140579958264333e+00
3.600000000000000000e+01 5.549929141998291016e-01 4.106769245263251833e+03 -2.085655120797934803e+00
3.700000000000000000e+01 6.880879402160644531e-01 4.025145751609175932e+03 -1.585965512953892098e+00
3.800000000000000000e+01 5.564155578613281250e-01 4.115657704646086131e+03 -1.175767730628853647e+00
3.900000000000000000e+01 3.717523264884948730e+01 1.718422530148190344e+04 1.410681509437142012e+01
3.900000000000000000e+01 2.423973083496093750e-01 2.126274366884702886e+03 0.000000000000000000e+00
4.000000000000000000e+01 3.541511940956115723e+01 1.374117164166815201e+04 1.474334073150715163e+01
4.000000000000000000e+01 2.387673854827880859e-01 2.763370517010059302e+03 0.000000000000000000e+00
