1.612153747004414618e+05
1.000000000000000000e+00 1.449204683303833008e+00 4.733850194543713769e+03 0.000000000000000000e+00
2.000000000000000000e+00 1.210385322570800781e+00 5.616434086370939440e+03 1.839920189966002928e+00
3.000000000000000000e+00 1.236963987350463867e+00 6.640953751654035841e+03 1.991694121177027377e+00
4.000000000000000000e+00 1.100915193557739258e+00 8.392885979283917550e+03 2.528293318648903387e+00
5.000000000000000000e+00 1.367000102996826172e+00 7.970986414037112809e+03 1.188785049751764022e+00
6.000000000000000000e+00 1.121238231658935547e+00 6.995861892881020140e+03 4.480110652077916589e-01
7.000000000000000000e+00 1.125034093856811523e+00 6.772049229345480853e+03 2.836966422595875170e-01
8.000000000000000000e+00 1.085658788681030273e+00 6.579684669189939996e+03 1.466640316843597636e-01
9.000000000000000000e+00 1.097910881042480469e+00 6.286822179749637144e+03 -5.569831864135557642e-02
1.000000000000000000e+01 1.300166130065917969e+00 5.902488667108333175e+03 -3.243708440583331076e-01
1.100000000000000000e+01 1.372473478317260742e+00 5.722844281073746060e+03 -4.421164186819419584e-01
1.200000000000000000e+01 1.137809514999389648e+00 7.374257816733902473e+03 8.489196404348708924e-01
1.300000000000000000e+01 1.085370540618896484e+00 6.858470778839936429e+03 3.924029158973297293e-01
1.400000000000000000e+01 1.076441764831542969e+00 6.033727553222777715e+03 -2.887098903643516290e-01
1.500000000000000000e+01 1.148006677627563477e+00 5.850733658031560481e+03 -4.316313924419585835e-01
1.600000000000000000e+01 1.135818958282470703e+00 6.241693628973073828e+03 -8.038155357614266971e-02
1.700000000000000000e+01 1.078121900558471680e+00 5.708717316034782925e+03 -5.509377082683906135e-01
1.800000000000000000e+01 1.077478885650634766e+00 5.607091826144419429e+03 -6.237109462876709864e-01
1.900000000000000000e+01 1.113144636154174805e+00 7.580364375824669878e+03 1.219165597221258057e+00
2.000000000000000000e+01 1.077233552932739258e+00 9.083984539849747307e+03 2.518403025282903940e+00
2.100000000000000000e+01 1.133829593658447266e+00 9.429045050144006382e+03 2.425038289840925732e+00
2.200000000000000000e+01 1.174059152603149414e+00 1.091618205461801517e+04 3.194526737707569897e+00
2.200000000000000000e+01 2.296524047851562500e+00 8.729893590081295770e+03 0.000000000000000000e+00
2.300000000000000000e+01 1.144839763641357422e+00 1.120066214357717945e+04 0.000000000000000000e+00
2.400000000000000000e+01 1.199048995971679688e+00 1.104892749698727675e+04 6.202572076861430084e-01
2.500000000000000000e+01 6.286674857139587402e+01 2.263178454935197806e+04 8.886118762740194299e+00
2.500000000000000000e+01 9.484705924987792969e-01 2.884240446240746223e+03 0.000000000000000000e+00
2.600000000000000000e+01 6.489277100563049316e+01 2.406341066482340466e+04 2.006222249021073978e+01
2.600000000000000000e+01 9.353199005126953125e-01 1.888802630703568639e+03 0.000000000000000000e+00
2.700000000000000000e+01 1.230401515960693359e+00 1.730979042192636825e+03 -9.434430248007475983e-01
2.800000000000000000e+01 1.274127006530761719e+00 2.323384158709630356e+03 2.892156719778840590e-01
2.900000000000000000e+01 1.127445936203002930e+00 3.147977605178356498e+03 1.929956273532841271e+00
3.000000000000000000e+01 1.184770107269287109e+00 4.915181519813092564e+03 4.187093617316036465e+00
3.000000000000000000e+01 2.387175083160400391e+00 5.172219412950227706e+03 0.000000000000000000e+00
3.100000000000000000e+01 1.120558500289916992e+00 4.984868143708856223e+03 0.000000000000000000e+00
3.200000000000000000e+01 1.125853300094604492e+00 4.827580572572466735e+03 -1.894385720872991064e+00
3.300000000000000000e+01 1.084976196289062500e+00 4.550660350077547264e+03 -2.574676154303203290e+00
3.400000000000000000e+01 1.080914735794067383e+00 3.878129202269142297e+03 -3.823632202946761094e+00
3.500000000000000000e+01 1.101400136947631836e+00 3.385009202847778397e+03 -2.573968853678552104e+00
3.600000000000000000e+01 1.130186557769775391e+00 2.989943101866979305e+03 -2.122269187527037637e+00
3.700000000000000000e+01 1.093149185180664062e+00 3.022358937979188340e+03 -1.458575284412933160e+00
3.800000000000000000e+01 1.208115577697753906e+00 3.232940983035514819e+03 -9.692570990592102032e-01
3.900000000000000000e+01 6.247859811782836914e+01 1.566469205804590820e+04 1.315020261494453813e+01
3.900000000000000000e+01 9.257068634033203125e-01 1.175973277723669298e+03 0.000000000000000000e+00
4.000000000000000000e+01 6.646744942665100098e+01 2.051374440881228657e+04 4.580370892814561756e+01
4.000000000000000000e+01 9.696257114410400391e-01 1.764755946548702468e+03 0.000000000000000000e+00
