1.698541047599578451e+05
1.000000000000000000e+00 5.480315685272216797e-01 5.725735674537021623e+03 0.000000000000000000e+00
2.000000000000000000e+00 5.835695266723632812e-01 6.461938100289160502e+03 6.371007231127863157e-01
3.000000000000000000e+00 5.598907470703125000e-01 7.456146046179225777e+03 2.810371572786248162e+00
4.000000000000000000e+00 5.497756004333496094e-01 9.348219964726609760e+03 3.963908578138860328e+00
4.000000000000000000e+00 1.086886405944824219e+00 8.432281970550269762e+03 0.000000000000000000e+00
5.000000000000000000e+00 5.438418388366699219e-01 9.448406352479354609e+03 0.000000000000000000e+00
6.000000000000000000e+00 5.414433479309082031e-01 8.750833673355000428e+03 -2.637554096071816900e-01
7.000000000000000000e+00 5.390696525573730469e-01 8.570152842519864862e+03 -5.907546350677895797e-01
8.000000000000000000e+00 5.199491977691650391e-01 8.395542618274865163e+03 -8.972220531812166167e-01
9.000000000000000000e+00 5.768482685089111328e-01 8.178187871736601664e+03 -1.256668371418409924e+00
1.000000000000000000e+01 6.659510135650634766e-01 7.845225705758962249e+03 -1.765350878327269779e+00
1.100000000000000000e+01 5.519800186157226562e-01 7.619613017816961474e+03 -1.787496494207935882e+00
1.200000000000000000e+01 5.230586528778076172e-01 8.775083264705122929e+03 6.573987784887046493e-01
1.300000000000000000e+01 5.302367210388183594e-01 8.646710066380632270e+03 3.708598280972795758e-01
1.400000000000000000e+01 5.251023769378662109e-01 8.104194028163473376e+03 -7.045668077119947581e-01
1.500000000000000000e+01 5.134253501892089844e-01 7.713070903480331253e+03 -1.441861063739251492e+00
1.600000000000000000e+01 5.142638683319091797e-01 7.790088896431218927e+03 -1.122231354459569674e+00
1.700000000000000000e+01 5.119712352752685547e-01 7.417211925112231256e+03 -1.741681974210820716e+00
1.800000000000000000e+01 5.207993984222412109e-01 7.248738020421528745e+03 -1.816517051024652663e+00
1.900000000000000000e+01 5.131764411926269531e-01 9.206720584527702158e+03 1.689030383839290161e+00
2.000000000000000000e+01 5.723106861114501953e-01 1.105850790750252054e+04 4.436008169607782214e+00
2.000000000000000000e+01 1.134367465972900391e+00 8.375028458781427616e+03 0.000000000000000000e+00
2.100000000000000000e+01 5.217132568359375000e-01 1.104957466347034278e+04 0.000000000000000000e+00
2.200000000000000000e+01 5.281393527984619141e-01 1.220391139818431293e+04 1.317482725679848476e+00
2.300000000000000000e+01 5.451052188873291016e-01 1.271358480217015494e+04 1.105214197496202644e+00
2.400000000000000000e+01 5.328502655029296875e-01 1.218960718793236447e+04 5.701595952734462847e-01
2.500000000000000000e+01 2.980274915695190430e+01 2.585041431679016023e+04 8.319511789944668223e+00
2.500000000000000000e+01 5.041413307189941406e-01 4.797943828400981147e+03 0.000000000000000000e+00
2.600000000000000000e+01 2.753633403778076172e+01 2.318125214880743442e+04 1.013000381361145052e+01
2.600000000000000000e+01 4.579422473907470703e-01 3.349974589158924573e+03 0.000000000000000000e+00
2.700000000000000000e+01 5.353994369506835938e-01 2.730146501102256934e+03 -1.230435699146849915e+00
2.800000000000000000e+01 5.909993648529052734e-01 3.138119327254980362e+03 -4.747294983833180715e-01
2.900000000000000000e+01 5.734245777130126953e-01 3.953645481538736476e+03 3.891740448056296153e-01
3.000000000000000000e+01 5.476033687591552734e-01 5.845974864556634202e+03 2.474679846802592564e+00
3.100000000000000000e+01 5.389974117279052734e-01 6.268863414955939334e+03 1.879829194233820555e+00
3.200000000000000000e+01 5.473153591156005859e-01 6.190237640140855547e+03 1.336402190279818436e+00
3.300000000000000000e+01 5.555248260498046875e-01 5.853603222160154473e+03 8.923083164990248672e-01
3.400000000000000000e+01 5.215325355529785156e-01 5.498257036687432446e+03 5.578138087844958237e-01
3.500000000000000000e+01 5.241870880126953125e-01 4.964336510343082409e+03 1.313931074401483712e-01
3.600000000000000000e+01 5.426344871520996094e-01 4.493119111306138620e+03 -2.385703472535069258e-01
3.700000000000000000e+01 5.978682041168212891e-01 4.352796393369832913e+03 -3.422727206355682394e-01
3.800000000000000000e+01 5.416004657745361328e-01 4.386091654131116229e+03 -3.003901961432575152e-01
3.900000000000000000e+01 2.826255321502685547e+01 1.765164013718996284e+04 1.127855090590324671e+01
3.900000000000000000e+01 4.980266094207763672e-01 2.525292408484616772e+03 0.000000000000000000e+00
4.000000000000000000e+01 2.857396841049194336e+01 1.839467809307970310e+04 1.706723126083946340e+01
4.000000000000000000e+01 4.590537548065185547e-01 3.211364040841420319e+03 0.000000000000000000e+00
