1.730433016669804929e+05
1.000000000000000000e+00 4.738705158233642578e-01 6.082288748146100261e+03 0.000000000000000000e+00
2.000000000000000000e+00 4.507505893707275391e-01 6.772956219837096796e+03 -5.483284292228686463e-02
3.000000000000000000e+00 4.469816684722900391e-01 7.846715548208022483e+03 1.381031380311813717e+00
4.000000000000000000e+00 4.144270420074462891e-01 9.709511091357091573e+03 3.292915139487126552e+00
4.000000000000000000e+00 8.492252826690673828e-01 8.656223157538668602e+03 0.000000000000000000e+00
5.000000000000000000e+00 4.537003040313720703e-01 1.016739398544634969e+04 0.000000000000000000e+00
6.000000000000000000e+00 4.504573345184326172e-01 9.409395382705850352e+03 -2.258357723451254531e-03
7.000000000000000000e+00 4.817411899566650391e-01 9.172595966643257270e+03 -3.155272704806376671e-01
8.000000000000000000e+00 4.359107017517089844e-01 8.985872172206221876e+03 -5.817347102337456777e-01
9.000000000000000000e+00 4.284434318542480469e-01 8.767156585028382324e+03 -8.995990644034203010e-01
1.000000000000000000e+01 4.380307197570800781e-01 8.460132488629389627e+03 -1.334197242213864154e+00
1.100000000000000000e+01 4.221088886260986328e-01 8.231464334191072339e+03 -1.495673894461927445e+00
1.200000000000000000e+01 4.530198574066162109e-01 9.145553826590241442e+03 2.689207793835181604e-01
1.300000000000000000e+01 4.456560611724853516e-01 9.104212363746290066e+03 1.823602785915668378e-01
1.400000000000000000e+01 4.217576980590820312e-01 8.688187661425481565e+03 -5.935168950504237095e-01
1.500000000000000000e+01 4.299321174621582031e-01 8.296962198521185201e+03 -1.306274990271074632e+00
1.600000000000000000e+01 4.144034385681152344e-01 8.333556210692026070e+03 -1.099664029305271740e+00
1.700000000000000000e+01 4.487495422363281250e-01 7.953498162347542348e+03 -1.714907353764335118e+00
1.800000000000000000e+01 4.139928817749023438e-01 7.820406316624979809e+03 -1.727770287435032248e+00
1.900000000000000000e+01 4.817466735839843750e-01 9.473157452177225423e+03 1.192533962244185508e+00
2.000000000000000000e+01 4.310691356658935547e-01 1.138262450773086493e+04 4.203823662632272473e+00
2.000000000000000000e+01 8.774621486663818359e-01 8.831207080490316002e+03 0.000000000000000000e+00
2.100000000000000000e+01 4.241952896118164062e-01 1.174774675383223985e+04 0.000000000000000000e+00
2.200000000000000000e+01 4.256649017333984375e-01 1.271859320133847359e+04 1.177864722727530511e+00
2.300000000000000000e+01 4.174966812133789062e-01 1.342208818711456479e+04 1.148123155944049012e+00
2.400000000000000000e+01 4.215815067291259766e-01 1.259614796234647838e+04 4.537216853695301699e-01
2.500000000000000000e+01 2.496260380744934082e+01 2.658488628427439835e+04 8.196036566129174972e+00
2.500000000000000000e+01 4.366152286529541016e-01 5.478082224509082153e+03 0.000000000000000000e+00
2.600000000000000000e+01 2.706118488311767578e+01 2.352475239757971940e+04 8.610696299696432021e+00
2.600000000000000000e+01 4.044730663299560547e-01 3.936358020934929300e+03 0.000000000000000000e+00
2.700000000000000000e+01 4.652748107910156250e-01 3.241866603069468965e+03 -1.206126015145241315e+00
2.800000000000000000e+01 5.294668674468994141e-01 3.597744578449099208e+03 -5.525557279985318093e-01
2.900000000000000000e+01 4.979722499847412109e-01 4.372580577828212881e+03 1.700530889291235470e-01
3.000000000000000000e+01 5.449607372283935547e-01 6.487741556682926785e+03 2.200118660167434292e+00
3.100000000000000000e+01 5.022540092468261719e-01 6.678645876189599221e+03 1.591918533580003237e+00
3.200000000000000000e+01 4.471876621246337891e-01 6.662905283735042758e+03 1.237053924748064526e+00
3.300000000000000000e+01 4.686865806579589844e-01 6.213836816648114109e+03 7.513683317060512179e-01
3.400000000000000000e+01 4.828188419342041016e-01 5.910316091430382585e+03 4.762925305450421698e-01
3.500000000000000000e+01 5.021383762359619141e-01 5.527859494779736451e+03 1.673211259578998578e-01
3.600000000000000000e+01 4.854772090911865234e-01 5.120284652996374462e+03 -1.558272161715854587e-01
3.700000000000000000e+01 4.664561748504638672e-01 4.917883658030869810e+03 -3.140169697783520841e-01
3.800000000000000000e+01 4.604742527008056641e-01 4.824197874243947808e+03 -3.806444883152418357e-01
3.900000000000000000e+01 3.236004257202148438e+01 1.856961927954027851e+04 1.165216491353515593e+01
3.900000000000000000e+01 4.197020530700683594e-01 3.064319761074485086e+03 0.000000000000000000e+00
4.000000000000000000e+01 2.229417681694030762e+01 1.776489197835554296e+04 1.286180914489434990e+01
4.000000000000000000e+01 4.438972473144531250e-01 3.885940290206977352e+03 0.000000000000000000e+00
