1.731383352317287936e+05
1.000000000000000000e+00 5.063617229461669922e-01 6.206953456750465193e+03 0.000000000000000000e+00
2.000000000000000000e+00 5.034332275390625000e-01 6.849390707729247879e+03 -4.674899962210470744e-02
3.000000000000000000e+00 4.968507289886474609e-01 7.785269804269292763e+03 1.315419033229175083e+00
4.000000000000000000e+00 3.982388973236083984e-01 9.638340005759322594e+03 3.508360814170560893e+00
4.000000000000000000e+00 8.377118110656738281e-01 8.666332332104040688e+03 0.000000000000000000e+00
5.000000000000000000e+00 4.361317157745361328e-01 1.014813810700637623e+04 0.000000000000000000e+00
6.000000000000000000e+00 4.351665973663330078e-01 9.477346701699865662e+03 6.691336382029443308e-02
7.000000000000000000e+00 4.218606948852539062e-01 9.191266469446125484e+03 -3.225562218641668255e-01
8.000000000000000000e+00 4.121179580688476562e-01 8.963814989283679097e+03 -6.589817622113828266e-01
9.000000000000000000e+00 4.923706054687500000e-01 8.729044743352291334e+03 -9.918582104608982819e-01
1.000000000000000000e+01 4.222095012664794922e-01 8.435454781176988035e+03 -1.371169516476709038e+00
1.100000000000000000e+01 4.274075031280517578e-01 8.226690982890737359e+03 -1.478168268888928827e+00
1.200000000000000000e+01 4.349527359008789062e-01 9.175237229687321815e+03 3.157911067909466296e-01
1.300000000000000000e+01 4.648621082305908203e-01 9.028316181370484628e+03 4.605523434440894626e-02
1.400000000000000000e+01 4.553790092468261719e-01 8.663963968849418961e+03 -6.191969296170120041e-01
1.500000000000000000e+01 4.481546878814697266e-01 8.298194824862312089e+03 -1.270728811671645531e+00
1.600000000000000000e+01 4.306280612945556641e-01 8.234855910542959464e+03 -1.256925105217496341e+00
1.700000000000000000e+01 4.266366958618164062e-01 7.872683366543978991e+03 -1.793664285994133412e+00
1.800000000000000000e+01 4.577970504760742188e-01 7.724476897316059876e+03 -1.800808720257343065e+00
1.900000000000000000e+01 4.554803371429443359e-01 9.542690905506504350e+03 1.291304427072542671e+00
2.000000000000000000e+01 4.024336338043212891e-01 1.149209274836015356e+04 4.201156758766072308e+00
2.000000000000000000e+01 8.256640434265136719e-01 8.784686170682809461e+03 0.000000000000000000e+00
2.100000000000000000e+01 4.071669578552246094e-01 1.190291171514252528e+04 0.000000000000000000e+00
2.200000000000000000e+01 4.060261249542236328e-01 1.218031066193893821e+04 8.329159464165988291e-01
2.300000000000000000e+01 4.025466442108154297e-01 1.289139140280245192e+04 1.026479505872351261e+00
2.400000000000000000e+01 4.405157566070556641e-01 1.240717924425857018e+04 5.319852973484449077e-01
2.500000000000000000e+01 2.535286784172058105e+01 2.634096595887642980e+04 9.005926627811742691e+00
2.500000000000000000e+01 5.086555480957031250e-01 5.507826474636413877e+03 0.000000000000000000e+00
2.600000000000000000e+01 2.337929391860961914e+01 3.163334175645560754e+04 1.270909585543454767e+01
2.600000000000000000e+01 4.103617668151855469e-01 3.833626288912141263e+03 0.000000000000000000e+00
2.700000000000000000e+01 5.183892250061035156e-01 3.197511354413142726e+03 -1.176428671115382851e+00
2.800000000000000000e+01 4.388854503631591797e-01 3.577004220558822908e+03 -5.143414836191951833e-01
2.900000000000000000e+01 4.460456371307373047e-01 4.397782903962232922e+03 2.708633863337797099e-01
3.000000000000000000e+01 4.374940395355224609e-01 6.459441853768595138e+03 2.320252520716014288e+00
3.100000000000000000e+01 4.438390731811523438e-01 6.865504456648465748e+03 1.797474672956661745e+00
3.200000000000000000e+01 3.985629081726074219e-01 7.078989043656747526e+03 1.498697121660060194e+00
3.300000000000000000e+01 4.481339454650878906e-01 6.391757073188013237e+03 7.924871282995340493e-01
3.400000000000000000e+01 4.305160045623779297e-01 5.937935712558158230e+03 4.279407221999748656e-01
3.500000000000000000e+01 4.071979522705078125e-01 5.529847250414565679e+03 1.241707682155124837e-01
3.600000000000000000e+01 4.159548282623291016e-01 5.125303846400006478e+03 -1.736616495979632357e-01
3.700000000000000000e+01 4.076981544494628906e-01 4.949795368682585831e+03 -2.996650455989600115e-01
3.800000000000000000e+01 3.995876312255859375e-01 4.903015092832146365e+03 -3.247010767589365576e-01
3.900000000000000000e+01 2.174208974838256836e+01 1.924453239502269571e+04 1.140452655202238574e+01
3.900000000000000000e+01 4.224355220794677734e-01 3.038276429236667354e+03 0.000000000000000000e+00
4.000000000000000000e+01 2.324118018150329590e+01 1.710799891316458525e+04 1.239084057088870239e+01
4.000000000000000000e+01 5.239608287811279297e-01 3.862024846250317751e+03 0.000000000000000000e+00
