1.539470183966682234e+05
1.000000000000000000e+00 1.162424087524414062e+00 5.397692926608910966e+03 0.000000000000000000e+00
2.000000000000000000e+00 3.645336127281188965e+01 6.424379560152928207e+03 5.824106600346943274e+00
2.000000000000000000e+00 2.410938739776611328e-01 3.822876963143456123e+03 0.000000000000000000e+00
3.000000000000000000e+00 1.391299486160278320e+00 7.100944621900226593e+03 1.718232975277111274e+00
4.000000000000000000e+00 1.156624794006347656e+00 8.193339000267827942e+03 1.603721293639678080e+00
5.000000000000000000e+00 1.336909055709838867e+00 8.035614262081155175e+03 9.673212210193259386e-01
6.000000000000000000e+00 1.397722005844116211e+00 7.163267637052243117e+03 3.211649508023226574e-01
7.000000000000000000e+00 1.526057243347167969e+00 7.087915634443629642e+03 2.503679726770578484e-01
8.000000000000000000e+00 1.196210622787475586e+00 7.077576307216950227e+03 2.269988404411326932e-01
9.000000000000000000e+00 1.234679460525512695e+00 6.951818494154952532e+03 1.243172953937615455e-01
1.000000000000000000e+01 1.161866188049316406e+00 6.603209249191295385e+03 -1.467138803443962525e-01
1.100000000000000000e+01 1.315426111221313477e+00 6.400422880639048344e+03 -3.030218807196852771e-01
1.200000000000000000e+01 1.377682685852050781e+00 7.847715061635957682e+03 9.326181469039284133e-01
1.300000000000000000e+01 1.171399593353271484e+00 7.635054414096258370e+03 6.817038745565224822e-01
1.400000000000000000e+01 1.323428869247436523e+00 6.921974278695633984e+03 2.226815380039958575e-02
1.500000000000000000e+01 1.148291826248168945e+00 6.626909463513615265e+03 -2.465859649024196576e-01
1.600000000000000000e+01 1.280455827713012695e+00 6.903197800945974450e+03 2.164125759862021298e-02
1.700000000000000000e+01 1.213410377502441406e+00 6.461938765136881557e+03 -4.087400940129584659e-01
1.800000000000000000e+01 1.204050302505493164e+00 6.362510304715138773e+03 -4.947352730659944076e-01
1.900000000000000000e+01 1.200037717819213867e+00 8.401867221751768739e+03 1.610172315199826176e+00
2.000000000000000000e+01 1.255687952041625977e+00 9.901306700062998061e+03 2.944122013907301216e+00
2.100000000000000000e+01 1.284539222717285156e+00 1.018897578358329883e+04 2.621367813139686032e+00
2.200000000000000000e+01 1.226438045501708984e+00 1.132512809965161978e+04 3.051736612853249042e+00
2.200000000000000000e+01 2.599815130233764648e+00 8.972907316187491233e+03 0.000000000000000000e+00
2.300000000000000000e+01 1.311501502990722656e+00 9.964088243009646249e+03 0.000000000000000000e+00
2.400000000000000000e+01 1.305279016494750977e+00 1.127289231763172211e+04 2.574503966435063962e+00
2.500000000000000000e+01 3.785993838310241699e+01 2.175118737492741639e+04 1.012551993867747768e+01
2.500000000000000000e+01 2.443456649780273438e-01 4.194592020035925088e+03 0.000000000000000000e+00
2.600000000000000000e+01 3.747904658317565918e+01 2.040228430570044293e+04 1.022179316220305445e+01
2.600000000000000000e+01 2.394800186157226562e-01 2.920066777190247649e+03 0.000000000000000000e+00
2.700000000000000000e+01 1.041990041732788086e+00 2.435542779094980688e+03 -1.176425095927894793e+00
2.800000000000000000e+01 1.396295070648193359e+00 2.915768412267671010e+03 -3.254846178993071049e-01
2.900000000000000000e+01 1.215903043746948242e+00 3.791909453677319107e+03 7.464162217489966888e-01
3.000000000000000000e+01 1.237386465072631836e+00 5.403571302048786492e+03 2.703846751220848166e+00
3.100000000000000000e+01 1.411639451980590820e+00 5.385631355393675221e+03 1.569809086176601198e+00
3.200000000000000000e+01 1.043653249740600586e+00 5.305060841833135783e+03 1.169274198169794721e+00
3.300000000000000000e+01 1.201624393463134766e+00 5.198649991846821649e+03 9.223209655319656308e-01
3.400000000000000000e+01 1.234592914581298828e+00 4.743031103820586395e+03 4.554277030895268474e-01
3.500000000000000000e+01 1.289739370346069336e+00 4.378293971482206871e+03 1.131580038364271568e-01
3.600000000000000000e+01 1.250209093093872070e+00 3.991177288983695234e+03 -2.456143061741543343e-01
3.700000000000000000e+01 1.255917310714721680e+00 3.921271767864893718e+03 -3.023423639242813765e-01
3.800000000000000000e+01 1.225717067718505859e+00 4.003739432420601588e+03 -2.083191897381423408e-01
3.900000000000000000e+01 3.694048571586608887e+01 1.513800184858138164e+04 1.131190073388225947e+01
3.900000000000000000e+01 2.550671100616455078e-01 2.081146768842240363e+03 0.000000000000000000e+00
4.000000000000000000e+01 3.649297881126403809e+01 1.299926557532585866e+04 1.413139660828808708e+01
4.000000000000000000e+01 2.398078441619873047e-01 2.757710727476543070e+03 0.000000000000000000e+00
