1.451881079075549787e+05
1.000000000000000000e+00 2.506941556930541992e+00 4.831507107083961273e+03 0.000000000000000000e+00
2.000000000000000000e+00 2.644639968872070312e+00 5.844574104220362642e+03 1.651469970287450462e+00
3.000000000000000000e+00 2.593774795532226562e+00 6.718773036041595333e+03 1.613977863779818112e+00
4.000000000000000000e+00 2.688352108001708984e+00 8.228620870002952870e+03 2.087238453467785693e+00
5.000000000000000000e+00 3.208899021148681641e+00 7.766539198719920932e+03 1.063140280777856495e+00
6.000000000000000000e+00 2.509175062179565430e+00 6.482127605742401101e+03 1.970860016428821193e-01
7.000000000000000000e+00 2.647254705429077148e+00 6.383974044312519254e+03 1.265323002545154230e-01
8.000000000000000000e+00 2.483474969863891602e+00 6.235506649009002103e+03 2.494576044099630630e-02
9.000000000000000000e+00 2.713507413864135742e+00 5.998975340301966753e+03 -1.372401372698672795e-01
1.000000000000000000e+01 2.451600551605224609e+00 5.671066007467885356e+03 -3.672753173843053554e-01
1.100000000000000000e+01 2.509019374847412109e+00 5.564189298863194381e+03 -4.302466263729249896e-01
1.200000000000000000e+01 2.749857425689697266e+00 7.078345208949865082e+03 7.784797893440572603e-01
1.300000000000000000e+01 2.512295961380004883e+00 6.512342877154027519e+03 2.794462269715152214e-01
1.400000000000000000e+01 2.592025041580200195e+00 5.821845689838487488e+03 -3.038481528964094847e-01
1.500000000000000000e+01 2.499525785446166992e+00 5.721266746656049691e+03 -3.796732090163371098e-01
1.600000000000000000e+01 2.678358793258666992e+00 6.181318199321724023e+03 4.018529390114224803e-02
1.700000000000000000e+01 2.456880807876586914e+00 5.713888040777607785e+03 -3.878575997911669626e-01
1.800000000000000000e+01 2.547715425491333008e+00 5.621046800418679595e+03 -4.629370738763223248e-01
1.900000000000000000e+01 2.425076723098754883e+00 7.356709868124306013e+03 1.215452360233303386e+00
2.000000000000000000e+01 2.475910902023315430e+00 8.586001676893818512e+03 2.308878821801365611e+00
2.100000000000000000e+01 2.506137132644653320e+00 8.933592926007559072e+03 2.304681778138137016e+00
2.200000000000000000e+01 2.480377674102783203e+00 9.999055940140568055e+03 2.856632310206502989e+00
2.300000000000000000e+01 2.488657951354980469e+00 9.883184452740986671e+03 2.307796872533490529e+00
2.400000000000000000e+01 2.530777692794799805e+00 1.025535035526028696e+04 2.274436670647070002e+00
2.500000000000000000e+01 7.329756283760070801e+01 2.124634149607485961e+04 8.509567980030878331e+00
2.500000000000000000e+01 4.038414955139160156e-01 2.665231868060051966e+03 0.000000000000000000e+00
2.600000000000000000e+01 7.303264951705932617e+01 2.032980563520445503e+04 1.803908944617504062e+01
2.600000000000000000e+01 4.083900451660156250e-01 1.753792418072346209e+03 0.000000000000000000e+00
2.700000000000000000e+01 2.485713481903076172e+00 1.658439593984399835e+03 -8.608869613791011455e-01
2.800000000000000000e+01 2.605113983154296875e+00 2.310429264802607577e+03 5.525422596378407603e-01
2.900000000000000000e+01 2.865876913070678711e+00 3.087579129681203540e+03 2.163080107152859810e+00
3.000000000000000000e+01 2.607347249984741211e+00 4.773231578718925448e+03 4.143197320526156524e+00
3.000000000000000000e+01 5.272582530975341797e+00 4.563367197119873708e+03 0.000000000000000000e+00
3.100000000000000000e+01 2.845719814300537109e+00 4.384079571563127502e+03 0.000000000000000000e+00
3.200000000000000000e+01 2.601974964141845703e+00 4.321398882870668785e+03 -1.201529526607448828e+00
3.300000000000000000e+01 2.446081161499023438e+00 3.997842270429513519e+03 -3.385150901860112249e+00
3.400000000000000000e+01 2.958823204040527344e+00 3.462598099781039309e+03 -3.619075809394615373e+00
3.500000000000000000e+01 2.420773744583129883e+00 3.003090028806495411e+03 -2.637998619813954893e+00
3.600000000000000000e+01 2.663362026214599609e+00 2.669855218593719201e+03 -2.119787953665497771e+00
3.700000000000000000e+01 2.455968618392944336e+00 2.802123332782055058e+03 -1.316361970064284570e+00
3.800000000000000000e+01 2.392205238342285156e+00 3.081781389407287861e+03 -7.451657655213084208e-01
3.900000000000000000e+01 7.383896517753601074e+01 1.377416878675452608e+04 1.378988722729163996e+01
3.900000000000000000e+01 4.068737030029296875e-01 1.078702052396209865e+03 0.000000000000000000e+00
4.000000000000000000e+01 7.487760949134826660e+01 1.272475517298990235e+04 2.982960395311663149e+01
4.000000000000000000e+01 4.022076129913330078e-01 1.618564750471968864e+03 0.000000000000000000e+00
