1.612765502060921863e+05
1.000000000000000000e+00 1.053780317306518555e+00 4.862993962780597940e+03 0.000000000000000000e+00
2.000000000000000000e+00 1.059463739395141602e+00 5.730684848836375750e+03 2.156702994134994888e+00
3.000000000000000000e+00 1.022815704345703125e+00 6.824903223409820384e+03 2.280710319452216694e+00
4.000000000000000000e+00 9.878048896789550781e-01 8.497256425693160054e+03 2.610760045436797405e+00
5.000000000000000000e+00 1.085120439529418945e+00 8.288409905653190435e+03 1.317254065642046834e+00
6.000000000000000000e+00 9.804072380065917969e-01 7.349057293395005217e+03 5.367550271651936322e-01
7.000000000000000000e+00 9.721171855926513672e-01 7.062660362465916478e+03 3.240607300745451114e-01
8.000000000000000000e+00 9.683091640472412109e-01 6.889619697794299100e+03 1.951946780960153727e-01
9.000000000000000000e+00 1.004484415054321289e+00 6.659658316530354568e+03 3.089733674012941009e-02
1.000000000000000000e+01 9.645051956176757812e-01 6.290872326477836395e+03 -2.326829548602557252e-01
1.100000000000000000e+01 1.005763769149780273e+00 6.100635031192516180e+03 -3.645350471238554269e-01
1.200000000000000000e+01 1.023055076599121094e+00 7.579364089071417766e+03 8.036905978226746017e-01
1.300000000000000000e+01 9.833292961120605469e-01 7.197445921093033576e+03 4.519942250167856557e-01
1.400000000000000000e+01 9.599630832672119141e-01 6.420676181443940550e+03 -2.023054282828538331e-01
1.500000000000000000e+01 9.617424011230468750e-01 6.119880792605494207e+03 -4.507606118326819011e-01
1.600000000000000000e+01 9.912364482879638672e-01 6.407905458404068668e+03 -1.833326769935801348e-01
1.700000000000000000e+01 9.601175785064697266e-01 5.950085899474189318e+03 -5.898709583649257571e-01
1.800000000000000000e+01 9.413897991180419922e-01 5.861712997953718514e+03 -6.495556959135740938e-01
1.900000000000000000e+01 1.012327909469604492e+00 7.798333509634245274e+03 1.182136346096773760e+00
2.000000000000000000e+01 1.031743288040161133e+00 9.478293580574405496e+03 2.668535642406063779e+00
2.100000000000000000e+01 9.802243709564208984e-01 9.485978602529436102e+03 2.244680112912328163e+00
2.200000000000000000e+01 1.007816553115844727e+00 1.082218948618207651e+04 2.973554686090490229e+00
2.300000000000000000e+01 9.797410964965820312e-01 1.123028959885581935e+04 2.722545647710154171e+00
2.400000000000000000e+01 9.768178462982177734e-01 1.120798151095375215e+04 2.306588143720069262e+00
2.500000000000000000e+01 5.778742861747741699e+01 2.278505748367176056e+04 8.210727513393804244e+00
2.500000000000000000e+01 8.137910366058349609e-01 3.119911355587908929e+03 0.000000000000000000e+00
2.600000000000000000e+01 5.628295207023620605e+01 2.717542953291280719e+04 2.110097439737295844e+01
2.600000000000000000e+01 7.943150997161865234e-01 2.105036489414481366e+03 0.000000000000000000e+00
2.700000000000000000e+01 1.107870340347290039e+00 1.831738235207518983e+03 -1.074323311271384140e+00
2.800000000000000000e+01 1.016793727874755859e+00 2.385148390185383050e+03 2.910135405985436047e-02
2.900000000000000000e+01 1.015133142471313477e+00 3.182481015835645394e+03 1.421481618436040373e+00
3.000000000000000000e+01 9.832291603088378906e-01 5.056999481728934370e+03 4.110799544824820906e+00
3.000000000000000000e+01 1.971614122390747070e+00 4.932800720973088573e+03 0.000000000000000000e+00
3.100000000000000000e+01 1.050145864486694336e+00 5.072040207950751210e+03 0.000000000000000000e+00
3.200000000000000000e+01 9.949798583984375000e-01 4.992023052703788380e+03 -1.056033819220165704e-01
3.300000000000000000e+01 1.068574905395507812e+00 4.719478128891747474e+03 -3.999488661070951245e+00
3.400000000000000000e+01 9.747653007507324219e-01 4.136743946726210197e+03 -5.249473782263078370e+00
3.500000000000000000e+01 9.681377410888671875e-01 3.637906948754385667e+03 -2.999070035972465575e+00
3.600000000000000000e+01 9.640727043151855469e-01 3.232789770732918896e+03 -2.355685218333413822e+00
3.700000000000000000e+01 1.046420335769653320e+00 3.211714945897880170e+03 -1.612289720168001317e+00
3.800000000000000000e+01 1.030549049377441406e+00 3.391835548932625443e+03 -1.070700668095330821e+00
3.900000000000000000e+01 5.755920696258544922e+01 1.580021850838225146e+04 1.465917194589353123e+01
3.900000000000000000e+01 8.769237995147705078e-01 1.358389410660669682e+03 0.000000000000000000e+00
4.000000000000000000e+01 5.823816895484924316e+01 1.953770057853328399e+04 3.714570362271966530e+01
4.000000000000000000e+01 8.096365928649902344e-01 1.918467991085426547e+03 0.000000000000000000e+00
