1.600790056066662364e+05
1.000000000000000000e+00 1.288397550582885742e+00 4.747814935589752167e+03 0.000000000000000000e+00
2.000000000000000000e+00 1.155379056930541992e+00 5.678605151625685721e+03 1.889282612956600493e+00
3.000000000000000000e+00 1.121575593948364258e+00 6.706518323012514884e+03 1.973235303217930836e+00
4.000000000000000000e+00 1.095514059066772461e+00 8.407175457447567169e+03 2.453069505261588734e+00
5.000000000000000000e+00 1.166300773620605469e+00 8.066369315514341906e+03 1.218051809245888961e+00
6.000000000000000000e+00 1.319538354873657227e+00 7.089014855488249850e+03 4.705606520600164044e-01
7.000000000000000000e+00 1.089734077453613281e+00 6.816102877784813245e+03 2.771615657790644227e-01
8.000000000000000000e+00 1.119120359420776367e+00 6.621677845015562525e+03 1.407222439456889684e-01
9.000000000000000000e+00 1.076473236083984375e+00 6.365744084264828416e+03 -3.478010729418923308e-02
1.000000000000000000e+01 1.075589179992675781e+00 5.954857190465492749e+03 -3.198253461693721933e-01
1.100000000000000000e+01 1.203015327453613281e+00 5.746579375344324944e+03 -4.572712120973710936e-01
1.200000000000000000e+01 1.364752054214477539e+00 7.283119331549614799e+03 7.323025595832852730e-01
1.300000000000000000e+01 1.151196479797363281e+00 6.947330452685183445e+03 4.299144766570107135e-01
1.400000000000000000e+01 1.073646783828735352e+00 6.207731499829257700e+03 -1.809647816570458256e-01
1.500000000000000000e+01 1.071103096008300781e+00 5.947063158619796923e+03 -3.919002124181150126e-01
1.600000000000000000e+01 1.193934679031372070e+00 6.231158532101083438e+03 -1.349983208232811427e-01
1.700000000000000000e+01 1.156775951385498047e+00 5.720692470592523023e+03 -5.825091982271464186e-01
1.800000000000000000e+01 1.073565483093261719e+00 5.625988976885201737e+03 -6.469474448304934899e-01
1.900000000000000000e+01 1.079795360565185547e+00 7.714926417644986941e+03 1.294104686324391240e+00
2.000000000000000000e+01 1.074699878692626953e+00 9.272330288888964787e+03 2.618607580298930149e+00
2.100000000000000000e+01 1.222918510437011719e+00 9.585074117353135080e+03 2.457553967790737648e+00
2.200000000000000000e+01 1.114879131317138672e+00 1.090670525507882121e+04 3.072522778714052105e+00
2.200000000000000000e+01 2.278796434402465820e+00 8.566535085288918708e+03 0.000000000000000000e+00
2.300000000000000000e+01 1.131214141845703125e+00 1.115595383323263013e+04 0.000000000000000000e+00
2.400000000000000000e+01 1.168946981430053711e+00 1.104126563240193354e+04 6.444697089911982646e-01
2.500000000000000000e+01 6.327562022209167480e+01 2.321559292962202380e+04 8.859088546505519801e+00
2.500000000000000000e+01 1.058998107910156250e+00 2.869915420605243071e+03 0.000000000000000000e+00
2.600000000000000000e+01 6.602848100662231445e+01 3.533898586239729775e+04 3.129258174395187808e+01
2.600000000000000000e+01 9.327778816223144531e-01 1.916639702668357586e+03 0.000000000000000000e+00
2.700000000000000000e+01 1.330607652664184570e+00 1.724600599458355873e+03 -9.905030855492814590e-01
2.800000000000000000e+01 1.146438598632812500e+00 2.312292679960253736e+03 2.275474956755248468e-01
2.900000000000000000e+01 1.142626047134399414e+00 3.147332875711994348e+03 1.850707688685179653e+00
3.000000000000000000e+01 1.121411800384521484e+00 4.872445850682541277e+03 4.070603139866040721e+00
3.000000000000000000e+01 2.263971328735351562e+00 5.180138980973802973e+03 0.000000000000000000e+00
3.100000000000000000e+01 1.117775678634643555e+00 4.959136901391278116e+03 0.000000000000000000e+00
3.200000000000000000e+01 1.096562862396240234e+00 4.740879747345749820e+03 -2.103755301052090410e+00
3.300000000000000000e+01 1.086757183074951172e+00 4.409081502627971531e+03 -2.508617899921265604e+00
3.400000000000000000e+01 1.091246604919433594e+00 3.800977508179434153e+03 -3.107085566468214211e+00
3.500000000000000000e+01 1.094769001007080078e+00 3.294156329742147136e+03 -2.459830945465911078e+00
3.600000000000000000e+01 1.095793724060058594e+00 2.877661183781566251e+03 -2.099749221865873761e+00
3.700000000000000000e+01 1.150807380676269531e+00 2.920875602817707204e+03 -1.438531282347825568e+00
3.800000000000000000e+01 1.160993337631225586e+00 3.182393531204766987e+03 -9.088176575325768169e-01
3.900000000000000000e+01 6.369262862205505371e+01 1.631918233153523761e+04 1.362553134412764244e+01
3.900000000000000000e+01 9.506132602691650391e-01 1.180070800973570158e+03 0.000000000000000000e+00
4.000000000000000000e+01 6.643497228622436523e+01 2.038912279169001340e+04 4.533369318300053408e+01
4.000000000000000000e+01 9.667026996612548828e-01 1.740376332149782684e+03 0.000000000000000000e+00
