1.719449223851463466e+05
1.000000000000000000e+00 2.308700084686279297e-01 7.800364605009475781e+03 0.000000000000000000e+00
2.000000000000000000e+00 2.043929100036621094e-01 8.489289052949277902e+03 -3.048011505759524176e-01
3.000000000000000000e+00 2.407622337341308594e-01 9.143959992932565001e+03 2.457913458202874712e-01
4.000000000000000000e+00 1.561310291290283203e-01 1.143125598502789580e+04 2.443263165461331266e+00
5.000000000000000000e+00 1.690700054168701172e-01 1.158230796643954454e+04 1.507070246941250247e+00
6.000000000000000000e+00 1.783940792083740234e-01 1.117600458023944520e+04 8.963182370329688675e-01
7.000000000000000000e+00 1.594676971435546875e-01 1.095173336266794286e+04 6.413241668973966858e-01
8.000000000000000000e+00 1.547181606292724609e-01 1.063070794702305466e+04 3.669240482532392655e-01
9.000000000000000000e+00 1.608321666717529297e-01 1.031384717899958559e+04 1.136708449423831924e-01
1.000000000000000000e+01 3.200597763061523438e-01 9.990143376021624135e+03 -1.428395530453536177e-01
1.100000000000000000e+01 2.766404151916503906e-01 9.805666714773698914e+03 -2.875253408616795237e-01
1.200000000000000000e+01 2.190794944763183594e-01 1.050690210644720719e+04 3.235006050935924082e-01
1.300000000000000000e+01 1.528625488281250000e-01 1.034717730889475206e+04 1.686768667753001660e-01
1.400000000000000000e+01 1.445252895355224609e-01 1.016047130167281466e+04 -9.555883524405853202e-03
1.500000000000000000e+01 1.495239734649658203e-01 9.879052488280385660e+03 -2.789208294089065565e-01
1.600000000000000000e+01 1.897482872009277344e-01 9.858179304205472363e+03 -2.906135058628994683e-01
1.700000000000000000e+01 1.664044857025146484e-01 9.567259823486043388e+03 -5.782023911542374384e-01
1.800000000000000000e+01 2.162320613861083984e-01 9.420851407468495381e+03 -7.097059707110504601e-01
1.900000000000000000e+01 2.304544448852539062e-01 1.081430731786769320e+04 7.886449254740239834e-01
2.000000000000000000e+01 1.809394359588623047e-01 1.315121880951856474e+04 3.251334590475575936e+00
2.000000000000000000e+01 3.457601070404052734e-01 1.125187983380536025e+04 0.000000000000000000e+00
2.100000000000000000e+01 1.528074741363525391e-01 1.289795255595301205e+04 0.000000000000000000e+00
2.200000000000000000e+01 1.560711860656738281e-01 1.395044838708337375e+04 1.611352297620168850e+00
2.300000000000000000e+01 2.456810474395751953e-01 1.457394093153819267e+04 1.377706331338803825e+00
2.400000000000000000e+01 1.564676761627197266e-01 1.338730069700601416e+04 1.505507850878636256e-01
2.500000000000000000e+01 1.077093458175659180e+01 2.821878678120793484e+04 1.189006157870857905e+01
2.500000000000000000e+01 7.861900329589843750e-02 7.449981991781642137e+03 0.000000000000000000e+00
2.600000000000000000e+01 1.595427989959716797e-01 2.147348857167180176e+04 4.616995537231588287e+00
2.600000000000000000e+01 3.463554382324218750e-01 1.941658998342520499e+04 0.000000000000000000e+00
2.700000000000000000e+01 1.968309879302978516e-01 5.072784034538129163e+03 0.000000000000000000e+00
2.800000000000000000e+01 1.610250473022460938e-01 5.087656444217847820e+03 -7.056404504547197920e-01
2.900000000000000000e+01 1.766867637634277344e-01 5.617681664698738132e+03 -5.124165741842674482e-01
3.000000000000000000e+01 2.425882816314697266e-01 7.608737876044719087e+03 -1.679960571005081893e-01
3.100000000000000000e+01 2.770762443542480469e-01 8.355759893681881294e+03 -3.328288482451605135e-02
3.200000000000000000e+01 1.589705944061279297e-01 8.543256993216626142e+03 3.036047659229718174e-03
3.300000000000000000e+01 1.577777862548828125e-01 7.819791306786734822e+03 -1.410385340249035169e-01
3.400000000000000000e+01 2.250781059265136719e-01 7.539238242704783261e+03 -1.932861668489964380e-01
3.500000000000000000e+01 1.991775035858154297e-01 7.255687759984405602e+03 -2.481098223673892655e-01
3.600000000000000000e+01 1.738600730895996094e-01 6.960001839767904130e+03 -3.075324646069567680e-01
3.700000000000000000e+01 1.736867427825927734e-01 6.802750537729473763e+03 -3.331943840430406367e-01
3.800000000000000000e+01 1.556854248046875000e-01 6.704741458742398208e+03 -3.446646385584342109e-01
3.900000000000000000e+01 1.858105659484863281e-01 2.022634001109137535e+04 3.389669559746460337e+00
3.900000000000000000e+01 3.660748004913330078e-01 1.606656010478760436e+04 0.000000000000000000e+00
4.000000000000000000e+01 1.569762229919433594e-01 1.213984696586648533e+04 0.000000000000000000e+00
