1.649559793345864746e+05
1.000000000000000000e+00 4.601566791534423828e-01 5.830856658402413814e+03 0.000000000000000000e+00
2.000000000000000000e+00 4.921827316284179688e-01 6.816621629830629900e+03 1.585148983468356754e+00
3.000000000000000000e+00 4.908871650695800781e-01 8.001530753171657125e+03 3.296150709698530079e+00
3.000000000000000000e+00 1.015277624130249023e+00 6.071129691963222285e+03 0.000000000000000000e+00
4.000000000000000000e+00 4.805464744567871094e-01 9.313406850994919296e+03 0.000000000000000000e+00
5.000000000000000000e+00 4.846928119659423828e-01 9.462745416577967262e+03 7.722451436626178722e-01
6.000000000000000000e+00 5.462508201599121094e-01 8.837239456264194814e+03 2.894931176688080865e-01
7.000000000000000000e+00 4.698736667633056641e-01 8.722669829801223386e+03 1.897416943308046500e-01
8.000000000000000000e+00 4.950413703918457031e-01 8.660954346204523972e+03 1.298125209893589427e-01
9.000000000000000000e+00 4.880332946777343750e-01 8.486522658210451482e+03 -2.004335021557281452e-02
1.000000000000000000e+01 6.275508403778076172e-01 8.139672976782009755e+03 -3.254558352171610380e-01
1.100000000000000000e+01 5.348563194274902344e-01 7.909409730480800135e+03 -5.234411890482122409e-01
1.200000000000000000e+01 4.092843532562255859e-01 8.986084444347428871e+03 5.832412688090228281e-01
1.300000000000000000e+01 4.128127098083496094e-01 8.786031840198744248e+03 3.390237886692862856e-01
1.400000000000000000e+01 6.076281070709228516e-01 8.267223204688316400e+03 -2.406293227584579142e-01
1.500000000000000000e+01 4.548573493957519531e-01 7.848757657888513677e+03 -7.062824043923480177e-01
1.600000000000000000e+01 4.310288429260253906e-01 7.904073332171069524e+03 -6.027985575922539807e-01
1.700000000000000000e+01 4.406921863555908203e-01 7.477441841524541815e+03 -1.083835448904497678e+00
1.800000000000000000e+01 4.379444122314453125e-01 7.394224676231702688e+03 -1.107109572468083281e+00
1.900000000000000000e+01 4.682779312133789062e-01 9.118404450835849275e+03 1.008151100697009639e+00
2.000000000000000000e+01 4.464523792266845703e-01 1.065510356775618675e+04 2.771633071621214306e+00
2.100000000000000000e+01 5.708236694335937500e-01 1.138081787331002306e+04 2.973563819070488279e+00
2.200000000000000000e+01 5.074188709259033203e-01 1.288318244721326846e+04 3.654870559512391370e+00
2.200000000000000000e+01 9.420349597930908203e-01 1.036342276599549950e+04 0.000000000000000000e+00
2.300000000000000000e+01 4.689202308654785156e-01 1.162518363555866745e+04 0.000000000000000000e+00
2.400000000000000000e+01 4.441931247711181641e-01 1.204839793290333910e+04 1.181456092163551741e+00
2.500000000000000000e+01 2.939987564086914062e+01 2.738548309687811707e+04 1.829830053754168517e+01
2.500000000000000000e+01 2.102246284484863281e-01 4.755189075776122081e+03 0.000000000000000000e+00
2.600000000000000000e+01 2.894726371765136719e+01 2.070037148169059947e+04 8.777224063965642031e+00
2.600000000000000000e+01 2.113380432128906250e-01 3.313347356463209508e+03 0.000000000000000000e+00
2.700000000000000000e+01 5.641074180603027344e-01 2.822540417976619210e+03 -1.126082369460194688e+00
2.800000000000000000e+01 4.768865108489990234e-01 3.254282443558955947e+03 -3.978555526036497425e-01
2.900000000000000000e+01 5.027947425842285156e-01 4.122105899669891187e+03 5.626444092744361525e-01
3.000000000000000000e+01 4.859254360198974609e-01 6.187140703392165051e+03 2.920546051984024505e+00
3.100000000000000000e+01 4.517745971679687500e-01 6.299525994749219535e+03 1.721278473770744277e+00
3.200000000000000000e+01 5.173616409301757812e-01 6.695393785146992741e+03 1.593978204830351020e+00
3.300000000000000000e+01 4.564614295959472656e-01 6.136287933287168016e+03 9.247999859547433310e-01
3.400000000000000000e+01 4.653191566467285156e-01 5.561663421075396400e+03 4.568686747129992454e-01
3.500000000000000000e+01 5.047399997711181641e-01 5.042695663540590431e+03 7.338300345457519913e-02
3.600000000000000000e+01 4.460923671722412109e-01 4.618787120843730918e+03 -2.376077055566022944e-01
3.700000000000000000e+01 4.788880348205566406e-01 4.519855642764101503e+03 -3.030218535066480645e-01
3.800000000000000000e+01 4.984378814697265625e-01 4.562760903891758062e+03 -2.571104424370485031e-01
3.900000000000000000e+01 2.951182937622070312e+01 1.692688832307108896e+04 9.900356493123084078e+00
3.900000000000000000e+01 2.120988368988037109e-01 2.521404370424935223e+03 0.000000000000000000e+00
4.000000000000000000e+01 2.899796152114868164e+01 1.398329776685440265e+04 1.215046202597257974e+01
4.000000000000000000e+01 2.272899150848388672e-01 3.199114138224570070e+03 0.000000000000000000e+00
