1.701885378212325741e+05
1.000000000000000000e+00 6.159904003143310547e-01 5.703891077462103567e+03 0.000000000000000000e+00
2.000000000000000000e+00 5.779955387115478516e-01 6.424134712970254441e+03 6.715445496500457301e-01
3.000000000000000000e+00 5.604996681213378906e-01 7.474460842773307377e+03 3.048229564478132758e+00
3.000000000000000000e+00 1.109257936477661133e+00 7.038015686375037149e+03 0.000000000000000000e+00
4.000000000000000000e+00 5.572738647460937500e-01 9.438882278430122824e+03 0.000000000000000000e+00
5.000000000000000000e+00 5.540890693664550781e-01 9.505121644529548576e+03 7.461246134187913270e-01
6.000000000000000000e+00 5.447103977203369141e-01 8.862495431585268307e+03 1.435789970273659288e-01
7.000000000000000000e+00 5.591437816619873047e-01 8.772199490448319921e+03 5.300641563781523929e-02
8.000000000000000000e+00 5.178411006927490234e-01 8.651519432433982729e+03 -7.195624029532937671e-02
9.000000000000000000e+00 5.314123630523681641e-01 8.494059215514767857e+03 -2.432813887466345748e-01
1.000000000000000000e+01 5.401103496551513672e-01 8.177488381547625977e+03 -6.135509230574429651e-01
1.100000000000000000e+01 5.182137489318847656e-01 7.891964545637388255e+03 -9.309618619585894317e-01
1.200000000000000000e+01 5.143439769744873047e-01 8.874597761574521428e+03 4.397358741570365215e-01
1.300000000000000000e+01 5.123977661132812500e-01 8.807098381915187929e+03 3.230585873831712251e-01
1.400000000000000000e+01 5.140008926391601562e-01 8.288845645614081150e+03 -4.344796168021858307e-01
1.500000000000000000e+01 5.298035144805908203e-01 7.831243372125895803e+03 -1.095818676108820222e+00
1.600000000000000000e+01 5.183084011077880859e-01 7.797417811190024622e+03 -1.057147551209609793e+00
1.700000000000000000e+01 5.144083499908447266e-01 7.396635461164431035e+03 -1.573706640672557722e+00
1.800000000000000000e+01 5.149655342102050781e-01 7.287134753353818269e+03 -1.559535208450179899e+00
1.900000000000000000e+01 5.424752235412597656e-01 9.278686569620003866e+03 1.303479714552622681e+00
2.000000000000000000e+01 5.610179901123046875e-01 1.098219067640591493e+04 3.477667687969323573e+00
2.000000000000000000e+01 1.107974767684936523e+00 8.350992497383202135e+03 0.000000000000000000e+00
2.100000000000000000e+01 5.141532421112060547e-01 1.174548171905428171e+04 0.000000000000000000e+00
2.200000000000000000e+01 5.147197246551513672e-01 1.260765462023866348e+04 1.066305626827677822e+00
2.300000000000000000e+01 5.142076015472412109e-01 1.277052539991076992e+04 8.305952514343188930e-01
2.400000000000000000e+01 5.184917449951171875e-01 1.229455130211833784e+04 4.491453737061141815e-01
2.500000000000000000e+01 2.837499666213989258e+01 2.582201428791445869e+04 7.785531243450519057e+00
2.500000000000000000e+01 4.608693122863769531e-01 4.795643990029697306e+03 0.000000000000000000e+00
2.600000000000000000e+01 2.747104406356811523e+01 2.641930602979241303e+04 1.204633204303915406e+01
2.600000000000000000e+01 4.609830379486083984e-01 3.333388205040198045e+03 0.000000000000000000e+00
2.700000000000000000e+01 5.707511901855468750e-01 2.770735155787319400e+03 -1.184525866044923825e+00
2.800000000000000000e+01 5.668637752532958984e-01 3.187497979345405383e+03 -4.432722421164326243e-01
2.900000000000000000e+01 5.727846622467041016e-01 4.028057267658152796e+03 4.640158218627626341e-01
3.000000000000000000e+01 5.628709793090820312e-01 5.913665592490712697e+03 2.575547842461404002e+00
3.100000000000000000e+01 5.422093868255615234e-01 6.180357673698759754e+03 1.775979969362758704e+00
3.200000000000000000e+01 5.530939102172851562e-01 6.286921369484712159e+03 1.421448106143176737e+00
3.300000000000000000e+01 5.419528484344482422e-01 5.851189305379803955e+03 8.779430072414178277e-01
3.400000000000000000e+01 5.213434696197509766e-01 5.361047646882823756e+03 4.487658536347315374e-01
3.500000000000000000e+01 5.249881744384765625e-01 4.877062531619970287e+03 6.376956808133024679e-02
3.600000000000000000e+01 5.193946361541748047e-01 4.450916560277264580e+03 -2.728184131666779311e-01
3.700000000000000000e+01 5.531148910522460938e-01 4.327778201932835145e+03 -3.622527847558290048e-01
3.800000000000000000e+01 5.275485515594482422e-01 4.353624076367802445e+03 -3.253598479398490118e-01
3.900000000000000000e+01 2.866551899909973145e+01 1.796926444545726918e+04 1.169452563759337593e+01
3.900000000000000000e+01 4.612505435943603516e-01 2.522968069535920677e+03 0.000000000000000000e+00
4.000000000000000000e+01 2.806442523002624512e+01 1.722134962820737928e+04 1.577082712229824146e+01
4.000000000000000000e+01 4.597609043121337891e-01 3.200926736098865604e+03 0.000000000000000000e+00
