1.713738953144831758e+05
1.000000000000000000e+00 1.999208927154541016e-01 8.853948284467089252e+03 0.000000000000000000e+00
2.000000000000000000e+00 2.448089122772216797e-01 9.455968704364193400e+03 -4.128453386002717274e-01
3.000000000000000000e+00 3.202784061431884766e-01 1.005826442968856645e+04 2.568452838117165488e-02
4.000000000000000000e+00 2.626442909240722656e-01 1.162709694857764043e+04 1.282038940064352150e+00
5.000000000000000000e+00 2.862377166748046875e-01 1.177459240846663306e+04 1.101412602153170939e+00
6.000000000000000000e+00 3.360373973846435547e-01 1.151344829784101967e+04 7.153729096184671121e-01
7.000000000000000000e+00 7.989058494567871094e-01 1.147405429808412373e+04 6.121223496367013128e-01
8.000000000000000000e+00 9.442679882049560547e-01 1.122166963252894857e+04 3.482337710868051439e-01
9.000000000000000000e+00 1.054564237594604492e+00 1.088932486329074527e+04 2.789281030174742965e-02
1.000000000000000000e+01 1.167896986007690430e+00 1.054042172939900593e+04 -3.079705189247191055e-01
1.100000000000000000e+01 1.333035230636596680e+00 1.035174170023084480e+04 -4.835374365552905784e-01
1.200000000000000000e+01 1.318028926849365234e+00 1.092739184089072660e+04 1.410254013078672541e-01
1.300000000000000000e+01 1.403289318084716797e+00 1.092143247643255927e+04 1.293594018463223860e-01
1.400000000000000000e+01 1.511640787124633789e+00 1.079001839837214357e+04 -2.398905109464248911e-02
1.500000000000000000e+01 1.882342576980590820e+00 1.055065807023104935e+04 -3.047374945518628309e-01
1.600000000000000000e+01 1.675954103469848633e+00 1.042651437364426056e+04 -4.454610498456789691e-01
1.700000000000000000e+01 1.809134960174560547e+00 1.024117557952300376e+04 -6.612025160501218135e-01
1.800000000000000000e+01 1.915897846221923828e+00 1.014964423991003241e+04 -7.515764094561262487e-01
1.900000000000000000e+01 2.111501216888427734e+00 1.119003138436641348e+04 6.148983225511984729e-01
2.000000000000000000e+01 2.092990159988403320e+00 1.322732166717207292e+04 3.256272698316680536e+00
2.000000000000000000e+01 4.115687131881713867e+00 1.168988003157902676e+04 0.000000000000000000e+00
2.100000000000000000e+01 2.114995241165161133e+00 1.435795195896414043e+04 0.000000000000000000e+00
2.200000000000000000e+01 2.111473321914672852e+00 1.498723146751537752e+04 1.040656865193777092e+00
2.300000000000000000e+01 2.244086503982543945e+00 1.521592285779579470e+04 8.783207120381595345e-01
2.400000000000000000e+01 2.381638050079345703e+00 1.410274280113834357e+04 2.464379131628361211e-02
2.500000000000000000e+01 9.694729566574096680e+00 3.158250553177199981e+04 1.245812096989448214e+01
2.500000000000000000e+01 1.137800216674804688e-01 8.762399004485196201e+03 0.000000000000000000e+00
2.600000000000000000e+01 2.562243938446044922e-01 2.322630689478034765e+04 3.961718432753225549e+00
2.600000000000000000e+01 4.250416755676269531e-01 1.900234826380978484e+04 0.000000000000000000e+00
2.700000000000000000e+01 2.277302742004394531e-01 6.262657070152986307e+03 0.000000000000000000e+00
2.800000000000000000e+01 2.497251033782958984e-01 5.570044073331811887e+03 -7.839926867152530177e-01
2.900000000000000000e+01 2.593641281127929688e-01 6.007214473234908837e+03 -5.647306633353682548e-01
3.000000000000000000e+01 7.019693851470947266e-01 7.808045683510583331e+03 -2.146457485683843924e-01
3.100000000000000000e+01 7.171306610107421875e-01 8.590315485788692968e+03 -5.967408564966469875e-02
3.200000000000000000e+01 8.424103260040283203e-01 8.898677236999161323e+03 4.954610603390379245e-03
3.300000000000000000e+01 8.991551399230957031e-01 8.215789266328154554e+03 -1.421945046397065926e-01
3.400000000000000000e+01 1.096783638000488281e+00 7.957804153368396328e+03 -1.940248107719951820e-01
3.500000000000000000e+01 1.246650218963623047e+00 7.709487258540748371e+03 -2.453560959665668784e-01
3.600000000000000000e+01 1.214351177215576172e+00 7.446017211221341313e+03 -3.023155469108371740e-01
3.700000000000000000e+01 1.299268245697021484e+00 7.301518869082024139e+03 -3.280135968250453837e-01
3.800000000000000000e+01 1.560835599899291992e+00 7.189674102051641057e+03 -3.458358201747830929e-01
3.900000000000000000e+01 1.542099475860595703e+00 2.080030379827423167e+04 3.718391118046864285e+00
3.900000000000000000e+01 3.111591100692749023e+00 1.739902090106305332e+04 0.000000000000000000e+00
4.000000000000000000e+01 1.570862293243408203e+00 1.541060117294658630e+04 0.000000000000000000e+00
