1.989015946481633291e+05
1.000000000000000000e+00 6.205654144287109375e-02 1.078312418755885483e+04 0.000000000000000000e+00
2.000000000000000000e+00 1.357328891754150391e-01 1.120634919630231889e+04 -5.665629591294791823e-01
3.000000000000000000e+00 1.086897850036621094e-01 1.177165353683382455e+04 -2.438495651797501773e-01
4.000000000000000000e+00 5.763149261474609375e-02 1.281748258387563146e+04 3.184295942499924537e-01
5.000000000000000000e+00 6.224346160888671875e-02 1.383295212763631025e+04 8.876287587399952494e-01
6.000000000000000000e+00 5.895495414733886719e-02 1.356131463248178807e+04 6.008970726748591451e-01
7.000000000000000000e+00 6.979298591613769531e-02 1.348536910677811284e+04 4.983096331601321594e-01
8.000000000000000000e+00 5.909895896911621094e-02 1.331032506027586351e+04 3.422955526923932568e-01
9.000000000000000000e+00 6.163144111633300781e-02 1.305583133444851410e+04 1.371844753994053978e-01
1.000000000000000000e+01 5.948901176452636719e-02 1.278139951237591049e+04 -8.134603439715751283e-02
1.100000000000000000e+01 5.870127677917480469e-02 1.259073151791436612e+04 -2.332520709014447857e-01
1.200000000000000000e+01 8.442115783691406250e-02 1.242640674993960056e+04 -3.637449493952440993e-01
1.300000000000000000e+01 5.857515335083007812e-02 1.182624235832701743e+04 -8.800786958154005468e-01
1.400000000000000000e+01 1.036145687103271484e-01 1.173103961066022566e+04 -9.113935062504974205e-01
1.500000000000000000e+01 8.099651336669921875e-02 1.153666106614491036e+04 -1.032927002381947679e+00
1.600000000000000000e+01 6.326317787170410156e-02 1.140104663484122648e+04 -1.090720876248040261e+00
1.700000000000000000e+01 5.871963500976562500e-02 1.128062633102485415e+04 -1.130989319384190450e+00
1.800000000000000000e+01 5.925726890563964844e-02 1.123803034467434918e+04 -1.099736740559973613e+00
1.900000000000000000e+01 5.930948257446289062e-02 1.228655462116671515e+04 -1.046218043533753694e-01
2.000000000000000000e+01 6.969738006591796875e-02 1.439296208476510037e+04 1.823132438767905317e+00
2.100000000000000000e+01 5.947732925415039062e-02 1.658841668306831343e+04 3.555384510666232512e+00
2.100000000000000000e+01 1.130967140197753906e-01 1.420138902882727416e+04 0.000000000000000000e+00
2.200000000000000000e+01 5.815982818603515625e-02 1.731078744504423230e+04 0.000000000000000000e+00
2.300000000000000000e+01 1.157922744750976562e-01 1.806820755950031162e+04 1.051595860711192598e+00
2.400000000000000000e+01 8.441138267517089844e-02 1.698209022839773024e+04 2.221864810422480851e-01
2.500000000000000000e+01 3.733914852142333984e+00 3.179513993484734601e+04 8.974884817050028829e+00
2.500000000000000000e+01 2.827262878417968750e-02 1.099072840870881373e+04 0.000000000000000000e+00
2.600000000000000000e+01 6.114816665649414062e-02 2.104780777290776678e+04 1.881048890723762135e+00
2.700000000000000000e+01 6.752061843872070312e-02 9.317520805776110137e+03 -1.361732675543531723e+00
2.800000000000000000e+01 6.568694114685058594e-02 8.426089115212704201e+03 -1.127162020089757632e+00
2.900000000000000000e+01 6.223320960998535156e-02 8.296635228626691969e+03 -9.240182709833124619e-01
3.000000000000000000e+01 5.773901939392089844e-02 9.289662970542562107e+03 -6.025499417695275861e-01
3.100000000000000000e+01 6.120204925537109375e-02 9.974126372477105178e+03 -4.092412850426177529e-01
3.200000000000000000e+01 8.551454544067382812e-02 1.031435840995591934e+04 -3.080326635534006430e-01
3.300000000000000000e+01 5.812835693359375000e-02 9.647116854884536224e+03 -4.454030801270185136e-01
3.400000000000000000e+01 5.805063247680664062e-02 9.384349400981816871e+03 -4.843136741868442341e-01
3.500000000000000000e+01 5.808973312377929688e-02 9.247305611781708649e+03 -4.933656718014557407e-01
3.600000000000000000e+01 5.807495117187500000e-02 9.104383739440250793e+03 -5.066229481263326839e-01
3.700000000000000000e+01 5.539250373840332031e-02 9.028653315364945229e+03 -5.038047124007835054e-01
3.800000000000000000e+01 1.332588195800781250e-01 8.964929871643395018e+03 -5.000192664429308209e-01
3.900000000000000000e+01 5.687975883483886719e-02 2.245251258934904035e+04 3.397407629658703687e+00
3.900000000000000000e+01 1.072196960449218750e-01 1.903126078117889119e+04 0.000000000000000000e+00
4.000000000000000000e+01 5.499029159545898438e-02 1.641006638903569547e+04 0.000000000000000000e+00
