1.704563148845447868e+05
1.000000000000000000e+00 6.044867038726806641e-01 5.665740540943355882e+03 0.000000000000000000e+00
2.000000000000000000e+00 5.801870822906494141e-01 6.424742439673816079e+03 6.283917352135890422e-01
3.000000000000000000e+00 5.710732936859130859e-01 7.467278125832016485e+03 2.835257459302314764e+00
4.000000000000000000e+00 5.643904209136962891e-01 9.528928406201628604e+03 4.089891425494633026e+00
4.000000000000000000e+00 1.124075651168823242e+00 8.290062462738587783e+03 0.000000000000000000e+00
5.000000000000000000e+00 5.496971607208251953e-01 9.396539632980035094e+03 0.000000000000000000e+00
6.000000000000000000e+00 5.507254600524902344e-01 8.628896563399906881e+03 -2.740352335420859209e-01
7.000000000000000000e+00 5.413825511932373047e-01 8.490915268459220897e+03 -4.955171904322897003e-01
8.000000000000000000e+00 5.312368869781494141e-01 8.411516890309587325e+03 -5.996895843721882224e-01
9.000000000000000000e+00 5.189633369445800781e-01 8.253394943443488955e+03 -8.897338448917797571e-01
1.000000000000000000e+01 5.229039192199707031e-01 7.928616304448627488e+03 -1.535186334236467109e+00
1.100000000000000000e+01 5.305120944976806641e-01 7.652257311072976336e+03 -1.820001129242643012e+00
1.200000000000000000e+01 5.640814304351806641e-01 8.679921685793669894e+03 5.779377777593365240e-01
1.300000000000000000e+01 5.195202827453613281e-01 8.627777767526386015e+03 4.321568904005214651e-01
1.400000000000000000e+01 5.266919136047363281e-01 8.043201143597426380e+03 -8.361476596321519850e-01
1.500000000000000000e+01 5.279986858367919922e-01 7.632178171247254795e+03 -1.665730524144488411e+00
1.600000000000000000e+01 5.207686424255371094e-01 7.717405413535525440e+03 -1.256813545227846607e+00
1.700000000000000000e+01 5.185985565185546875e-01 7.320007475113081455e+03 -1.930677541399058450e+00
1.800000000000000000e+01 5.297236442565917969e-01 7.193465502148953419e+03 -1.875166990337171269e+00
1.900000000000000000e+01 5.182712078094482422e-01 8.973309474554780536e+03 1.393459173291257791e+00
2.000000000000000000e+01 5.797696113586425781e-01 1.070208932003543669e+04 4.124881169871362552e+00
2.000000000000000000e+01 1.156589269638061523e+00 8.195242809846973614e+03 0.000000000000000000e+00
2.100000000000000000e+01 5.208475589752197266e-01 1.117702326305310635e+04 0.000000000000000000e+00
2.200000000000000000e+01 5.204293727874755859e-01 1.245230045800877087e+04 1.311951548665053924e+00
2.300000000000000000e+01 5.478122234344482422e-01 1.308657056943601128e+04 1.134378999074158179e+00
2.400000000000000000e+01 5.179219245910644531e-01 1.244535035830317429e+04 5.605606566681874403e-01
2.500000000000000000e+01 2.957725620269775391e+01 2.499000339131166402e+04 6.903369962463292708e+00
2.500000000000000000e+01 5.081455707550048828e-01 4.767001300052820625e+03 0.000000000000000000e+00
2.600000000000000000e+01 2.964616703987121582e+01 2.475009473111814077e+04 1.114955528771959337e+01
2.600000000000000000e+01 5.981180667877197266e-01 3.346326206349684526e+03 0.000000000000000000e+00
2.700000000000000000e+01 5.813724994659423828e-01 2.793598187806530859e+03 -1.174291037547507743e+00
2.800000000000000000e+01 5.742537975311279297e-01 3.212450468981654012e+03 -4.377546282278473866e-01
2.900000000000000000e+01 5.548925399780273438e-01 4.040137866957339156e+03 4.564260417647817425e-01
3.000000000000000000e+01 5.375602245330810547e-01 6.161462312795784783e+03 2.843889046507590557e+00
3.100000000000000000e+01 5.430274009704589844e-01 6.418199864572028673e+03 1.817991021376993199e+00
3.200000000000000000e+01 5.678737163543701172e-01 6.534706926864456364e+03 1.443637830172432190e+00
3.300000000000000000e+01 5.566744804382324219e-01 6.045965028087674909e+03 8.781447103068213966e-01
3.400000000000000000e+01 5.229570865631103516e-01 5.659515751017369439e+03 5.408953317394705751e-01
3.500000000000000000e+01 5.260291099548339844e-01 5.201520722155544718e+03 1.920418018328423904e-01
3.600000000000000000e+01 5.136413574218750000e-01 4.732156997164603126e+03 -1.570428087342083390e-01
3.700000000000000000e+01 5.256371498107910156e-01 4.569462420637564719e+03 -2.745425643932146165e-01
3.800000000000000000e+01 5.341234207153320312e-01 4.555640321268471780e+03 -2.748041814525369331e-01
3.900000000000000000e+01 2.887473273277282715e+01 1.715103687731267928e+04 1.008558017219037239e+01
3.900000000000000000e+01 4.713053703308105469e-01 2.527731757430753987e+03 0.000000000000000000e+00
4.000000000000000000e+01 3.084168791770935059e+01 1.805365327192790573e+04 1.666575622897690323e+01
4.000000000000000000e+01 4.579517841339111328e-01 3.222351496793402930e+03 0.000000000000000000e+00
