1.659882611456956947e+05
1.000000000000000000e+00 7.164309024810791016e-01 5.335674756203829929e+03 0.000000000000000000e+00
2.000000000000000000e+00 7.162525653839111328e-01 6.154345134193900776e+03 3.092979830510049766e+00
2.000000000000000000e+00 1.431774139404296875e+00 6.074789713611522529e+03 0.000000000000000000e+00
3.000000000000000000e+00 6.889691352844238281e-01 7.433403442435625948e+03 0.000000000000000000e+00
4.000000000000000000e+00 6.825463771820068359e-01 9.474470526782444722e+03 2.831702382686089425e+00
5.000000000000000000e+00 6.593594551086425781e-01 9.286278604173407075e+03 9.498439628946570013e-01
6.000000000000000000e+00 6.823222637176513672e-01 8.423409955467002874e+03 2.203544335867781978e-01
7.000000000000000000e+00 6.702423095703125000e-01 8.166674529962614542e+03 2.001920390734596503e-02
8.000000000000000000e+00 6.468317508697509766e-01 7.989121299708383958e+03 -1.222455166076359956e-01
9.000000000000000000e+00 6.389892101287841797e-01 7.827208881671514064e+03 -2.552041914309971515e-01
1.000000000000000000e+01 6.299381256103515625e-01 7.489248282497726905e+03 -5.554812843133009048e-01
1.100000000000000000e+01 6.281278133392333984e-01 7.207893450897689036e+03 -7.931856644305841364e-01
1.200000000000000000e+01 6.391022205352783203e-01 8.299203769922300125e+03 3.631259031021503159e-01
1.300000000000000000e+01 6.609792709350585938e-01 8.226720596094677603e+03 2.695307880029451097e-01
1.400000000000000000e+01 6.852579116821289062e-01 7.623329203071773918e+03 -4.043482618341990853e-01
1.500000000000000000e+01 6.641368865966796875e-01 7.259290992829375682e+03 -8.019063729500592874e-01
1.600000000000000000e+01 6.608295440673828125e-01 7.450464133788571417e+03 -5.352013229797475402e-01
1.700000000000000000e+01 6.579079627990722656e-01 6.955475569039123911e+03 -1.101569564363861886e+00
1.800000000000000000e+01 6.624603271484375000e-01 6.790845915765456994e+03 -1.222836289237105412e+00
1.900000000000000000e+01 6.374113559722900391e-01 8.547832738264352884e+03 9.166850755031854536e-01
2.000000000000000000e+01 6.264524459838867188e-01 1.038019727411890744e+04 3.025476945077257174e+00
2.000000000000000000e+01 1.276458024978637695e+00 7.868166711719456544e+03 0.000000000000000000e+00
2.100000000000000000e+01 6.769666671752929688e-01 1.077735363901499113e+04 0.000000000000000000e+00
2.200000000000000000e+01 6.543993949890136719e-01 1.198311506773124711e+04 1.293251366629909471e+00
2.300000000000000000e+01 6.767694950103759766e-01 1.214359668395546942e+04 9.142633035651293039e-01
2.400000000000000000e+01 6.508696079254150391e-01 1.189665138590079005e+04 6.080246968673704844e-01
2.500000000000000000e+01 3.533257651329040527e+01 2.436147153986138801e+04 7.473007541506676787e+00
2.500000000000000000e+01 5.469441413879394531e-01 4.218820481978936186e+03 0.000000000000000000e+00
2.600000000000000000e+01 3.559095597267150879e+01 2.521697180367343390e+04 1.337070027922354498e+01
2.600000000000000000e+01 5.912625789642333984e-01 2.929689493390743792e+03 0.000000000000000000e+00
2.700000000000000000e+01 8.436374664306640625e-01 2.442625947714723679e+03 -1.177335365878874551e+00
2.800000000000000000e+01 6.747369766235351562e-01 2.898299585966824907e+03 -3.517066590423152395e-01
2.900000000000000000e+01 6.547260284423828125e-01 3.765398465186750400e+03 7.060474536642877830e-01
3.000000000000000000e+01 6.721560955047607422e-01 5.734896603293625049e+03 3.130722311261362911e+00
3.000000000000000000e+01 1.330508232116699219e+00 5.301892253598129173e+03 0.000000000000000000e+00
3.100000000000000000e+01 6.656715869903564453e-01 5.825676004989029025e+03 0.000000000000000000e+00
3.200000000000000000e+01 6.587882041931152344e-01 5.936825901040538156e+03 1.007210955924670026e+00
3.300000000000000000e+01 7.109923362731933594e-01 5.450441149094005596e+03 -7.009892873359798715e-01
3.400000000000000000e+01 6.578774452209472656e-01 4.889160531489361347e+03 -2.454634815951096893e+00
3.500000000000000000e+01 6.408145427703857422e-01 4.429512560110140839e+03 -2.495530861495099728e+00
3.600000000000000000e+01 6.473758220672607422e-01 3.993470431284172719e+03 -2.297455681281813877e+00
3.700000000000000000e+01 6.310231685638427734e-01 3.900224417466750765e+03 -1.692593305097448209e+00
3.800000000000000000e+01 6.550364494323730469e-01 3.983936296811077227e+03 -1.237935328121173795e+00
3.900000000000000000e+01 3.607910656929016113e+01 1.789335898236965295e+04 1.607496564295568220e+01
3.900000000000000000e+01 5.493507385253906250e-01 2.114547931066337242e+03 0.000000000000000000e+00
4.000000000000000000e+01 3.536375331878662109e+01 1.857258770330562766e+04 2.130722802203472810e+01
4.000000000000000000e+01 5.396621227264404297e-01 2.768285784259479442e+03 0.000000000000000000e+00
