1.618597547884056112e+05
1.000000000000000000e+00 8.097949028015136719e-01 5.150318986514490462e+03 0.000000000000000000e+00
2.000000000000000000e+00 4.345627045631408691e+01 5.950389166031599416e+03 6.641964789965358662e+00
2.000000000000000000e+00 6.605651378631591797e-01 3.350750407778366480e+03 0.000000000000000000e+00
3.000000000000000000e+00 9.020721912384033203e-01 6.714170071911447849e+03 2.132014684815517036e+00
4.000000000000000000e+00 8.322169780731201172e-01 7.907834160720868567e+03 1.711043489291536268e+00
5.000000000000000000e+00 8.226909637451171875e-01 7.903397935183409572e+03 1.082890039127984982e+00
6.000000000000000000e+00 7.741892337799072266e-01 7.095617161200154442e+03 4.637531277185549805e-01
7.000000000000000000e+00 8.070278167724609375e-01 6.896636600928039115e+03 3.124201109858557590e-01
8.000000000000000000e+00 7.603454589843750000e-01 6.698210890610061142e+03 1.714394405560598911e-01
9.000000000000000000e+00 7.648446559906005859e-01 6.453244754962905972e+03 2.694667217820558881e-03
1.000000000000000000e+01 7.669947147369384766e-01 6.097928340044114520e+03 -2.439690923334010830e-01
1.100000000000000000e+01 7.922377586364746094e-01 5.902615511388001323e+03 -3.753713168864797889e-01
1.200000000000000000e+01 7.773900032043457031e-01 7.516895310817276368e+03 8.821084090076688478e-01
1.300000000000000000e+01 7.733242511749267578e-01 7.225382361756413047e+03 5.925792669330135487e-01
1.400000000000000000e+01 7.840840816497802734e-01 6.519337963017493166e+03 -2.304749373304589097e-03
1.500000000000000000e+01 7.741150856018066406e-01 6.234267459356792642e+03 -2.398281449070745752e-01
1.600000000000000000e+01 7.671558856964111328e-01 6.521033867679091600e+03 1.571494479816104919e-02
1.700000000000000000e+01 7.669651508331298828e-01 5.999238210045892629e+03 -4.509492061862190315e-01
1.800000000000000000e+01 7.791874408721923828e-01 5.907937132175527040e+03 -5.192878165205785379e-01
1.900000000000000000e+01 7.969429492950439453e-01 8.113227121336919481e+03 1.566359964224634638e+00
2.000000000000000000e+01 7.841770648956298828e-01 9.774681328489088628e+03 2.935793543741485045e+00
2.100000000000000000e+01 7.706975936889648438e-01 1.032049851795248651e+04 2.796360844877102458e+00
2.200000000000000000e+01 7.664005756378173828e-01 1.147077400338892039e+04 3.087033705772352921e+00
2.200000000000000000e+01 1.529270410537719727e+00 8.793466317526777857e+03 0.000000000000000000e+00
2.300000000000000000e+01 7.383756637573242188e-01 1.176315620636704625e+04 0.000000000000000000e+00
2.400000000000000000e+01 7.605855464935302734e-01 1.118210445759156937e+04 4.304006959327136284e-01
2.500000000000000000e+01 4.344965767860412598e+01 2.454894306164299269e+04 8.875846276651769173e+00
2.500000000000000000e+01 6.755206584930419922e-01 3.753905613822494615e+03 0.000000000000000000e+00
2.600000000000000000e+01 4.220433020591735840e+01 2.846673602134227986e+04 1.791308430633145576e+01
2.600000000000000000e+01 6.407291889190673828e-01 2.602348698272031470e+03 0.000000000000000000e+00
2.700000000000000000e+01 7.816808223724365234e-01 2.198557274287788005e+03 -1.145977489441470487e+00
2.800000000000000000e+01 7.923791408538818359e-01 2.679164978100444387e+03 -2.495149174910651912e-01
2.900000000000000000e+01 8.032083511352539062e-01 3.492901515911540628e+03 8.791751581251975312e-01
3.000000000000000000e+01 7.763886451721191406e-01 5.257998710674774884e+03 3.261309577149773986e+00
3.000000000000000000e+01 1.570544719696044922e+00 5.359699278956369199e+03 0.000000000000000000e+00
3.100000000000000000e+01 8.312301635742187500e-01 5.638634017119826240e+03 0.000000000000000000e+00
3.200000000000000000e+01 7.741355895996093750e-01 5.509122409603046435e+03 5.047622652383006170e-02
3.300000000000000000e+01 7.919230461120605469e-01 5.270413906506880267e+03 -1.662571587217785973e+00
3.400000000000000000e+01 8.422849178314208984e-01 4.627313898876519488e+03 -5.024121876550412757e+00
3.500000000000000000e+01 7.829074859619140625e-01 4.063842947656219621e+03 -3.107875704528490157e+00
3.600000000000000000e+01 7.850177288055419922e-01 3.618602725649929198e+03 -2.400692253366740303e+00
3.700000000000000000e+01 7.851619720458984375e-01 3.588882596786004797e+03 -1.636698845455754947e+00
3.800000000000000000e+01 7.521052360534667969e-01 3.737021065252053177e+03 -1.138326912212897168e+00
3.900000000000000000e+01 4.322347784042358398e+01 1.664680980659698980e+04 1.396670626284543637e+01
3.900000000000000000e+01 6.510276794433593750e-01 1.787042187159896230e+03 0.000000000000000000e+00
4.000000000000000000e+01 4.314490222930908203e+01 1.852796212578562699e+04 2.578945406546381847e+01
4.000000000000000000e+01 6.681087017059326172e-01 2.404215372968591510e+03 0.000000000000000000e+00
