1.618790851236254384e+05
1.000000000000000000e+00 5.355193614959716797e-01 6.221300768268488355e+03 0.000000000000000000e+00
2.000000000000000000e+00 5.380716323852539062e-01 6.995508250771397798e+03 1.187839730862079030e-01
3.000000000000000000e+00 6.273999214172363281e-01 8.217541186570622813e+03 1.946442429345400793e+00
4.000000000000000000e+00 5.584630966186523438e-01 9.785926401976163106e+03 3.002981059994234592e+00
4.000000000000000000e+00 1.176066398620605469e+00 7.785424609284928010e+03 0.000000000000000000e+00
5.000000000000000000e+00 5.719482898712158203e-01 8.957811704444671705e+03 0.000000000000000000e+00
6.000000000000000000e+00 5.759527683258056641e-01 8.917284766065969961e+03 6.582204141041728684e-01
7.000000000000000000e+00 6.929607391357421875e-01 8.885818700243376952e+03 4.993507678834819830e-01
8.000000000000000000e+00 5.687551498413085938e-01 8.802451116008274767e+03 2.919126057318803813e-01
9.000000000000000000e+00 6.607041358947753906e-01 8.650010836073412065e+03 -3.968203745328770932e-02
1.000000000000000000e+01 5.634853839874267578e-01 8.358823179798395358e+03 -6.910623052343460859e-01
1.100000000000000000e+01 5.984137058258056641e-01 8.129232587400753800e+03 -1.166999213356079812e+00
1.200000000000000000e+01 5.392544269561767578e-01 8.912063164339466312e+03 8.197266144899197915e-01
1.300000000000000000e+01 5.399627685546875000e-01 8.913368946637070621e+03 7.508356712893242690e-01
1.400000000000000000e+01 5.714883804321289062e-01 8.387599188531106847e+03 -6.001730585474772672e-01
1.500000000000000000e+01 5.487515926361083984e-01 8.046459521969482921e+03 -1.435094684436384993e+00
1.600000000000000000e+01 6.348550319671630859e-01 8.249459115089006445e+03 -7.673391650285434906e-01
1.700000000000000000e+01 5.980336666107177734e-01 7.854967268735129437e+03 -1.709071198283957038e+00
1.800000000000000000e+01 6.864552497863769531e-01 7.734198061809918727e+03 -1.775787621278042794e+00
1.900000000000000000e+01 5.708162784576416016e-01 9.544338310662173171e+03 2.435757926327495326e+00
2.000000000000000000e+01 2.317926168441772461e+01 1.129170870069610828e+04 5.371393620234770516e+00
2.000000000000000000e+01 1.746954917907714844e-01 5.304015269419228389e+03 0.000000000000000000e+00
2.100000000000000000e+01 5.387852191925048828e-01 9.285339628416288178e+03 1.415980208084706149e+00
2.200000000000000000e+01 5.695600509643554688e-01 9.581972473740783244e+03 1.019682766145418862e+00
2.300000000000000000e+01 5.790452957153320312e-01 1.012073833199836372e+04 1.070600295362215126e+00
2.400000000000000000e+01 6.746439933776855469e-01 1.044914742562695028e+04 1.035603485580026240e+00
2.500000000000000000e+01 2.336677193641662598e+01 2.185631420707015423e+04 6.844167423142715201e+00
2.500000000000000000e+01 1.617500782012939453e-01 5.486722640725698511e+03 0.000000000000000000e+00
2.600000000000000000e+01 2.210797262191772461e+01 2.034061971425545926e+04 6.950135646034588888e+00
2.600000000000000000e+01 1.626298427581787109e-01 3.863670670815897665e+03 0.000000000000000000e+00
2.700000000000000000e+01 5.743653774261474609e-01 3.190015705128135323e+03 -1.200260608210026447e+00
2.800000000000000000e+01 6.291399002075195312e-01 3.574775531174454954e+03 -5.237160789331567479e-01
2.900000000000000000e+01 5.528249740600585938e-01 4.382048606222185299e+03 2.380511953142862291e-01
3.000000000000000000e+01 6.065130233764648438e-01 6.493225699852803700e+03 2.304715831687409455e+00
3.100000000000000000e+01 5.410139560699462891e-01 6.722267298050353020e+03 1.653812976971147153e+00
3.200000000000000000e+01 6.045002937316894531e-01 6.790412195691674242e+03 1.328152036975674744e+00
3.300000000000000000e+01 6.749949455261230469e-01 6.254749222917388579e+03 7.644269548089771549e-01
3.400000000000000000e+01 5.448393821716308594e-01 5.764222873638893361e+03 3.654980058297471190e-01
3.500000000000000000e+01 6.586713790893554688e-01 5.433733441221472276e+03 1.084303939036319470e-01
3.600000000000000000e+01 4.913578033447265625e-01 5.123606020608234758e+03 -1.313147309998116408e-01
3.700000000000000000e+01 5.082361698150634766e-01 5.039173662878048162e+03 -1.932411801264304618e-01
3.800000000000000000e+01 5.479857921600341797e-01 5.038391161324278073e+03 -1.866653723095051121e-01
3.900000000000000000e+01 2.210033464431762695e+01 1.611965578626235401e+04 9.364790202780703510e+00
3.900000000000000000e+01 1.548790931701660156e-01 3.054675456962640510e+03 0.000000000000000000e+00
4.000000000000000000e+01 2.122145819664001465e+01 1.355744277164182677e+04 9.017760025866740747e+00
4.000000000000000000e+01 1.617288589477539062e-01 3.910745492630878744e+03 0.000000000000000000e+00
