1.518383107121585344e+05
1.000000000000000000e+00 1.323951721191406250e+00 5.037526343192253080e+03 0.000000000000000000e+00
2.000000000000000000e+00 1.353327989578247070e+00 6.170326764774296862e+03 3.557837942388761387e+00
2.000000000000000000e+00 2.704741954803466797e+00 4.909761560898487915e+03 0.000000000000000000e+00
3.000000000000000000e+00 1.268019437789916992e+00 6.789680027885367963e+03 0.000000000000000000e+00
4.000000000000000000e+00 1.281660795211791992e+00 8.792892148238213849e+03 2.214070938761861118e+00
5.000000000000000000e+00 1.262823581695556641e+00 8.567550998980959776e+03 8.943718502316619912e-01
6.000000000000000000e+00 1.180831909179687500e+00 7.463986057454500951e+03 1.100881896741072036e-01
7.000000000000000000e+00 1.336134433746337891e+00 7.163330879249723694e+03 -9.019993543362329891e-02
8.000000000000000000e+00 1.259809970855712891e+00 7.002092621607547699e+03 -1.988304580713392555e-01
9.000000000000000000e+00 1.347161531448364258e+00 6.803461530285097069e+03 -3.405466020001192140e-01
1.000000000000000000e+01 1.178489685058593750e+00 6.471382570739462608e+03 -5.958012691228877777e-01
1.100000000000000000e+01 1.265685796737670898e+00 6.306177917550798156e+03 -6.977393328654550864e-01
1.200000000000000000e+01 1.312967777252197266e+00 7.845244634751678859e+03 7.361264583126817529e-01
1.300000000000000000e+01 1.150176048278808594e+00 7.341388593102625236e+03 2.215935525152269714e-01
1.400000000000000000e+01 1.262179613113403320e+00 6.634350317310142600e+03 -4.706504672077147511e-01
1.500000000000000000e+01 1.393651485443115234e+00 6.372596810780271881e+03 -7.113641284186748015e-01
1.600000000000000000e+01 1.235706329345703125e+00 6.630828348340558478e+03 -4.107778981943694951e-01
1.700000000000000000e+01 1.261738061904907227e+00 6.174373528443287796e+03 -8.762330330851315630e-01
1.800000000000000000e+01 1.386897325515747070e+00 6.088008282062095532e+03 -9.210751613281115135e-01
1.900000000000000000e+01 1.378971099853515625e+00 8.040525724108363647e+03 1.216740661750175478e+00
2.000000000000000000e+01 1.361870050430297852e+00 9.584219468155719369e+03 2.768620381925096741e+00
2.100000000000000000e+01 1.221363306045532227e+00 9.935802739456968993e+03 2.579505304774475594e+00
2.200000000000000000e+01 1.336105585098266602e+00 1.110789338304443663e+04 3.109702433578183101e+00
2.200000000000000000e+01 2.491146087646484375e+00 8.886530089164349192e+03 0.000000000000000000e+00
2.300000000000000000e+01 1.350637197494506836e+00 9.787639639034843640e+03 0.000000000000000000e+00
2.400000000000000000e+01 1.202981948852539062e+00 1.084097073982091933e+04 2.360218912353216236e+00
2.500000000000000000e+01 4.908930659294128418e+01 2.227995232856807706e+04 1.271874143672869373e+01
2.500000000000000000e+01 3.096830844879150391e-01 3.449658039443310372e+03 0.000000000000000000e+00
2.600000000000000000e+01 5.056972670555114746e+01 2.038689032939959361e+04 1.317998773058431006e+01
2.600000000000000000e+01 3.054714202880859375e-01 2.344492943271349304e+03 0.000000000000000000e+00
2.700000000000000000e+01 1.076256752014160156e+00 1.968831708095082377e+03 -1.160309436514495030e+00
2.800000000000000000e+01 1.337225198745727539e+00 2.550281760375963131e+03 -7.399072053514228753e-02
2.900000000000000000e+01 1.221901893615722656e+00 3.412324225926777217e+03 1.238407856054705825e+00
3.000000000000000000e+01 1.370732069015502930e+00 4.989205166264150648e+03 3.288278831156087989e+00
3.000000000000000000e+01 2.645289182662963867e+00 4.628450817886110599e+03 0.000000000000000000e+00
3.100000000000000000e+01 1.163942098617553711e+00 4.779853878624165191e+03 0.000000000000000000e+00
3.200000000000000000e+01 1.214607715606689453e+00 4.772876675039672591e+03 6.419346777394482340e-01
3.300000000000000000e+01 1.302603721618652344e+00 4.722023420636283845e+03 -5.893360772624842842e-02
3.400000000000000000e+01 1.299509763717651367e+00 4.286074926932052222e+03 -6.296994755645191510e+00
3.500000000000000000e+01 1.249892711639404297e+00 3.818854787518701414e+03 -3.980749499545815251e+00
3.600000000000000000e+01 1.267932653427124023e+00 3.401707454437626893e+03 -2.881296477528403788e+00
3.700000000000000000e+01 1.194996833801269531e+00 3.375757120385491362e+03 -1.785806769305881891e+00
3.800000000000000000e+01 1.144123554229736328e+00 3.541084800546627775e+03 -1.122361671176496989e+00
3.900000000000000000e+01 4.931819510459899902e+01 1.512990135560168346e+04 1.793701957833819804e+01
3.900000000000000000e+01 3.091881275177001953e-01 1.533775571699260581e+03 0.000000000000000000e+00
4.000000000000000000e+01 5.037692117691040039e+01 1.289388510692783711e+04 2.024200894500169312e+01
4.000000000000000000e+01 3.097970485687255859e-01 2.128551571707281255e+03 0.000000000000000000e+00
