2.303668746893798234e+05
1.000000000000000000e+00 3.317308425903320312e-02 1.453931286092307892e+04 0.000000000000000000e+00
2.000000000000000000e+00 3.623366355895996094e-02 1.491599916022814614e+04 -6.248182954077631246e-01
3.000000000000000000e+00 3.077816963195800781e-02 1.530166292457272903e+04 -4.186094005513073535e-01
4.000000000000000000e+00 3.855752944946289062e-02 1.566365263359542769e+04 -2.542881309009326074e-01
5.000000000000000000e+00 4.967093467712402344e-02 1.634581316555066223e+04 2.208176822762420582e-02
6.000000000000000000e+00 5.010962486267089844e-02 1.645368604610568582e+04 6.565108730784066648e-02
7.000000000000000000e+00 3.069019317626953125e-02 1.654930105418558014e+04 1.053742457343344596e-01
8.000000000000000000e+00 6.460285186767578125e-02 1.653264498474681386e+04 9.128360758886648607e-02
9.000000000000000000e+00 3.079390525817871094e-02 1.643053783771939561e+04 3.281677432023413082e-02
1.000000000000000000e+01 3.109478950500488281e-02 1.631178818758950729e+04 -3.513508819981752546e-02
1.100000000000000000e+01 4.809355735778808594e-02 1.622059178703806174e+04 -8.746348648681771809e-02
1.200000000000000000e+01 4.916739463806152344e-02 1.582304564529709751e+04 -3.299315171523509727e-01
1.300000000000000000e+01 3.071045875549316406e-02 1.517988070130400592e+04 -7.302367700972329789e-01
1.400000000000000000e+01 4.877805709838867188e-02 1.513170363007018386e+04 -7.232393528268079574e-01
1.500000000000000000e+01 3.217339515686035156e-02 1.499029324071113115e+04 -7.822063805224611643e-01
1.600000000000000000e+01 3.522348403930664062e-02 1.467633216193440785e+04 -9.568163119713489762e-01
1.700000000000000000e+01 4.418945312500000000e-02 1.477729540074795477e+04 -8.357068655464925389e-01
1.800000000000000000e+01 1.103577613830566406e-01 1.484674172580873892e+04 -7.495352117506985934e-01
1.900000000000000000e+01 6.235766410827636719e-02 1.555101742900065256e+04 -2.286663996008559685e-01
2.000000000000000000e+01 4.392766952514648438e-02 1.700433760861187693e+04 8.163038116242974374e-01
2.100000000000000000e+01 3.385162353515625000e-02 1.879122101613579434e+04 2.074159254834356148e+00
2.200000000000000000e+01 4.658436775207519531e-02 1.992405168848186804e+04 2.610937572229524495e+00
2.300000000000000000e+01 3.164768218994140625e-02 1.944511335608587251e+04 1.944494389882503338e+00
2.400000000000000000e+01 3.063535690307617188e-02 1.882553771354847413e+04 1.411994202934958142e+00
2.500000000000000000e+01 1.448285579681396484e+00 3.300135951434690651e+04 9.268859243776448764e+00
2.500000000000000000e+01 1.620292663574218750e-02 1.596160641108347409e+04 0.000000000000000000e+00
2.600000000000000000e+01 1.092498302459716797e-01 2.102391635179670266e+04 1.899442036217944829e-01
2.700000000000000000e+01 3.138780593872070312e-02 1.018077327352670909e+04 -2.508239580230638310e+00
2.800000000000000000e+01 5.571031570434570312e-02 9.301484245648218348e+03 -1.402566799551086207e+00
2.900000000000000000e+01 3.173923492431640625e-02 9.499334738357163587e+03 -1.018699769680889933e+00
3.000000000000000000e+01 3.220176696777343750e-02 1.032351794836237968e+04 -7.313267751909513503e-01
3.100000000000000000e+01 6.967544555664062500e-02 1.101635386210784600e+04 -5.432494608256235313e-01
3.200000000000000000e+01 4.561781883239746094e-02 1.153498137340443282e+04 -4.125025699216650632e-01
3.300000000000000000e+01 3.462576866149902344e-02 1.123595194788967819e+04 -4.428390048016522806e-01
3.400000000000000000e+01 3.035712242126464844e-02 1.114997950096029308e+04 -4.347404221670814195e-01
3.500000000000000000e+01 3.105974197387695312e-02 1.110423269400795289e+04 -4.218975378300147683e-01
3.600000000000000000e+01 3.192591667175292969e-02 1.103199478653536244e+04 -4.174950995977295132e-01
3.700000000000000000e+01 3.108191490173339844e-02 1.100543692382453082e+04 -4.053793658110160236e-01
3.800000000000000000e+01 3.168487548828125000e-02 1.097369912969047073e+04 -3.964643842684434372e-01
3.900000000000000000e+01 3.125500679016113281e-02 2.524451447517679480e+04 2.930129993415734546e+00
4.000000000000000000e+01 5.977845191955566406e-02 2.448604020136335384e+04 2.120545203226487541e+00
