1.721888093435698538e+05
1.000000000000000000e+00 2.166779041290283203e-01 7.046199924237824234e+03 0.000000000000000000e+00
2.000000000000000000e+00 2.344326972961425781e-01 7.812889149891149827e+03 -1.675695154108983176e-01
3.000000000000000000e+00 2.787961959838867188e-01 8.875397077005571191e+03 8.911359664131479619e-01
4.000000000000000000e+00 4.770035743713378906e-01 1.121790584247747574e+04 3.201743803145787659e+00
4.000000000000000000e+00 6.938965320587158203e-01 8.651442779754426738e+03 0.000000000000000000e+00
5.000000000000000000e+00 2.460403442382812500e-01 9.936806996927454747e+03 0.000000000000000000e+00
6.000000000000000000e+00 2.042603492736816406e-01 9.959382093151196386e+03 7.319448829673095291e-01
7.000000000000000000e+00 2.145750522613525391e-01 9.963581834800059369e+03 5.979700252716911857e-01
8.000000000000000000e+00 2.706277370452880859e-01 9.780883422825452726e+03 2.351411276241071602e-01
9.000000000000000000e+00 6.550912857055664062e-01 9.542225239740766483e+03 -2.045905616423328022e-01
1.000000000000000000e+01 2.953095436096191406e-01 9.237226909016657373e+03 -7.876073299608749023e-01
1.100000000000000000e+01 3.890624046325683594e-01 9.037604987941194850e+03 -1.110584493798659977e+00
1.200000000000000000e+01 2.091350555419921875e-01 9.858903182137291878e+03 7.008385049430351232e-01
1.300000000000000000e+01 4.496965408325195312e-01 9.646115095463530452e+03 1.981347711565303038e-01
1.400000000000000000e+01 2.990028858184814453e-01 9.446974928461839227e+03 -2.549980692113517078e-01
1.500000000000000000e+01 2.107124328613281250e-01 9.086770914193206409e+03 -1.086806616564243821e+00
1.600000000000000000e+01 1.956584453582763672e-01 8.943493301187483667e+03 -1.326677961792689597e+00
1.700000000000000000e+01 2.094149589538574219e-01 8.624767526061465105e+03 -1.918676603950494775e+00
1.800000000000000000e+01 1.983890533447265625e-01 8.458413075761513028e+03 -1.983282660916455553e+00
1.900000000000000000e+01 2.638356685638427734e-01 1.011747767419548290e+04 1.478071399390265439e+00
2.000000000000000000e+01 1.835777759552001953e+01 1.228206299988635328e+04 5.343749463496116014e+00
2.000000000000000000e+01 1.196036338806152344e-01 6.384403611252168048e+03 0.000000000000000000e+00
2.100000000000000000e+01 2.389504909515380859e-01 1.028334398115359363e+04 1.020207056015272062e+00
2.200000000000000000e+01 2.626051902770996094e-01 1.098899443172999599e+04 1.078738307263814589e+00
2.300000000000000000e+01 2.665264606475830078e-01 1.216458021445982376e+04 1.405091148190421579e+00
2.400000000000000000e+01 3.060030937194824219e-01 1.203694489515225359e+04 9.918735511122680482e-01
2.500000000000000000e+01 1.924023938179016113e+01 2.309696104501676382e+04 6.021012206338915540e+00
2.500000000000000000e+01 1.444244384765625000e-01 6.637744874060700567e+03 0.000000000000000000e+00
2.600000000000000000e+01 1.923277473449707031e+01 2.127955740186088224e+04 5.531954902385456840e+00
2.600000000000000000e+01 1.018211841583251953e-01 4.704588361696578431e+03 0.000000000000000000e+00
2.700000000000000000e+01 4.657151699066162109e-01 3.898172151988424048e+03 -1.191929109096022010e+00
2.800000000000000000e+01 3.914678096771240234e-01 4.214172539247259920e+03 -6.127918761115818125e-01
2.900000000000000000e+01 3.705158233642578125e-01 4.936003529857384819e+03 -2.267242792986592231e-02
3.000000000000000000e+01 3.327586650848388672e-01 7.119271106131833221e+03 1.740323577569149904e+00
3.100000000000000000e+01 2.881636619567871094e-01 7.646689470414631614e+03 1.642115149205427338e+00
3.200000000000000000e+01 4.164314270019531250e-01 7.860946410688091419e+03 1.412147116293654081e+00
3.300000000000000000e+01 4.058334827423095703e-01 7.080595967219853264e+03 7.000747848609030211e-01
3.400000000000000000e+01 3.287739753723144531e-01 6.729966644501480005e+03 4.242640440343612429e-01
3.500000000000000000e+01 2.071003913879394531e-01 6.395792646150322980e+03 1.795755284092075132e-01
3.600000000000000000e+01 2.006626129150390625e-01 6.081552304977154563e+03 -4.728222399316819868e-02
3.700000000000000000e+01 2.017745971679687500e-01 5.936551496707639672e+03 -1.514686386779309224e-01
3.800000000000000000e+01 2.020370960235595703e-01 5.859608487510980922e+03 -2.045949847253440979e-01
3.900000000000000000e+01 1.999477553367614746e+01 2.006437958912202521e+04 1.106391346516912755e+01
3.900000000000000000e+01 9.765410423278808594e-02 3.817536699488659906e+03 0.000000000000000000e+00
4.000000000000000000e+01 2.360618901252746582e+01 1.577276944971874764e+04 8.150569583243441940e+00
4.000000000000000000e+01 1.771912574768066406e-01 4.963392890037606776e+03 0.000000000000000000e+00
