0	000070
1	000100
2	000120
3	000150
4	000210
5	000240
6	000270
7	000640
8	000660
9	000670
10	000720
11	000810
12	000880
13	000990
14	001040
15	001060
16	001120
17	001230
18	001430
19	001450
20	001680
21	001740
22	001800
23	002240
24	002270
25	002350
26	002380
27	002790
28	003000
29	003240
30	003410
31	003490
32	003520
33	003550
34	003670
35	003850
36	004000
37	004020
38	004170
39	004370
40	004490
41	004800
42	004990
43	005180
44	005250
45	005300
46	005380
47	005440
48	005490
49	005610
50	005830
51	005930
52	005940
53	006120
54	006260
55	006280
56	006360
57	006390
58	006400
59	006650
60	006800
61	007310
62	007570
63	007700
64	008560
65	008770
66	008930
67	009150
68	009240
69	009410
70	009420
71	009540
72	009830
73	010060
74	010120
75	010130
76	010140
77	010620
78	010780
79	010950
80	011170
81	011200
82	011780
83	011790
84	012330
85	012450
86	012630
87	012750
88	014680
89	014820
90	014830
91	015760
92	016360
93	016380
94	017670
95	017800
96	018880
97	019680
98	020000
99	021240
100	023530
101	024110
102	025860
103	028050
104	028670
105	029780
106	030000
107	030200
108	032350
109	033780
110	034020
111	034220
112	035250
113	036460
114	036570
115	042660
116	042670
117	047040
118	047050
119	049770
120	051600
121	051900
122	051910
123	055550
124	064960
125	066570
126	069260
127	069620
128	069960
129	071050
130	073240
131	078930
132	079160
133	086280
134	086790
135	090430
136	093050
137	093370
138	096770
139	097950
