1	0.0000	7764	7723	7773	7780	7697	7203	7162	7174	7148	
2	0.0000	7765	7724	7774	7780	7698	7203	7162	7174	7148	
3	0.0000	7766	7725	7775	7781	7698	7204	7163	7175	7148	
4	0.0000	7763	7723	7772	7779	7696	7202	7161	7174	7147	
5	0.9969	7763	7721	7771	7778	7695	7201	7160	7173	7146	
6	0.0024	7765	7724	7774	7781	7698	7204	7162	7175	7020	
7	0.0016	7765	7724	7774	7780	7697	7204	7162	7174	7011	
8	0.0015	7764	7723	7773	7779	7696	7203	7161	7174	7004	
9	0.0011	7764	7723	7773	7779	7696	7203	7162	7173	7000	
10	0.0011	7766	7725	7775	7781	7698	7205	7163	7175	6999	
11	0.0011	7764	7724	7773	7780	7697	7203	7162	7174	6996	
12	0.0008	7766	7725	7775	7781	7699	7204	7163	7176	6995	
13	0.0008	7764	7723	7773	7779	7696	7202	7161	7173	6991	
14	0.0007	7764	7723	7773	7779	7696	7203	7162	7174	6991	
15	0.0008	7765	7724	7774	7781	7698	7204	7163	7175	6992	
16	0.0011	7765	7725	7774	7781	7698	7204	7163	7175	6990	
17	0.0012	7764	7724	7773	7780	7697	7203	7162	7174	6989	
18	0.0017	7766	7725	7775	7781	7698	7203	7163	7175	6989	
19	0.0014	7763	7723	7772	7779	7695	7202	7161	7172	6986	
20	0.0014	7765	7724	7774	7781	7698	7203	7163	7175	6987	
21	0.0013	7767	7726	7776	7782	7699	7206	7165	7176	6988	
22	0.0013	7765	7724	7774	7780	7697	7203	7162	7175	6986	
23	0.0012	7764	7723	7773	7779	7696	7202	7161	7174	6985	
24	0.0012	7765	7724	7774	7781	7698	7204	7162	7174	6984	
25	0.0011	7764	7724	7773	7780	7697	7203	7162	7174	6984	
26	0.0012	7765	7724	7774	7780	7697	7204	7162	7174	6984	
27	0.0012	7764	7723	7773	7779	7697	7202	7161	7174	6982	
28	0.0013	7768	7727	7777	7783	7700	7206	7165	7177	6985	
29	0.0018	7764	7724	7773	7780	7696	7203	7161	7174	6982	
30	0.0016	7764	7724	7773	7780	7697	7204	7162	7174	6982	
31	0.0034	7764	7723	7773	7780	7697	7203	7162	7174	6981	
32	0.0015	7766	7725	7774	7781	7698	7204	7162	7175	6981	
33	0.0017	7766	7725	7775	7781	7698	7204	7162	7174	6981	
34	0.0014	7766	7725	7774	7781	7698	7204	7162	7175	6980	
35	0.0025	7765	7724	7774	7781	7698	7203	7161	7173	6979	
36	0.0017	7765	7725	7774	7781	7698	7204	7162	7176	6981	
37	0.0015	7765	7724	7774	7781	7698	7204	7162	7175	6980	
38	0.0014	7766	7725	7775	7782	7699	7205	7163	7176	6981	
39	0.0015	7765	7725	7774	7781	7698	7204	7163	7175	6979	
40	0.0025	7764	7724	7773	7780	7697	7203	7162	7174	6978	
41	0.0014	7765	7724	7774	7780	7697	7203	7162	7174	6978	
42	0.0016	7766	7726	7775	7782	7699	7205	7164	7176	6980	
43	0.0019	7763	7723	7772	7779	7696	7202	7161	7173	6977	
44	0.0021	7763	7723	7772	7779	7696	7202	7161	7173	6976	
45	0.0016	7763	7722	7772	7778	7695	7202	7161	7173	6976	
46	0.0015	7764	7723	7773	7779	7696	7203	7162	7174	6977	
47	0.0014	7764	7723	7773	7779	7696	7202	7161	7174	6977	
48	0.0015	7765	7725	7774	7781	7698	7204	7163	7175	6978	
49	0.0020	7764	7724	7773	7780	7697	7203	7161	7174	6976	
50	0.0016	7767	7727	7776	7783	7700	7206	7164	7176	6978	
51	0.0016	7765	7724	7773	7780	7697	7204	7162	7175	6977	
52	0.0015	7765	7724	7774	7781	7698	7204	7162	7175	6976	
53	0.0015	7764	7723	7773	7779	7696	7202	7161	7173	6976	
54	0.0016	7763	7722	7772	7778	7695	7201	7160	7172	6974	
55	0.0018	7765	7725	7774	7781	7698	7204	7163	7175	6976	
56	0.0028	7766	7725	7775	7782	7699	7205	7164	7176	6977	
57	0.0015	7766	7725	7774	7781	7698	7205	7163	7175	6976	
58	0.0015	7765	7724	7774	7780	7697	7204	7163	7175	6976	
59	0.0015	7765	7725	7774	7781	7698	7204	7162	7175	6975	
60	0.0016	7765	7724	7774	7780	7698	7204	7162	7175	6975	
61	0.0013	7765	7724	7774	7780	7698	7203	7163	7175	6975	
62	0.0015	7766	7725	7775	7782	7699	7204	7163	7176	6976	
63	0.0014	7765	7724	7774	7781	7698	7205	7163	7175	6975	
64	0.0012	7766	7725	7774	7781	7698	7204	7163	7175	6975	
65	0.0012	7764	7723	7773	7779	7696	7202	7161	7174	6973	
66	0.0011	7766	7725	7774	7781	7698	7204	7163	7175	6974	
67	0.0011	7766	7725	7775	7781	7699	7204	7163	7175	6975	
68	0.0012	7764	7724	7773	7780	7697	7203	7161	7174	6973	
69	0.0011	7767	7726	7775	7782	7699	7206	7164	7176	6976	
70	0.0012	7764	7724	7773	7780	7697	7203	7161	7173	6973	
71	0.0014	7766	7725	7775	7781	7698	7204	7163	7175	6974	
72	0.0013	7765	7725	7774	7781	7698	7204	7163	7175	6974	
73	0.0013	7764	7723	7772	7779	7696	7202	7161	7173	6972	
74	0.0012	7763	7722	7772	7778	7696	7201	7160	7172	6971	
75	0.0012	7764	7723	7773	7779	7696	7202	7161	7173	6972	
76	0.0014	7766	7726	7775	7782	7699	7205	7164	7175	6974	
77	0.0012	7765	7724	7774	7780	7697	7203	7163	7175	6973	
78	0.0027	7765	7724	7774	7780	7697	7203	7162	7175	6973	
79	0.0014	7765	7725	7774	7781	7698	7203	7162	7174	6972	
80	0.0013	7766	7725	7775	7782	7699	7205	7164	7176	6974	
81	0.0013	7766	7725	7775	7782	7699	7204	7163	7176	6973	
82	0.0013	7766	7725	7775	7781	7698	7204	7163	7175	6973	
83	0.0013	7764	7723	7773	7779	7696	7201	7161	7173	6971	
84	0.0012	7765	7725	7774	7781	7698	7204	7163	7175	6973	
85	0.0017	7766	7725	7775	7781	7698	7204	7163	7175	6973	
86	0.0017	7764	7723	7773	7779	7697	7202	7161	7174	6970	
87	0.0014	7765	7724	7774	7780	7697	7203	7162	7174	6971	
88	0.0013	7764	7724	7774	7780	7697	7203	7162	7174	6971	
89	0.0013	7766	7725	7775	7781	7698	7204	7163	7175	6972	
90	0.0013	7764	7723	7773	7779	7697	7202	7162	7174	6972	
91	0.0013	7766	7725	7775	7782	7699	7205	7164	7176	6973	
92	0.0016	7764	7723	7773	7779	7696	7203	7161	7174	6971	
93	0.0014	7764	7724	7773	7780	7697	7204	7162	7175	6970	
94	0.0013	7766	7725	7775	7781	7699	7204	7164	7175	6972	
95	0.0013	7765	7725	7774	7781	7698	7204	7163	7175	6971	
96	0.0013	7764	7723	7773	7780	7697	7203	7162	7174	6970	
97	0.0014	7766	7725	7775	7781	7698	7205	7163	7175	6972	
98	0.0012	7765	7725	7774	7781	7698	7204	7162	7175	6971	
99	0.0018	7765	7725	7775	7781	7698	7204	7163	7175	6971	
100	0.0019	7766	7725	7775	7782	7699	7205	7163	7175	6972	
101	1.7123	7792	7750	7802	7808	7728	7222	7187	7206	7003	
102	0.0014	7793	7751	7802	7809	7728	7223	7187	7073	
103	0.0029	7790	7748	7800	7806	7725	7220	7185	7069	
104	0.0016	7793	7751	7803	7809	7729	7224	7187	7071	
105	0.0017	7793	7750	7802	7808	7728	7223	7187	7069	
106	0.0016	7793	7751	7803	7809	7729	7224	7188	7069	
107	0.0017	7794	7753	7804	7810	7730	7225	7189	7070	
108	0.0019	7791	7749	7800	7806	7726	7222	7186	7066	
109	0.0015	7794	7751	7803	7809	7729	7225	7189	7068	
110	0.0014	7794	7751	7803	7809	7729	7223	7187	7067	
111	0.0014	7793	7751	7803	7809	7728	7223	7188	7066	
112	0.0014	7790	7748	7799	7805	7725	7220	7184	7062	
113	0.0013	7792	7750	7802	7808	7727	7223	7186	7063	
114	0.0015	7791	7749	7801	7807	7727	7222	7186	7063	
115	0.0015	7793	7751	7803	7809	7729	7224	7188	7064	
116	0.0014	7792	7750	7802	7808	7728	7222	7187	7062	
117	0.0014	7792	7750	7802	7808	7728	7223	7187	7062	
118	0.0014	7793	7751	7803	7809	7728	7223	7187	7062	
119	0.0014	7792	7750	7802	7808	7728	7223	7187	7061	
120	0.0017	7790	7748	7800	7806	7725	7221	7185	7058	
121	0.0016	7793	7751	7802	7809	7728	7223	7188	7061	
122	0.0014	7792	7750	7802	7808	7727	7223	7187	7060	
123	0.0014	7792	7750	7802	7808	7727	7222	7186	7059	
124	0.0014	7792	7750	7802	7808	7727	7223	7187	7059	
125	0.0014	7792	7750	7802	7808	7727	7223	7187	7058	
126	0.0015	7792	7750	7802	7808	7727	7223	7186	7058	
127	0.0015	7791	7749	7801	7807	7726	7221	7185	7057	
128	0.0014	7791	7748	7800	7806	7726	7221	7185	7055	
129	0.0014	7792	7750	7802	7808	7728	7223	7188	7057	
130	0.0015	7793	7751	7803	7809	7728	7223	7188	7057	
131	0.0017	7793	7751	7803	7809	7728	7223	7187	7057	
132	0.0015	7793	7752	7803	7809	7729	7224	7187	7057	
133	0.0014	7792	7750	7802	7808	7727	7222	7187	7056	
134	0.0014	7791	7749	7801	7807	7726	7222	7186	7054	
135	0.0014	7791	7749	7801	7807	7727	7222	7186	7054	
136	0.0014	7792	7750	7802	7808	7727	7223	7187	7054	
137	0.0019	7794	7752	7804	7810	7729	7225	7189	7056	
138	0.0018	7791	7749	7801	7807	7726	7221	7186	7053	
139	0.0017	7793	7751	7802	7808	7728	7223	7187	7055	
140	0.0017	7791	7749	7800	7807	7726	7221	7185	7052	
141	0.0027	7791	7749	7801	7807	7726	7222	7186	7052	
142	0.0018	7792	7750	7802	7808	7728	7223	7187	7053	
143	0.0014	7793	7751	7803	7809	7728	7224	7187	7054	
144	0.0014	7790	7748	7800	7806	7726	7221	7185	7050	
145	0.0014	7791	7749	7801	7807	7726	7221	7185	7050	
146	0.0016	7792	7750	7801	7808	7727	7222	7186	7051	
147	0.0017	7791	7749	7801	7807	7726	7221	7185	7050	
148	0.0015	7793	7751	7802	7808	7728	7223	7187	7052	
149	0.0015	7791	7749	7801	7807	7727	7222	7186	7050	
150	0.0015	7795	7753	7805	7811	7730	7225	7190	7053	
151	0.0021	7792	7750	7802	7808	7728	7223	7187	7051	
152	0.0017	7793	7751	7803	7809	7728	7224	7188	7052	
153	0.0015	7791	7749	7801	7807	7726	7222	7186	7049	
154	0.0015	7792	7750	7802	7808	7727	7223	7187	7050	
155	0.0015	7793	7751	7803	7809	7728	7223	7188	7051	
156	0.0019	7792	7750	7802	7808	7727	7223	7186	7049	
157	0.0016	7792	7751	7802	7808	7728	7222	7187	7050	
158	0.0015	7791	7749	7801	7807	7727	7221	7186	7048	
159	0.0015	7791	7749	7801	7807	7727	7222	7186	7048	
160	0.0015	7792	7750	7802	7808	7727	7222	7187	7048	
161	0.0018	7791	7749	7801	7807	7726	7222	7186	7049	
162	0.0017	7791	7749	7801	7807	7726	7222	7186	7048	
163	0.0015	7792	7750	7802	7808	7727	7222	7187	7048	
164	0.0016	7791	7750	7801	7807	7727	7222	7186	7047	
165	0.0016	7794	7752	7803	7809	7729	7224	7188	7049	
166	0.0020	7790	7748	7800	7806	7726	7220	7185	7046	
167	0.0019	7791	7749	7801	7807	7727	7222	7186	7047	
168	0.0019	7793	7751	7803	7809	7728	7223	7188	7049	
169	0.0018	7791	7749	7801	7807	7727	7222	7186	7046	
170	0.0022	7792	7750	7802	7808	7728	7222	7186	7047	
171	0.0017	7792	7750	7802	7808	7727	7222	7186	7047	
172	0.0018	7793	7752	7803	7809	7729	7223	7188	7048	
173	0.0018	7793	7751	7803	7809	7728	7223	7187	7047	
174	0.0021	7793	7751	7803	7809	7729	7224	7188	7047	
175	0.0020	7791	7749	7801	7807	7727	7222	7186	7046	
176	0.0019	7791	7750	7801	7808	7727	7222	7187	7046	
177	0.0019	7792	7749	7801	7807	7727	7223	7187	7046	
178	0.0021	7791	7749	7801	7807	7726	7222	7186	7045	
179	0.0018	7791	7749	7801	7807	7726	7221	7185	7044	
180	0.0019	7791	7750	7801	7807	7727	7221	7186	7045	
181	0.0020	7791	7750	7801	7807	7727	7222	7187	7045	
182	0.0018	7793	7751	7802	7809	7728	7223	7188	7047	
183	0.0016	7792	7750	7802	7808	7728	7223	7187	7046	
184	0.0015	7793	7751	7803	7809	7729	7223	7188	7046	
185	0.0015	7793	7751	7803	7809	7728	7224	7188	7046	
186	0.0023	7788	7746	7798	7804	7723	7218	7183	7042	
187	0.0019	7791	7749	7801	7807	7726	7222	7186	7044	
188	0.0020	7792	7750	7802	7808	7727	7222	7187	7045	
189	0.0020	7793	7751	7803	7809	7728	7223	7188	7046	
190	0.0022	7791	7749	7800	7806	7726	7220	7185	7043	
191	0.0021	7791	7749	7801	7807	7726	7222	7186	7044	
192	0.0018	7792	7750	7802	7808	7728	7223	7187	7045	
193	0.0019	7790	7748	7800	7806	7725	7221	7184	7042	
194	0.0025	7791	7748	7800	7806	7726	7221	7185	7043	
195	0.0021	7792	7751	7802	7808	7728	7223	7187	7044	
196	0.0020	7792	7750	7801	7808	7727	7222	7186	7044	
197	0.0020	7790	7748	7800	7806	7726	7221	7186	7043	
198	0.0024	7793	7751	7803	7809	7728	7223	7188	7044	
199	0.0020	7791	7749	7801	7807	7726	7222	7186	7042	
200	0.0020	7793	7751	7803	7809	7729	7223	7188	7045	
201	0.7681	7211	7212	7146	7136	7209	7655	7662	7659	
202	0.0022	7209	7210	7143	7132	7206	7653	7659	
203	0.0024	7208	7208	7142	7131	7205	7651	7657	
204	0.0023	7212	7212	7146	7135	7209	7655	7661	
205	0.0027	7210	7211	7145	7134	7207	7654	7660	
206	0.0024	7210	7211	7144	7134	7207	7654	7660	
207	0.0024	7208	7209	7141	7132	7205	7651	7657	
208	0.0021	7209	7210	7143	7133	7206	7653	7658	
209	0.0021	7208	7209	7142	7132	7206	7652	7657	
210	0.0023	7210	7211	7145	7134	7208	7654	7660	
211	0.0021	7211	7211	7145	7133	7208	7655	7660	
212	0.0018	7208	7209	7142	7132	7206	7652	7658	
213	0.0022	7210	7211	7145	7134	7207	7653	7659	
214	0.0021	7210	7211	7145	7134	7207	7654	7660	
215	0.0020	7209	7211	7143	7133	7206	7653	7658	
216	0.0020	7209	7210	7143	7133	7207	7653	7659	
217	0.0023	7210	7211	7145	7134	7207	7654	7659	
218	0.0019	7210	7211	7144	7133	7207	7653	7659	
219	0.0018	7209	7210	7143	7133	7206	7653	7658	
220	0.0018	7209	7209	7143	7132	7206	7652	7657	
221	0.0022	7209	7210	7143	7133	7206	7653	7659	
222	0.0019	7211	7212	7145	7134	7208	7655	7661	
223	0.0019	7209	7210	7143	7133	7206	7652	7658	
224	0.0020	7209	7210	7144	7134	7206	7653	7658	
225	0.0020	7208	7209	7143	7132	7205	7652	7657	
226	0.0017	7210	7210	7144	7133	7207	7653	7659	
227	0.0019	7209	7210	7144	7133	7206	7653	7659	
228	0.0022	7211	7211	7144	7135	7208	7654	7660	
229	0.0022	7211	7212	7145	7135	7208	7655	7660	
230	0.0021	7209	7210	7143	7133	7206	7653	7658	
231	0.0023	7210	7210	7144	7134	7207	7653	7659	
232	0.0023	7209	7210	7143	7133	7206	7653	7659	
233	0.0019	7209	7211	7144	7133	7207	7653	7659	
234	0.0017	7210	7211	7144	7133	7207	7654	7659	
235	0.0021	7210	7210	7143	7133	7207	7653	7659	
236	0.0018	7209	7210	7143	7132	7206	7653	7658	
237	0.0018	7208	7209	7142	7132	7206	7652	7657	
238	0.0019	7211	7212	7146	7135	7209	7655	7660	
239	0.0019	7208	7209	7142	7132	7206	7652	7658	
240	0.0017	7209	7210	7143	7133	7207	7653	7659	
241	0.0017	7209	7210	7144	7133	7206	7653	7658	
242	0.0025	7210	7212	7145	7135	7208	7654	7660	
243	0.0025	7210	7211	7145	7134	7207	7654	7659	
244	0.0022	7210	7210	7144	7133	7207	7653	7659	
245	0.0024	7209	7210	7143	7132	7206	7652	7658	
246	0.0026	7210	7211	7144	7133	7207	7653	7659	
247	0.0022	7210	7211	7145	7134	7207	7654	7659	
248	0.0025	7208	7208	7141	7132	7205	7651	7657	
249	0.0023	7209	7210	7143	7133	7206	7652	7657	
250	0.0021	7209	7210	7144	7133	7206	7653	7658	
251	1.9356	7258	7257	7186	7179	7254	7706	7711	
252	0.0020	7258	7258	7187	7180	7255	7710	
253	0.0019	7259	7258	7187	7179	7255	7708	
254	0.0018	7257	7256	7185	7178	7253	7706	
255	0.0021	7258	7257	7186	7179	7254	7707	
256	0.0020	7260	7259	7188	7181	7257	7709	
257	0.0019	7258	7257	7186	7179	7254	7707	
258	0.0021	7255	7255	7184	7177	7252	7704	
259	0.0019	7257	7256	7185	7178	7253	7706	
260	0.0018	7257	7256	7185	7177	7253	7706	
261	0.0021	7255	7254	7183	7177	7252	7704	
262	0.0020	7257	7256	7185	7179	7253	7706	
263	0.0018	7257	7256	7185	7178	7253	7706	
264	0.0018	7258	7257	7186	7179	7254	7706	
265	0.0020	7257	7257	7186	7178	7254	7706	
266	0.0020	7257	7255	7185	7178	7253	7705	
267	0.0018	7257	7256	7185	7178	7254	7706	
268	0.0026	7259	7258	7186	7179	7256	7707	
269	0.0024	7258	7256	7186	7178	7253	7706	
270	0.0022	7258	7257	7185	7178	7254	7706	
271	0.0025	7258	7257	7186	7178	7254	7706	
272	0.0024	7257	7256	7184	7177	7253	7705	
273	0.0023	7257	7256	7186	7178	7254	7706	
274	0.0025	7257	7256	7185	7178	7253	7705	
275	0.0024	7256	7255	7184	7178	7253	7704	
276	0.0023	7258	7256	7185	7178	7254	7706	
277	0.0026	7259	7258	7186	7179	7255	7707	
278	0.0021	7257	7257	7186	7178	7254	7706	
279	0.0020	7258	7256	7186	7178	7254	7705	
280	0.0026	7256	7255	7184	7177	7252	7704	
281	0.0021	7257	7256	7186	7179	7254	7706	
282	0.0020	7258	7257	7186	7178	7254	7706	
283	0.0026	7257	7256	7186	7179	7253	7705	
284	0.0022	7258	7257	7187	7179	7254	7706	
285	0.0022	7258	7257	7186	7178	7254	7705	
286	0.0024	7259	7257	7186	7180	7255	7706	
287	0.0022	7258	7258	7187	7180	7254	7707	
288	0.0021	7258	7257	7186	7178	7254	7706	
289	0.0023	7258	7257	7186	7178	7254	7706	
290	0.0022	7258	7256	7185	7178	7254	7705	
291	0.0020	7259	7257	7186	7180	7255	7706	
292	0.0023	7259	7257	7186	7179	7255	7706	
293	0.0022	7257	7256	7185	7179	7253	7705	
294	0.0019	7258	7256	7185	7177	7253	7704	
295	0.0023	7258	7257	7187	7180	7255	7706	
296	0.0022	7256	7255	7184	7177	7252	7704	
297	0.0020	7259	7258	7187	7180	7256	7707	
298	0.0025	7257	7256	7185	7178	7252	7704	
299	0.0022	7259	7257	7187	7179	7255	7706	
300	0.0021	7257	7256	7185	7178	7253	7705	
301	0.0022	7260	7258	7187	7181	7255	7707	
302	0.0021	7258	7257	7185	7178	7253	7705	
303	0.0019	7258	7257	7186	7179	7254	7705	
304	0.0027	7257	7256	7185	7178	7254	7705	
305	0.0023	7258	7257	7186	7180	7255	7705	
306	0.0025	7257	7256	7185	7178	7254	7704	
307	0.0029	7259	7257	7186	7179	7254	7705	
308	0.0025	7257	7256	7184	7178	7253	7704	
309	0.0024	7259	7258	7188	7180	7255	7706	
310	0.0023	7257	7257	7185	7179	7254	7704	
311	0.0021	7257	7256	7185	7178	7253	7704	
312	0.0023	7259	7257	7186	7180	7255	7705	
313	0.0023	7257	7255	7185	7178	7253	7703	
314	0.0022	7259	7258	7187	7180	7255	7706	
315	0.0023	7258	7256	7186	7179	7255	7705	
316	0.0023	7257	7256	7184	7177	7253	7704	
317	0.0022	7258	7257	7186	7180	7255	7705	
318	0.0025	7258	7256	7186	7178	7254	7704	
319	0.0022	7257	7255	7184	7178	7253	7703	
320	0.0020	7257	7256	7185	7179	7253	7704	
321	0.0026	7259	7257	7187	7179	7255	7705	
322	0.0022	7256	7255	7185	7178	7253	7702	
323	0.0020	7258	7257	7186	7178	7254	7704	
324	0.0022	7258	7257	7186	7179	7254	7704	
325	0.0021	7258	7257	7186	7179	7254	7704	
326	0.0021	7257	7256	7185	7178	7253	7703	
327	0.0024	7258	7257	7186	7179	7254	7704	
328	0.0021	7257	7256	7186	7178	7253	7703	
329	0.0023	7256	7255	7184	7177	7252	7702	
330	0.0023	7259	7258	7187	7179	7255	7705	
331	0.0020	7257	7256	7185	7178	7253	7703	
332	0.0028	7257	7256	7185	7178	7253	7703	
333	0.0027	7258	7257	7186	7179	7254	7704	
334	0.0023	7257	7256	7186	7178	7253	7703	
335	0.0027	7260	7258	7187	7180	7256	7705	
336	0.0025	7257	7256	7185	7178	7253	7703	
337	0.0030	7258	7257	7186	7179	7254	7704	
338	0.0030	7257	7256	7185	7178	7254	7702	
339	0.0031	7258	7257	7186	7180	7254	7704	
340	0.0027	7259	7258	7186	7180	7256	7704	
341	0.0027	7259	7256	7186	7179	7254	7704	
342	0.0029	7258	7257	7185	7178	7254	7703	
343	0.0027	7259	7257	7186	7180	7254	7704	
344	0.0030	7258	7257	7186	7178	7254	7703	
345	0.0024	7256	7255	7185	7178	7253	7701	
346	0.0025	7258	7257	7186	7178	7254	7703	
347	0.0026	7257	7256	7186	7179	7254	7703	
348	0.0025	7259	7258	7187	7180	7255	7704	
349	0.0025	7259	7258	7187	7180	7256	7704	
350	0.0027	7257	7255	7184	7178	7253	7702	
351	0.0026	7258	7256	7186	7179	7253	7702	
352	0.0027	7258	7258	7186	7179	7254	7703	
353	0.0023	7257	7256	7185	7177	7253	7702	
354	0.0025	7259	7258	7188	7181	7255	7704	
355	0.0024	7259	7258	7187	7180	7255	7704	
356	0.0025	7258	7255	7185	7177	7254	7702	
357	0.0028	7257	7256	7185	7178	7253	7702	
358	0.0024	7257	7256	7185	7178	7253	7702	
359	0.0025	7258	7257	7186	7180	7255	7703	
360	0.0025	7257	7256	7185	7178	7253	7701	
361	0.0023	7258	7257	7185	7179	7253	7702	
362	0.0026	7258	7258	7187	7180	7255	7703	
363	0.0024	7257	7257	7186	7178	7254	7702	
364	0.0025	7257	7256	7186	7178	7253	7701	
365	0.0025	7258	7258	7187	7179	7255	7703	
366	0.0024	7259	7258	7187	7180	7255	7703	
367	0.0025	7256	7255	7183	7176	7253	7700	
368	0.0025	7258	7257	7185	7178	7254	7702	
369	0.0025	7257	7256	7186	7179	7254	7701	
370	0.0025	7258	7256	7185	7179	7254	7702	
371	0.0023	7256	7254	7184	7176	7252	7700	
372	0.0028	7259	7258	7186	7180	7255	7703	
373	0.0025	7259	7257	7186	7180	7254	7702	
374	0.0029	7257	7256	7184	7178	7254	7701	
375	0.0024	7260	7258	7187	7180	7256	7704	
376	0.0023	7258	7257	7186	7178	7254	7701	
377	0.0032	7258	7257	7186	7179	7254	7702	
378	0.0028	7259	7257	7187	7180	7255	7702	
379	0.0028	7258	7257	7186	7179	7254	7701	
380	0.0029	7257	7256	7185	7178	7254	7700	
381	0.0028	7259	7257	7186	7179	7255	7702	
382	0.0026	7258	7257	7187	7179	7254	7701	
383	0.0025	7261	7259	7189	7181	7257	7704	
384	0.0026	7259	7258	7187	7180	7255	7702	
385	0.0025	7258	7257	7186	7179	7255	7701	
386	0.0028	7258	7257	7186	7179	7254	7701	
387	0.0025	7259	7258	7187	7180	7255	7702	
388	0.0029	7256	7254	7184	7177	7253	7699	
389	0.0027	7257	7256	7185	7177	7253	7700	
390	0.0024	7257	7256	7185	7178	7253	7700	
391	0.0027	7257	7257	7186	7179	7254	7700	
392	0.0026	7257	7256	7186	7179	7254	7701	
393	0.0027	7256	7255	7185	7177	7252	7699	
394	0.0026	7257	7256	7186	7178	7253	7700	
395	0.0029	7258	7256	7186	7179	7254	7700	
396	0.0026	7257	7256	7184	7178	7253	7699	
397	0.0025	7257	7256	7185	7179	7254	7699	
398	0.0028	7257	7256	7186	7179	7254	7700	
399	0.0025	7258	7256	7185	7178	7254	7699	
400	0.0029	7258	7257	7186	7179	7254	7700	
401	0.0027	7258	7257	7186	7180	7254	7700	
402	0.0028	7257	7256	7184	7177	7253	7699	
403	0.0027	7259	7257	7186	7180	7255	7701	
404	0.0026	7257	7256	7186	7178	7253	7698	
405	0.0027	7257	7256	7185	7178	7253	7699	
406	0.0027	7258	7257	7186	7179	7254	7700	
407	0.0029	7257	7255	7185	7178	7253	7699	
408	0.0026	7257	7255	7184	7178	7253	7698	
409	0.0034	7257	7255	7185	7177	7252	7698	
410	0.0028	7258	7257	7186	7179	7255	7700	
411	0.0028	7258	7257	7186	7179	7254	7700	
412	0.0027	7257	7256	7186	7179	7253	7699	
413	0.0029	7258	7257	7186	7179	7255	7699	
414	0.0027	7259	7258	7187	7179	7255	7701	
415	0.0026	7257	7257	7184	7179	7253	7698	
416	0.0027	7259	7258	7187	7180	7256	7701	
417	0.0026	7258	7257	7186	7179	7255	7699	
418	0.0028	7258	7257	7186	7179	7255	7699	
419	0.0027	7259	7257	7186	7180	7255	7700	
420	0.0032	7258	7256	7186	7178	7254	7698	
421	0.0027	7259	7258	7187	7180	7256	7700	
422	0.0030	7257	7256	7186	7179	7254	7698	
423	0.0027	7258	7257	7185	7178	7254	7699	
424	0.0026	7258	7257	7186	7179	7254	7699	
425	0.0028	7258	7258	7187	7179	7255	7699	
426	0.0027	7257	7257	7186	7179	7254	7699	
427	0.0028	7257	7256	7185	7178	7253	7697	
428	0.0027	7258	7256	7186	7178	7254	7698	
429	0.0028	7257	7256	7185	7178	7254	7698	
430	0.0027	7258	7256	7185	7178	7254	7698	
431	0.0035	7258	7257	7186	7180	7255	7698	
432	0.0027	7260	7257	7187	7180	7256	7699	
433	0.0032	7258	7256	7186	7178	7254	7698	
434	0.0028	7258	7258	7187	7179	7255	7698	
435	0.0032	7258	7257	7186	7179	7254	7698	
436	0.0031	7260	7259	7187	7180	7257	7700	
437	0.0035	7258	7257	7186	7179	7254	7697	
438	0.0031	7259	7257	7186	7180	7254	7698	
439	0.0031	7259	7258	7187	7180	7255	7699	
440	0.0031	7258	7258	7186	7180	7255	7699	
441	0.0033	7256	7256	7185	7178	7253	7696	
442	0.0031	7257	7257	7186	7179	7254	7697	
443	0.0032	7258	7257	7185	7179	7254	7697	
444	0.0030	7257	7257	7186	7178	7254	7697	
445	0.0032	7257	7256	7185	7178	7253	7696	
446	0.0032	7258	7257	7186	7179	7254	7697	
447	0.0032	7259	7258	7187	7180	7255	7698	
448	0.0032	7256	7255	7184	7177	7252	7695	
449	0.0033	7258	7257	7186	7179	7255	7697	
450	0.0031	7258	7257	7186	7179	7255	7697	
451	0.0033	7258	7256	7185	7178	7254	7697	
452	0.0031	7260	7259	7188	7181	7257	7699	
453	0.0034	7259	7258	7187	7180	7255	7697	
454	0.0032	7258	7256	7185	7178	7254	7696	
455	0.0035	7257	7255	7185	7178	7253	7695	
456	0.0033	7257	7256	7185	7178	7254	7696	
457	0.0033	7258	7257	7186	7178	7254	7696	
458	0.0033	7259	7258	7188	7181	7256	7698	
459	0.0034	7258	7256	7185	7178	7253	7696	
460	0.0032	7258	7256	7186	7178	7254	7696	
461	0.0035	7257	7256	7185	7179	7253	7695	
462	0.0032	7256	7255	7184	7177	7252	7694	
463	0.0035	7259	7257	7186	7180	7255	7696	
464	0.0032	7259	7257	7186	7180	7255	7697	
465	0.0033	7257	7257	7186	7179	7254	7695	
466	0.0032	7258	7257	7185	7179	7254	7696	
467	0.0033	7257	7256	7185	7178	7254	7694	
468	0.0032	7257	7256	7186	7179	7254	7695	
469	0.0033	7259	7257	7187	7180	7255	7697	
470	0.0036	7256	7256	7185	7177	7252	7694	
471	0.0035	7257	7256	7186	7179	7254	7695	
472	0.0035	7257	7257	7185	7178	7254	7695	
473	0.0033	7259	7257	7187	7180	7256	7696	
474	0.0030	7258	7257	7186	7178	7253	7695	
475	0.0029	7259	7258	7187	7180	7255	7696	
476	0.0036	7258	7256	7185	7179	7253	7694	
477	0.0030	7259	7258	7187	7180	7255	7696	
478	0.0036	7258	7257	7186	7179	7254	7695	
479	0.0029	7258	7257	7186	7179	7255	7695	
480	0.0032	7259	7257	7186	7180	7255	7695	
481	0.0030	7258	7257	7186	7179	7254	7695	
482	0.0030	7257	7255	7184	7177	7253	7693	
483	0.0028	7258	7257	7186	7178	7254	7695	
484	0.0030	7257	7256	7185	7179	7254	7694	
485	0.0030	7257	7256	7186	7178	7254	7694	
486	0.0029	7258	7257	7187	7180	7255	7695	
487	0.0030	7257	7256	7185	7178	7253	7693	
488	0.0030	7258	7255	7185	7177	7253	7693	
489	0.0030	7258	7256	7186	7179	7254	7694	
490	0.0030	7257	7256	7185	7178	7253	7693	
491	0.0033	7258	7257	7186	7178	7253	7693	
492	0.0030	7259	7258	7187	7180	7256	7695	
493	0.0033	7258	7257	7185	7178	7255	7694	
494	0.0031	7257	7256	7185	7178	7253	7693	
495	0.0033	7257	7256	7185	7178	7253	7692	
496	0.0030	7258	7256	7185	7178	7253	7692	
497	0.0032	7258	7257	7186	7178	7254	7693	
498	0.0030	7259	7258	7187	7180	7255	7694	
499	0.0033	7257	7255	7184	7178	7253	7692	
500	0.0030	7256	7256	7184	7177	7253	7692	
501	2.0743	7302	7299	7226	7227	7306	7739	
502	0.0033	7302	7299	7226	7227	7179	
503	0.0033	7303	7299	7226	7227	7178	
504	0.0038	7301	7298	7225	7226	7176	
505	0.0031	7304	7300	7227	7228	7178	
506	0.0034	7304	7301	7227	7228	7178	
507	0.0032	7302	7299	7226	7227	7176	
508	0.0033	7303	7299	7226	7226	7175	
509	0.0031	7303	7300	7227	7226	7175	
510	0.0038	7303	7299	7226	7227	7175	
511	0.0030	7300	7298	7224	7225	7173	
512	0.0032	7303	7300	7226	7227	7175	
513	0.0032	7302	7298	7225	7226	7172	
514	0.0032	7303	7300	7227	7227	7174	
515	0.0034	7302	7299	7226	7227	7172	
516	0.0033	7303	7299	7226	7227	7172	
517	0.0037	7303	7300	7228	7229	7173	
518	0.0031	7303	7299	7226	7226	7171	
519	0.0033	7302	7299	7225	7226	7170	
520	0.0031	7303	7300	7227	7228	7171	
521	0.0032	7304	7300	7227	7228	7171	
522	0.0034	7301	7297	7224	7224	7167	
523	0.0031	7303	7300	7226	7227	7169	
524	0.0035	7303	7299	7226	7226	7168	
525	0.0032	7304	7300	7227	7227	7168	
526	0.0032	7303	7301	7227	7227	7168	
527	0.0032	7302	7298	7225	7226	7166	
528	0.0034	7303	7299	7226	7227	7167	
529	0.0032	7302	7299	7226	7226	7166	
530	0.0033	7302	7299	7226	7226	7165	
531	0.0034	7303	7300	7227	7227	7165	
532	0.0032	7304	7300	7227	7227	7166	
533	0.0035	7301	7298	7225	7226	7164	
534	0.0033	7303	7300	7227	7227	7164	
535	0.0033	7302	7298	7226	7227	7164	
536	0.0032	7302	7299	7226	7226	7163	
537	0.0036	7301	7298	7224	7225	7162	
538	0.0034	7303	7301	7228	7228	7164	
539	0.0033	7303	7299	7227	7227	7163	
540	0.0035	7302	7300	7227	7227	7162	
541	0.0032	7302	7298	7226	7226	7162	
542	0.0033	7303	7299	7226	7227	7162	
543	0.0032	7303	7299	7226	7226	7161	
544	0.0034	7303	7299	7227	7227	7161	
545	0.0033	7304	7302	7229	7229	7163	
546	0.0037	7303	7298	7226	7226	7160	
547	0.0045	7303	7300	7227	7228	7161	
548	0.0033	7302	7299	7226	7226	7159	
549	0.0034	7301	7298	7225	7225	7157	
550	0.0033	7303	7299	7227	7227	7160	
551	0.0033	7302	7299	7225	7226	7158	
552	0.0037	7302	7299	7225	7226	7157	
553	0.0034	7303	7300	7227	7228	7159	
554	0.0037	7304	7301	7228	7228	7159	
555	0.0033	7304	7300	7226	7227	7158	
556	0.0033	7303	7301	7227	7228	7158	
557	0.0034	7303	7299	7226	7227	7156	
558	0.0033	7304	7301	7228	7228	7158	
559	0.0037	7301	7298	7224	7225	7154	
560	0.0035	7303	7300	7227	7226	7156	
561	0.0035	7303	7299	7226	7227	7156	
562	0.0031	7302	7299	7226	7226	7155	
563	0.0034	7302	7299	7226	7226	7154	
564	0.0035	7304	7301	7228	7227	7156	
565	0.0032	7302	7299	7225	7226	7153	
566	0.0043	7303	7300	7226	7227	7154	
567	0.0039	7301	7298	7225	7226	7153	
568	0.0037	7302	7299	7226	7227	7153	
569	0.0038	7303	7299	7226	7228	7153	
570	0.0038	7301	7297	7224	7224	7151	
571	0.0038	7303	7300	7226	7227	7152	
572	0.0041	7303	7299	7226	7226	7152	
573	0.0038	7303	7299	7227	7228	7153	
574	0.0039	7302	7299	7226	7227	7152	
575	0.0034	7303	7300	7228	7228	7152	
576	0.0033	7302	7299	7226	7226	7150	
577	0.0043	7303	7300	7228	7228	7153	
578	0.0036	7301	7298	7225	7225	7150	
579	0.0036	7304	7301	7227	7228	7152	
580	0.0040	7303	7300	7227	7227	7151	
581	0.0038	7301	7297	7224	7225	7148	
582	0.0035	7303	7300	7226	7227	7150	
583	0.0034	7303	7299	7227	7227	7150	
584	0.0035	7302	7298	7226	7226	7149	
585	0.0040	7303	7299	7226	7226	7149	
586	0.0033	7303	7301	7226	7227	7148	
587	0.0033	7302	7298	7226	7225	7148	
588	0.0034	7303	7299	7226	7226	7148	
589	0.0033	7303	7300	7227	7227	7148	
590	0.0035	7301	7299	7225	7225	7147	
591	0.0033	7301	7297	7224	7225	7146	
592	0.0033	7303	7299	7226	7227	7147	
593	0.0036	7303	7299	7226	7226	7146	
594	0.0033	7302	7298	7225	7226	7145	
595	0.0034	7302	7298	7225	7226	7145	
596	0.0032	7302	7300	7226	7226	7145	
597	0.0034	7303	7300	7227	7227	7147	
598	0.0037	7302	7299	7225	7226	7145	
599	0.0036	7302	7299	7226	7227	7145	
600	0.0037	7302	7299	7226	7227	7145	
601	2.1787	7679	7696	7694	7701	7696	
602	0.0048	7681	7698	7696	7704	
603	0.0035	7681	7699	7697	7703	
604	0.0040	7680	7697	7695	7702	
605	0.0036	7682	7699	7697	7704	
606	0.0037	7682	7699	7697	7703	
607	0.0036	7681	7698	7696	7702	
608	0.0038	7680	7697	7695	7701	
609	0.0044	7682	7699	7697	7703	
610	0.0039	7681	7698	7696	7702	
611	0.0040	7681	7698	7696	7702	
612	0.0042	7679	7696	7695	7701	
613	0.0038	7681	7698	7696	7702	
614	0.0039	7680	7697	7696	7702	
615	0.0045	7680	7698	7696	7702	
616	0.0041	7683	7700	7698	7704	
617	0.0040	7681	7698	7696	7703	
618	0.0041	7679	7696	7695	7701	
619	0.0038	7679	7696	7694	7700	
620	0.0040	7682	7699	7697	7703	
621	0.0042	7680	7698	7696	7702	
622	0.0040	7682	7699	7697	7703	
623	0.0039	7682	7700	7698	7704	
624	0.0040	7679	7697	7695	7701	
625	0.0039	7681	7699	7697	7703	
626	0.0043	7680	7697	7696	7701	
627	0.0042	7681	7698	7696	7702	
628	0.0040	7680	7697	7696	7701	
629	0.0041	7681	7698	7696	7702	
630	0.0040	7680	7697	7695	7701	
631	0.0042	7680	7697	7695	7701	
632	0.0037	7680	7697	7695	7701	
633	0.0037	7681	7698	7697	7702	
634	0.0039	7680	7697	7695	7701	
635	0.0038	7681	7698	7696	7702	
636	0.0040	7679	7696	7695	7700	
637	0.0046	7681	7698	7696	7702	
638	0.0041	7681	7699	7697	7703	
639	0.0040	7680	7697	7695	7701	
640	0.0042	7680	7697	7695	7701	
641	0.0041	7683	7700	7698	7704	
642	0.0040	7681	7698	7696	7702	
643	0.0042	7679	7697	7695	7700	
644	0.0042	7682	7699	7697	7703	
645	0.0040	7681	7698	7696	7702	
646	0.0043	7681	7698	7696	7702	
647	0.0045	7680	7697	7696	7701	
648	0.0041	7682	7699	7697	7703	
649	0.0040	7682	7699	7697	7703	
650	0.0048	7681	7699	7697	7702	
651	0.0038	7684	7701	7699	7705	
652	0.0037	7682	7699	7697	7703	
653	0.0039	7682	7699	7697	7703	
654	0.0037	7680	7697	7695	7701	
655	0.0038	7682	7699	7697	7703	
656	0.0039	7681	7698	7697	7702	
657	0.0038	7681	7698	7696	7701	
658	0.0042	7679	7696	7694	7700	
659	0.0043	7682	7699	7697	7702	
660	0.0045	7681	7698	7696	7702	
661	0.0040	7680	7697	7695	7701	
662	0.0047	7679	7696	7694	7700	
663	0.0042	7680	7697	7695	7701	
664	0.0042	7681	7699	7697	7702	
665	0.0039	7681	7698	7696	7701	
666	0.0042	7679	7696	7695	7700	
667	0.0045	7681	7698	7696	7702	
668	0.0042	7681	7698	7696	7701	
669	0.0041	7680	7698	7696	7701	
670	0.0043	7679	7696	7694	7699	
671	0.0040	7680	7697	7696	7701	
672	0.0038	7681	7698	7696	7702	
673	0.0040	7682	7699	7697	7702	
674	0.0039	7681	7698	7696	7701	
675	0.0038	7681	7698	7697	7702	
676	0.0040	7681	7698	7696	7702	
677	0.0041	7681	7698	7696	7701	
678	0.0038	7682	7699	7698	7703	
679	0.0038	7682	7699	7697	7702	
680	0.0045	7682	7699	7697	7703	
681	0.0055	7681	7699	7697	7702	
682	0.0044	7682	7699	7697	7702	
683	0.0043	7680	7697	7695	7700	
684	0.0044	7680	7697	7695	7700	
685	0.0039	7681	7698	7696	7701	
686	0.0041	7682	7699	7697	7703	
687	0.0039	7679	7697	7695	7700	
688	0.0041	7681	7698	7697	7702	
689	0.0042	7679	7697	7695	7700	
690	0.0043	7681	7698	7696	7701	
691	0.0043	7680	7697	7695	7700	
692	0.0038	7682	7699	7697	7702	
693	0.0044	7680	7698	7696	7701	
694	0.0042	7680	7697	7695	7700	
695	0.0046	7680	7697	7695	7700	
696	0.0042	7681	7698	7697	7702	
697	0.0044	7681	7699	7697	7702	
698	0.0044	7681	7698	7697	7702	
699	0.0081	7682	7699	7697	7702	
700	0.0057	7682	7699	7697	7702	
701	2.3712	7786	7782	7783	7785	
702	0.0057	7787	7783	7781	
703	0.0059	7787	7782	7778	
704	0.0070	7787	7783	7779	
705	0.0061	7786	7782	7777	
706	0.0058	7788	7784	7780	
707	0.0073	7787	7783	7779	
708	0.0055	7785	7781	7777	
709	0.0057	7787	7783	7778	
710	0.0072	7788	7784	7780	
711	0.0055	7788	7784	7780	
712	0.0059	7787	7782	7778	
713	0.0072	7787	7783	7779	
714	0.0061	7787	7783	7778	
715	0.0057	7788	7784	7779	
716	0.0073	7787	7783	7778	
717	0.0057	7787	7783	7778	
718	0.0057	7787	7783	7778	
719	0.0071	7787	7782	7778	
720	0.0057	7788	7783	7779	
721	0.0059	7787	7782	7778	
722	0.0073	7786	7781	7777	
723	0.0062	7786	7782	7777	
724	0.0045	7786	7782	7777	
725	0.0057	7788	7784	7779	
726	0.0052	7787	7783	7778	
727	0.0043	7786	7782	7777	
728	0.0055	7786	7782	7777	
729	0.0051	7789	7785	7780	
730	0.0043	7788	7783	7779	
731	0.0054	7787	7783	7778	
732	0.0052	7786	7782	7777	
733	0.0048	7786	7782	7776	
734	0.0056	7787	7783	7778	
735	0.0056	7785	7781	7776	
736	0.0043	7787	7783	7778	
737	0.0059	7787	7783	7778	
738	0.0060	7786	7782	7776	
739	0.0060	7786	7782	7777	
740	0.0075	7786	7782	7777	
741	0.0058	7789	7785	7779	
742	0.0059	7787	7783	7777	
743	0.0074	7786	7782	7776	
744	0.0062	7788	7784	7779	
745	0.0058	7786	7782	7776	
746	0.0075	7789	7785	7779	
747	0.0060	7788	7783	7778	
748	0.0060	7788	7784	7778	
749	0.0077	7787	7783	7777	
750	0.0062	7787	7783	7777	
751	0.0060	7745	7788	7792	
752	0.0075	7744	7787	7791	
753	0.0063	7745	7788	7792	
754	0.0060	7745	7789	7792	
755	0.0077	7744	7788	7791	
756	0.0061	7746	7789	7793	
757	0.0061	7744	7788	7792	
758	0.0078	7743	7787	7790	
759	0.0058	7742	7785	7789	
760	0.0061	7744	7788	7791	
761	0.0070	7744	7788	7791	
762	0.0060	7745	7789	7792	
763	0.0060	7744	7788	7791	
764	0.0074	7742	7786	7789	
765	0.0055	7744	7787	7791	
766	0.0047	7743	7787	7790	
767	0.0059	7745	7788	7792	
768	0.0053	7743	7787	7790	
769	0.0046	7743	7786	7790	
770	0.0060	7745	7788	7791	
771	0.0062	7745	7789	7792	
772	0.0051	7745	7788	7792	
773	0.0063	7746	7789	7793	
774	0.0060	7742	7785	7789	
775	0.0062	7745	7788	7791	
776	0.0078	7744	7787	7791	
777	0.0075	7745	7788	7791	
778	0.0062	7744	7787	7791	
779	0.0078	7743	7787	7790	
780	0.0062	7744	7787	7790	
781	0.0063	7743	7787	7790	
782	0.0077	7743	7787	7790	
783	0.0061	7743	7786	7789	
784	0.0062	7746	7789	7792	
785	0.0076	7745	7789	7792	
786	0.0064	7743	7786	7789	
787	0.0059	7745	7789	7792	
788	0.0076	7743	7787	7790	
789	0.0062	7742	7785	7789	
790	0.0062	7743	7787	7790	
791	0.0076	7743	7786	7790	
792	0.0062	7745	7788	7792	
793	0.0062	7744	7788	7791	
794	0.0078	7743	7786	7790	
795	0.0066	7745	7789	7792	
796	0.0063	7744	7787	7790	
797	0.0078	7744	7788	7791	
798	0.0062	7744	7787	7790	
799	0.0069	7742	7786	7789	
800	0.0077	7744	7787	7790	
801	2.5890	7770	7814	7818	
802	0.0057	7771	7817	
803	0.0057	7772	7817	
804	0.0050	7769	7815	
805	0.0065	7771	7816	
806	0.0059	7767	7812	
807	0.0045	7769	7815	
808	0.0057	7769	7814	
809	0.0057	7771	7816	
810	0.0051	7769	7815	
811	0.0063	7770	7815	
812	0.0065	7770	7815	
813	0.0049	7771	7816	
814	0.0057	7769	7814	
815	0.0058	7768	7813	
816	0.0063	7771	7816	
817	0.0078	7769	7814	
818	0.0065	7769	7814	
819	0.0064	7769	7814	
820	0.0079	7769	7814	
821	0.0066	7771	7816	
822	0.0062	7770	7815	
823	0.0080	7770	7815	
824	0.0061	7770	7815	
825	0.0046	7770	7815	
826	0.0058	7772	7817	
827	0.0059	7771	7816	
828	0.0052	7770	7815	
829	0.0063	7770	7815	
830	0.0068	7773	7818	
831	0.0065	7769	7814	
832	0.0078	7771	7816	
833	0.0069	7771	7815	
834	0.0064	7771	7815	
835	0.0079	7772	7816	
836	0.0074	7771	7816	
837	0.0064	7770	7814	
838	0.0076	7770	7814	
839	0.0072	7771	7816	
840	0.0064	7768	7813	
841	0.0079	7772	7816	
842	0.0068	7770	7814	
843	0.0061	7769	7813	
844	0.0074	7769	7813	
845	0.0059	7770	7814	
846	0.0060	7769	7813	
847	0.0073	7770	7814	
848	0.0057	7770	7814	
849	0.0047	7770	7815	
850	0.0061	7772	7816	
851	0.0064	7768	7813	
852	0.0045	7769	7813	
853	0.0058	7768	7812	
854	0.0059	7769	7813	
855	0.0068	7768	7812	
856	0.0074	7771	7815	
857	0.0059	7771	7815	
858	0.0049	7769	7813	
859	0.0067	7770	7814	
860	0.0076	7771	7815	
861	0.0066	7770	7814	
862	0.0079	7769	7813	
863	0.0069	7770	7814	
864	0.0065	7771	7815	
865	0.0081	7772	7815	
866	0.0062	7771	7814	
867	0.0047	7770	7814	
868	0.0060	7770	7814	
869	0.0069	7770	7814	
870	0.0048	7769	7813	
871	0.0061	7769	7813	
872	0.0061	7769	7813	
873	0.0064	7770	7813	
874	0.0075	7769	7813	
875	0.0059	7771	7814	
876	0.0053	7770	7814	
877	0.0083	7768	7811	
878	0.0068	7769	7813	
879	0.0068	7770	7813	
880	0.0083	7768	7812	
881	0.0060	7767	7811	
882	0.0063	7768	7811	
883	0.0079	7770	7813	
884	0.0065	7771	7814	
885	0.0048	7770	7813	
886	0.0061	7770	7814	
887	0.0071	7771	7814	
888	0.0067	7770	7813	
889	0.0084	7770	7813	
890	0.0071	7772	7815	
891	0.0066	7768	7812	
892	0.0072	7769	7813	
893	0.0072	7770	7813	
894	0.0068	7771	7814	
895	0.0084	7770	7813	
896	0.0073	7771	7814	
897	0.0067	7770	7813	
898	0.0084	7770	7813	
899	0.0070	7767	7811	
900	0.0069	7771	7814	
901	0.0099	7769	7812	
902	0.0087	7771	7814	
903	0.0076	7771	7814	
904	0.0070	7770	7813	
905	0.0084	7768	7811	
906	0.0080	7769	7812	
907	0.0084	7770	7813	
908	0.0098	7771	7814	
909	0.0064	7771	7813	
910	0.0084	7770	7813	
911	0.0088	7769	7812	
912	0.0082	7769	7811	
913	0.0083	7769	7812	
914	0.0087	7770	7812	
915	0.0080	7770	7813	
916	0.0085	7769	7812	
917	0.0086	7770	7813	
918	0.0077	7768	7811	
919	0.0078	7770	7812	
920	0.0079	7770	7812	
921	0.0077	7770	7812	
922	0.0063	7771	7813	
923	0.0067	7771	7813	
924	0.0084	7772	7814	
925	0.0086	7770	7812	
926	0.0087	7770	7812	
927	0.0083	7771	7813	
928	0.0087	7770	7812	
929	0.0088	7770	7812	
930	0.0085	7769	7811	
931	0.0087	7768	7810	
932	0.0087	7772	7814	
933	0.0085	7771	7813	
934	0.0087	7770	7812	
935	0.0088	7770	7812	
936	0.0085	7771	7813	
937	0.0087	7770	7811	
938	0.0088	7771	7813	
939	0.0085	7770	7812	
940	0.0086	7773	7814	
941	0.0088	7770	7812	
942	0.0086	7769	7811	
943	0.0087	7770	7811	
944	0.0071	7770	7812	
945	0.0061	7769	7810	
946	0.0097	7770	7812	
947	0.0088	7768	7809	
948	0.0084	7770	7812	
949	0.0086	7770	7812	
950	0.0089	7770	7811	
951	2.6399	7805	7846	
952	0.0065	7815	
953	0.0072	7811	
954	0.0064	7812	
955	0.0083	7809	
956	0.0088	7809	
957	0.0084	7809	
958	0.0085	7810	
959	0.0090	7809	
960	0.0086	7810	
961	0.0086	7809	
962	0.0092	7810	
963	0.0088	7809	
964	0.0082	7810	
965	0.0089	7810	
966	0.0086	7807	
967	0.0087	7808	
968	0.0092	7809	
969	0.0090	7808	
970	0.0090	7810	
971	0.0094	7809	
972	0.0087	7806	
973	0.0088	7808	
974	0.0090	7807	
975	0.0087	7807	
976	0.0087	7806	
977	0.0092	7806	
978	0.0088	7807	
979	0.0086	7805	
980	0.0091	7807	
981	0.0084	7805	
982	0.0081	7806	
983	0.0085	7806	
984	0.0087	7807	
985	0.0065	7804	
986	0.0096	7805	
987	0.0090	7806	
988	0.0086	7804	
989	0.0091	7808	
990	0.0089	7803	
991	0.0088	7805	
992	0.0072	7806	
993	0.0070	7805	
994	0.0064	7804	
995	0.0092	7805	
996	0.0111	7806	
997	0.0080	7804	
998	0.0075	7804	
999	0.0074	7803	
1000	0.0083	7804	
