1.762034600458286703e+07
1.000000000000000000e+00 1.141271591186523438e-01 1.421461772917779454e+05 0.000000000000000000e+00
2.000000000000000000e+00 1.885113716125488281e-01 1.442009463925733289e+05 7.405773270976412359e-01
3.000000000000000000e+00 1.491768360137939453e-01 8.787588353077654028e+04 -5.128374370004601390e-01
4.000000000000000000e+00 1.913368701934814453e-01 1.259601108356886543e+05 4.277995628774234893e-01
5.000000000000000000e+00 9.791493415832519531e-02 9.944003068616978999e+04 -3.028751887212058902e-01
6.000000000000000000e+00 1.411547660827636719e-01 1.060501247896427813e+05 -8.940260229771433698e-02
7.000000000000000000e+00 1.698098182678222656e-01 1.147280550566236634e+05 1.893524122062895110e-01
8.000000000000000000e+00 1.184484958648681641e-01 1.014498291238151869e+05 -2.719183567659144152e-01
9.000000000000000000e+00 1.846203804016113281e-01 1.127425196493252297e+05 1.504095728309068625e-01
1.000000000000000000e+01 1.657884120941162109e-01 1.029278273024016526e+05 -2.318658246670307344e-01
1.100000000000000000e+01 2.108261585235595703e-01 9.079748938996119250e+04 -7.091564209009021402e-01
1.200000000000000000e+01 1.947476863861083984e-01 1.223033565856448986e+05 6.319681136932804311e-01
1.300000000000000000e+01 1.384596824645996094e-01 1.015607896877374005e+05 -2.790221971537857892e-01
1.400000000000000000e+01 1.419658660888671875e-01 1.123016692469607078e+05 2.031185016535814736e-01
1.500000000000000000e+01 1.508128643035888672e-01 9.723431783861135773e+04 -4.896328044630001153e-01
1.600000000000000000e+01 1.526966094970703125e-01 1.251028494530031312e+05 8.317107170352014966e-01
1.700000000000000000e+01 1.620149612426757812e-01 1.642239294631170924e+05 2.640977797209412170e+00
1.800000000000000000e+01 1.677920818328857422e-01 1.403297942054347077e+05 1.183872812144302067e+00
1.900000000000000000e+01 1.755886077880859375e-01 2.146510798040510854e+05 4.132369278318555494e+00
1.900000000000000000e+01 3.500225543975830078e-01 2.038392578244525066e+05 0.000000000000000000e+00
2.000000000000000000e+01 2.953259944915771484e-01 2.879376232070690603e+05 0.000000000000000000e+00
2.100000000000000000e+01 2.116937637329101562e-01 1.849631520215250785e+05 -1.024530844185129963e+00
2.200000000000000000e+01 2.309222221374511719e-01 2.315796036662382248e+05 1.094380650490861251e-01
2.300000000000000000e+01 1.984238624572753906e-01 1.851075601573956374e+05 -9.355833098388531832e-01
2.400000000000000000e+01 2.301585674285888672e-01 1.412926214483584918e+05 -1.793635296156668835e+00
2.500000000000000000e+01 2.543859481811523438e-01 1.331249807914076082e+05 -1.456816993149735007e+00
2.600000000000000000e+01 2.902979850769042969e-01 1.419486854038244055e+05 -1.005359317708102607e+00
2.700000000000000000e+01 3.153929710388183594e-01 1.320797514554516238e+05 -1.074197186677243288e+00
2.800000000000000000e+01 2.342567443847656250e-01 1.294339674708863749e+05 -1.003406512797479166e+00
2.900000000000000000e+01 2.717475891113281250e-01 1.034149409439991723e+05 -1.403031804280708617e+00
3.000000000000000000e+01 2.831578254699707031e-01 1.547522260489387845e+05 -2.872566734488448126e-01
3.100000000000000000e+01 2.873058319091796875e-01 2.032007788710760651e+05 6.524369425424797475e-01
3.200000000000000000e+01 4.139459133148193359e-01 1.975153799058151781e+05 5.063747426630931248e-01
3.300000000000000000e+01 3.382358551025390625e-01 1.556802552042757161e+05 -3.625953033051780294e-01
3.400000000000000000e+01 2.672777175903320312e-01 1.389975263136021094e+05 -6.985089613066991499e-01
3.500000000000000000e+01 2.774901390075683594e-01 1.333146207449459180e+05 -7.881081244285774723e-01
3.600000000000000000e+01 3.265011310577392578e-01 1.171193002750363958e+05 -1.101198944953975634e+00
3.700000000000000000e+01 3.539571762084960938e-01 1.246076595638508879e+05 -8.746313725442860232e-01
3.800000000000000000e+01 2.887127399444580078e-01 1.393098738647786377e+05 -5.165149656131080569e-01
3.900000000000000000e+01 2.951841354370117188e-01 1.463054643247256463e+05 -3.460101891621629178e-01
4.000000000000000000e+01 3.329885005950927734e-01 1.309708348814017518e+05 -6.837680977205634614e-01
4.100000000000000000e+01 3.577501773834228516e-01 1.486886514819059812e+05 -2.555162269227746474e-01
4.200000000000000000e+01 4.263806343078613281e-01 1.381256139316243352e+05 -4.971352153163567933e-01
4.300000000000000000e+01 3.457384109497070312e-01 1.431105706503139227e+05 -3.658117872197224618e-01
4.400000000000000000e+01 3.305847644805908203e-01 1.359893110658881487e+05 -5.304918604340023158e-01
4.500000000000000000e+01 3.634467124938964844e-01 1.518064876349845435e+05 -1.282588599220958470e-01
4.600000000000000000e+01 4.532523155212402344e-01 1.357094652605085284e+05 -5.299631253020842259e-01
4.700000000000000000e+01 3.429422378540039062e-01 1.408820367261141655e+05 -3.864541259221694336e-01
4.800000000000000000e+01 3.803246021270751953e-01 1.333094709843140154e+05 -5.746760594394746402e-01
4.900000000000000000e+01 3.843734264373779297e-01 1.522501661734608642e+05 -6.678994595841419857e-02
5.000000000000000000e+01 4.217474460601806641e-01 1.543969905143593205e+05 -8.632689628322877048e-03
5.100000000000000000e+01 4.249477386474609375e-01 1.601336555421699304e+05 1.466089775130467177e-01
5.200000000000000000e+01 3.798389434814453125e-01 1.657402485630167648e+05 2.983596355096060915e-01
5.300000000000000000e+01 4.123928546905517578e-01 1.459591951418872632e+05 -2.572243895982776474e-01
5.400000000000000000e+01 5.134735107421875000e-01 1.549612081749517529e+05 8.426877146447304956e-04
5.500000000000000000e+01 3.887083530426025391e-01 1.192979743086460803e+05 -1.021050321538961692e+00
5.600000000000000000e+01 4.610934257507324219e-01 1.240154824344160152e+05 -8.581093641318919829e-01
5.700000000000000000e+01 4.899835586547851562e-01 1.196642389638331078e+05 -9.638752306373251644e-01
5.800000000000000000e+01 4.345517158508300781e-01 1.882083024231358722e+05 1.033327796490861150e+00
5.900000000000000000e+01 4.495179653167724609e-01 2.262492854812374280e+05 2.101742346734051914e+00
6.000000000000000000e+01 4.310541152954101562e-01 1.649049757679526811e+05 2.739502202400000974e-01
6.100000000000000000e+01 5.046448707580566406e-01 1.394115882101336319e+05 -4.426864099891416604e-01
6.200000000000000000e+01 4.300217628479003906e-01 1.607352839536605170e+05 1.657515729991569098e-01
6.300000000000000000e+01 4.630470275878906250e-01 1.442277183415938343e+05 -3.078357470857002176e-01
6.400000000000000000e+01 5.700356960296630859e-01 1.673818326118592231e+05 3.643841697373837452e-01
6.500000000000000000e+01 4.900188446044921875e-01 1.988437886096956499e+05 1.277276340556893430e+00
6.600000000000000000e+01 4.931247234344482422e-01 1.861733874528988381e+05 8.750201038812606136e-01
6.700000000000000000e+01 5.670361518859863281e-01 2.225651604592976219e+05 1.916135601582273695e+00
6.800000000000000000e+01 5.025203227996826172e-01 2.625904211954817292e+05 2.960600753455706613e+00
6.900000000000000000e+01 5.088231563568115234e-01 2.045691372437902319e+05 1.172358469852209817e+00
7.000000000000000000e+01 5.838775634765625000e-01 2.054525755167317111e+05 1.168574854779492300e+00
7.100000000000000000e+01 4.868724346160888672e-01 2.228420130670773506e+05 1.597008146695247710e+00
7.200000000000000000e+01 4.969224929809570312e-01 2.502389524599690340e+05 2.250967442608378555e+00
7.300000000000000000e+01 5.754258632659912109e-01 1.986493474772509653e+05 8.481740603473948426e-01
7.400000000000000000e+01 5.380206108093261719e-01 2.021854850861648738e+05 9.231863478813741031e-01
7.500000000000000000e+01 5.068094730377197266e-01 2.181079839734471461e+05 1.305602104354346871e+00
7.600000000000000000e+01 6.383671760559082031e-01 2.058255232031694613e+05 9.701996409552301470e-01
7.700000000000000000e+01 5.636413097381591797e-01 2.370982365408731857e+05 1.730769953768885649e+00
7.800000000000000000e+01 6.319105625152587891e-01 2.628413088434654637e+05 2.302490463107776719e+00
7.900000000000000000e+01 6.150553226470947266e-01 2.965922142212293111e+05 2.983921875842056703e+00
8.000000000000000000e+01 5.622847080230712891e-01 3.266473746553255478e+05 3.429372963108422656e+00
8.000000000000000000e+01 1.215271472930908203e+00 1.201170704107833444e+05 0.000000000000000000e+00
8.100000000000000000e+01 5.812976360321044922e-01 1.759482040119742451e+05 0.000000000000000000e+00
8.200000000000000000e+01 6.647074222564697266e-01 2.373608387290769315e+05 2.262700861335026570e+00
8.300000000000000000e+01 1.046625852584838867e+00 4.835127239438025863e+05 5.212876018358974406e+00
8.300000000000000000e+01 9.980201721191406250e-04 4.164242484788640286e+04 0.000000000000000000e+00
8.400000000000000000e+01 6.421732902526855469e-01 3.269769218143900507e+05 8.983104989548399644e+00
8.400000000000000000e+01 7.755756378173828125e-04 4.525806307081643899e+04 0.000000000000000000e+00
8.500000000000000000e+01 5.660068988800048828e-01 3.474229236837595236e+05 8.734871398099489426e+00
8.500000000000000000e+01 7.767677307128906250e-04 4.395248534013651806e+04 0.000000000000000000e+00
8.600000000000000000e+01 5.558946132659912109e-01 3.253008968625291600e+05 8.345549428080241583e+00
8.600000000000000000e+01 7.739067077636718750e-04 4.719348039265973784e+04 0.000000000000000000e+00
8.700000000000000000e+01 7.608008384704589844e-02 1.812523857451163349e+05 3.310141375315654777e+00
8.700000000000000000e+01 1.798620223999023438e-01 1.786270400611710793e+05 0.000000000000000000e+00
8.800000000000000000e+01 1.774418354034423828e-01 1.435596749961625610e+05 0.000000000000000000e+00
8.900000000000000000e+01 7.812476158142089844e-02 1.650679281737506390e+05 1.602883963613292995e-01
9.000000000000000000e+01 9.441041946411132812e-02 2.458635387871833227e+05 4.718902570443275657e+00
9.000000000000000000e+01 2.450454235076904297e-01 2.388728998356837546e+05 0.000000000000000000e+00
9.100000000000000000e+01 1.125929355621337891e-01 1.630688467104073497e+05 0.000000000000000000e+00
9.200000000000000000e+01 1.372635364532470703e-01 1.686996149246986897e+05 -6.020581927941823785e-01
9.300000000000000000e+01 1.074624061584472656e-01 2.020318195576540893e+05 2.798229024421160505e-01
9.400000000000000000e+01 1.214606761932373047e-01 1.454614595373243501e+05 -1.363578305005693547e+00
9.500000000000000000e+01 1.568408012390136719e-01 1.756318840061603114e+05 -2.157492181339330239e-01
9.600000000000000000e+01 1.669759750366210938e-01 1.448103632898134238e+05 -1.125471080167732119e+00
9.700000000000000000e+01 1.350803375244140625e-01 1.608719874790656904e+05 -4.790238862808874343e-01
9.800000000000000000e+01 2.439701557159423828e-01 1.447144427083923365e+05 -9.571486838056688651e-01
9.900000000000000000e+01 1.776361465454101562e-01 1.225857510381582979e+05 -1.570076962143208910e+00
1.000000000000000000e+02 1.444442272186279297e-01 1.386135061521750176e+05 -8.440457424702182410e-01
1.010000000000000000e+02 1.900656223297119141e-01 1.355558222571023798e+05 -8.748356537629811136e-01
1.020000000000000000e+02 1.670448780059814453e-01 1.270861585211810598e+05 -1.075994865527210020e+00
1.030000000000000000e+02 1.632478237152099609e-01 1.262686372943799506e+05 -1.015703996076206206e+00
1.040000000000000000e+02 2.056934833526611328e-01 1.531454019324924739e+05 -1.112712108167283886e-01
1.050000000000000000e+02 2.273476123809814453e-01 1.076592912798328034e+05 -1.570779980911058527e+00
1.060000000000000000e+02 2.414994239807128906e-01 1.503171061606470612e+05 -9.639286732203500296e-02
1.070000000000000000e+02 1.992864608764648438e-01 1.433730988032754103e+05 -3.148051853966326030e-01
1.080000000000000000e+02 2.077753543853759766e-01 1.486900107717894425e+05 -1.315520497296101265e-01
1.090000000000000000e+02 2.008581161499023438e-01 1.520926197137045092e+05 -1.363921810964846722e-02
1.100000000000000000e+02 2.066030502319335938e-01 1.341745686882179289e+05 -6.330042176173379387e-01
1.110000000000000000e+02 2.142972946166992188e-01 1.710291154119090352e+05 6.823776202070822583e-01
1.120000000000000000e+02 2.217018604278564453e-01 1.188941121882548468e+05 -1.196183730022176928e+00
1.130000000000000000e+02 2.266623973846435547e-01 1.540154176400032302e+05 1.054837831335831422e-01
1.140000000000000000e+02 3.438477516174316406e-01 1.523062168308527034e+05 4.163927506286710378e-02
1.150000000000000000e+02 2.924585342407226562e-01 1.343807379668703361e+05 -6.201086159973849821e-01
1.160000000000000000e+02 2.787632942199707031e-01 1.430295954167335585e+05 -2.809250036101643144e-01
1.170000000000000000e+02 2.560141086578369141e-01 1.661396325647539343e+05 6.033494164617708710e-01
1.180000000000000000e+02 2.997698783874511719e-01 1.448079983740126481e+05 -2.321873705970158297e-01
1.190000000000000000e+02 3.572304248809814453e-01 1.583434043981157884e+05 3.019875222774554557e-01
1.200000000000000000e+02 2.695004940032958984e-01 1.788917231924819935e+05 1.114275568814985906e+00
1.210000000000000000e+02 2.771363258361816406e-01 1.439805657901365485e+05 -3.098061439132357431e-01
1.220000000000000000e+02 3.101754188537597656e-01 1.579427065825468162e+05 2.573898228410450573e-01
1.230000000000000000e+02 3.170943260192871094e-01 1.643954901671506232e+05 5.169418931161029462e-01
1.240000000000000000e+02 3.458225727081298828e-01 1.808490923520566721e+05 1.187328509065975091e+00
1.250000000000000000e+02 3.246381282806396484e-01 1.459143083546783600e+05 -2.885391088587084818e-01
1.260000000000000000e+02 3.345105648040771484e-01 1.579770969059243798e+05 2.181073924646166062e-01
1.270000000000000000e+02 3.045690059661865234e-01 1.344057408175549645e+05 -7.798826008777416385e-01
1.280000000000000000e+02 3.390085697174072266e-01 1.793446076721323188e+05 1.143862264692365960e+00
1.290000000000000000e+02 4.110572338104248047e-01 2.650122912534099887e+05 4.733628686619401726e+00
1.290000000000000000e+02 7.283899784088134766e-01 1.313807787028637540e+05 0.000000000000000000e+00
1.300000000000000000e+02 3.726029396057128906e-01 1.568521331136064255e+05 0.000000000000000000e+00
1.310000000000000000e+02 9.538078308105468750e-01 2.766688294844367774e+05 7.359536576396130236e+00
1.310000000000000000e+02 1.486778259277343750e-03 3.165092332070826524e+04 0.000000000000000000e+00
1.320000000000000000e+02 5.611779689788818359e-01 2.434057464593019686e+05 8.754435295994600352e+00
1.320000000000000000e+02 7.812976837158203125e-04 4.303861373451186228e+04 0.000000000000000000e+00
1.330000000000000000e+02 6.882760524749755859e-01 2.716856854672880727e+05 6.806048541055931267e+00
1.330000000000000000e+02 8.132457733154296875e-04 3.671050051357493794e+04 0.000000000000000000e+00
1.340000000000000000e+02 7.314491271972656250e-02 1.678605856915813638e+05 4.345241363632071696e+00
1.340000000000000000e+02 1.439607143402099609e-01 1.682606725092211855e+05 0.000000000000000000e+00
1.350000000000000000e+02 1.151442527770996094e-01 1.252567232763636857e+05 0.000000000000000000e+00
1.360000000000000000e+02 7.767057418823242188e-02 1.279741029954338010e+05 -6.177439361134650087e-01
1.370000000000000000e+02 9.087586402893066406e-02 1.197948375283930654e+05 -8.596505775108037595e-01
1.380000000000000000e+02 9.874510765075683594e-02 8.298098410580048221e+04 -2.355431279787278953e+00
1.390000000000000000e+02 1.019544601440429688e-01 2.732722273937088321e+05 4.897894897614234466e+00
1.390000000000000000e+02 2.058227062225341797e-01 2.716868505597128533e+05 0.000000000000000000e+00
1.400000000000000000e+02 1.093001365661621094e-01 1.195185694680425804e+05 0.000000000000000000e+00
1.410000000000000000e+02 1.307108402252197266e-01 2.788675375411669374e+05 7.738422719437220154e-01
1.420000000000000000e+02 2.386012077331542969e-01 1.224713431829985202e+05 -1.120972351439371906e+00
1.430000000000000000e+02 1.806247234344482422e-01 1.123742558327243751e+05 -9.621967703034961517e-01
1.440000000000000000e+02 2.236425876617431641e-01 1.094871118376713857e+05 -8.294902464848276091e-01
1.450000000000000000e+02 1.328632831573486328e-01 1.208432056481134641e+05 -5.850045132244389157e-01
1.460000000000000000e+02 1.914556026458740234e-01 1.165605748269361065e+05 -5.891660717554746407e-01
1.470000000000000000e+02 2.161014080047607422e-01 1.222584556719380926e+05 -4.656981452887469231e-01
1.480000000000000000e+02 1.744799613952636719e-01 1.064229435377003247e+05 -6.638557081098486190e-01
1.490000000000000000e+02 1.860740184783935547e-01 1.354873173734992452e+05 -1.866678143351801489e-01
1.500000000000000000e+02 1.622650623321533203e-01 1.165982333723333140e+05 -4.739191664565361450e-01
1.510000000000000000e+02 1.713142395019531250e-01 1.657539172785666888e+05 3.469460139150400413e-01
1.520000000000000000e+02 2.481245994567871094e-01 1.278465257005025051e+05 -3.066793985478915019e-01
1.530000000000000000e+02 2.139818668365478516e-01 1.260964374331706786e+05 -3.259476497447112986e-01
1.540000000000000000e+02 2.271931171417236328e-01 1.356730424416843744e+05 -1.412926662819819212e-01
1.550000000000000000e+02 1.940608024597167969e-01 1.295712434526786965e+05 -2.511799229794009491e-01
1.560000000000000000e+02 2.019941806793212891e-01 1.492448135268380283e+05 1.357241227152263252e-01
1.570000000000000000e+02 2.085406780242919922e-01 1.348414230908239260e+05 -1.541017678422292869e-01
1.580000000000000000e+02 2.494633197784423828e-01 1.413943777839077520e+05 -1.624785254476767554e-02
1.590000000000000000e+02 3.259377479553222656e-01 1.545549443178344809e+05 2.603770501712254770e-01
1.600000000000000000e+02 2.250001430511474609e-01 1.308588521877277526e+05 -2.554391465046733090e-01
1.610000000000000000e+02 2.509388923645019531e-01 1.338051859856395167e+05 -1.846566363907563013e-01
1.620000000000000000e+02 2.783896923065185547e-01 1.460364836180190032e+05 9.450143237879964075e-02
1.630000000000000000e+02 2.765192985534667969e-01 1.641132414916121634e+05 5.082803211776385499e-01
1.640000000000000000e+02 2.748208045959472656e-01 2.183779489337839186e+05 1.763688598381784489e+00
1.650000000000000000e+02 3.141200542449951172e-01 1.627427500776549568e+05 3.810397766272912712e-01
1.660000000000000000e+02 2.876517772674560547e-01 1.686581082115154713e+05 5.084271671071165510e-01
1.670000000000000000e+02 3.367226123809814453e-01 1.930827739641355583e+05 1.063717070518360508e+00
1.680000000000000000e+02 2.700436115264892578e-01 2.115057644151157292e+05 1.451929864100156342e+00
1.690000000000000000e+02 3.072443008422851562e-01 2.017786479660207406e+05 1.157766192692603946e+00
1.700000000000000000e+02 3.709270954132080078e-01 3.410544776927746716e+05 4.268062578364367532e+00
1.700000000000000000e+02 6.529858112335205078e-01 2.658363437616355368e+05 0.000000000000000000e+00
1.710000000000000000e+02 2.877078056335449219e-01 1.669798562376172631e+05 0.000000000000000000e+00
1.720000000000000000e+02 3.515148162841796875e-01 1.314363391218407487e+05 -1.215582504111243578e+00
1.730000000000000000e+02 3.247227668762207031e-01 2.377328334273889195e+05 7.129215969949271869e-01
1.740000000000000000e+02 3.782033920288085938e-01 2.611814627518839843e+05 9.780923105306704723e-01
1.750000000000000000e+02 3.455357551574707031e-01 2.554056080189913628e+05 7.105391548689227177e-01
1.760000000000000000e+02 3.550539016723632812e-01 2.604510536319795065e+05 7.188548897086018963e-01
1.770000000000000000e+02 3.220150470733642578e-01 2.231096122239362448e+05 -4.572682738459594998e-02
1.780000000000000000e+02 4.278314113616943359e-01 2.079032478911757935e+05 -3.478286790909119741e-01
1.790000000000000000e+02 3.526256084442138672e-01 2.464875200346968777e+05 4.920054088037862927e-01
1.800000000000000000e+02 3.523285388946533203e-01 2.298086109520930331e+05 9.243933501725214164e-02
1.810000000000000000e+02 8.922531604766845703e-01 5.109229453084524721e+05 6.676220856314644791e+00
1.810000000000000000e+02 8.373260498046875000e-04 3.675353069735079771e+04 0.000000000000000000e+00
1.820000000000000000e+02 5.220348834991455078e-01 5.027730482310767984e+05 1.722453432980653076e+01
1.820000000000000000e+02 7.922649383544921875e-04 5.805680465972887032e+04 0.000000000000000000e+00
1.830000000000000000e+02 7.091181278228759766e-01 3.643464036680051940e+05 6.753843015655822235e+00
1.830000000000000000e+02 8.769035339355468750e-04 5.503398831947008148e+04 0.000000000000000000e+00
1.840000000000000000e+02 2.039206027984619141e-01 2.115489837567847280e+05 3.314873744326359617e+00
1.840000000000000000e+02 2.776849269866943359e-01 2.107967069063360977e+05 0.000000000000000000e+00
1.850000000000000000e+02 7.671380043029785156e-02 1.568406272873079579e+05 0.000000000000000000e+00
1.860000000000000000e+02 9.694123268127441406e-02 2.037908299122310418e+05 5.234795360023563049e-01
1.870000000000000000e+02 1.695327758789062500e-01 1.747544788278388733e+05 -5.358592519971370205e-01
1.880000000000000000e+02 1.003432273864746094e-01 2.515758932669058267e+05 2.579339739190047442e+00
1.890000000000000000e+02 1.273562908172607422e-01 2.677729537886373582e+05 1.875939083986912115e+00
1.900000000000000000e+02 1.467990875244140625e-01 2.296771705878881039e+05 4.379840371107768249e-01
1.910000000000000000e+02 1.351084709167480469e-01 1.754596734220561339e+05 -9.600600489467170373e-01
1.920000000000000000e+02 1.572060585021972656e-01 1.966670478506225627e+05 -3.105649302859379568e-01
1.930000000000000000e+02 1.229729652404785156e-01 2.049832349562537565e+05 -6.776639832058302393e-02
1.940000000000000000e+02 1.670181751251220703e-01 1.878273375499391113e+05 -5.580930927254100782e-01
1.950000000000000000e+02 2.179696559906005859e-01 2.109504379312652163e+05 1.636606832511644238e-01
1.960000000000000000e+02 1.397693157196044922e-01 1.495524856832126679e+05 -1.762726097298822570e+00
1.970000000000000000e+02 1.455974578857421875e-01 1.689350472726282605e+05 -9.497908104578931532e-01
1.980000000000000000e+02 1.521756649017333984e-01 1.635087258443896426e+05 -1.046338023454522315e+00
1.990000000000000000e+02 1.901583671569824219e-01 1.816876013746431854e+05 -4.441323941044502122e-01
2.000000000000000000e+02 1.869881153106689453e-01 2.180599243216768664e+05 6.657713359503688588e-01
2.010000000000000000e+02 1.816463470458984375e-01 2.340302214978248230e+05 1.127662888142202835e+00
2.020000000000000000e+02 1.804904937744140625e-01 1.903792212430464278e+05 -2.708297069931775991e-01
2.030000000000000000e+02 1.834955215454101562e-01 1.657448901352843968e+05 -1.034015851243511142e+00
2.040000000000000000e+02 2.932701110839843750e-01 1.491816987905302958e+05 -1.499776141792005690e+00
2.050000000000000000e+02 1.978249549865722656e-01 1.553540603282210650e+05 -1.201538086240244052e+00
2.060000000000000000e+02 2.344090938568115234e-01 1.912194342358681315e+05 -5.576226518603573379e-02
2.070000000000000000e+02 2.057492733001708984e-01 2.065646464087624045e+05 4.187621315337548000e-01
2.080000000000000000e+02 2.309606075286865234e-01 1.877405297114075802e+05 -1.826851879470083595e-01
2.090000000000000000e+02 2.523770332336425781e-01 2.024838026076768874e+05 2.938474144015090217e-01
2.100000000000000000e+02 3.037011623382568359e-01 1.711274798466937791e+05 -7.368092626977863491e-01
2.110000000000000000e+02 2.377367019653320312e-01 1.785077596078568313e+05 -4.727003331904131578e-01
2.120000000000000000e+02 2.374784946441650391e-01 1.965124144213447871e+05 1.400756026436560664e-01
2.130000000000000000e+02 2.749700546264648438e-01 1.703634555096509575e+05 -7.533456786570316144e-01
2.140000000000000000e+02 2.884643077850341797e-01 1.972179794043998991e+05 1.883037385071957837e-01
2.150000000000000000e+02 2.567543983459472656e-01 2.167674537924146280e+05 8.677021947204579533e-01
2.160000000000000000e+02 3.651785850524902344e-01 1.961088263857414131e+05 1.199237854571432310e-01
2.170000000000000000e+02 2.939362525939941406e-01 2.339826059676670120e+05 1.467042372388545068e+00
2.180000000000000000e+02 3.068308830261230469e-01 1.778944137292287487e+05 -5.645136156526472382e-01
2.190000000000000000e+02 2.751934528350830078e-01 2.284134868614397419e+05 1.234538608982666874e+00
2.200000000000000000e+02 3.010179996490478516e-01 2.754085606641069171e+05 2.844549973197909587e+00
2.210000000000000000e+02 4.409649372100830078e-01 1.905158566838227271e+05 -1.992121882968816704e-01
2.220000000000000000e+02 2.942776679992675781e-01 1.513196763245746552e+05 -1.476229785976863607e+00
2.230000000000000000e+02 2.957606315612792969e-01 1.574937723496896506e+05 -1.218917882771595629e+00
2.240000000000000000e+02 3.347084522247314453e-01 1.751364690644608636e+05 -6.172303072905971355e-01
2.250000000000000000e+02 3.362169265747070312e-01 2.099799993890307669e+05 5.166368124200434453e-01
2.260000000000000000e+02 4.362688064575195312e-01 2.055840004829216632e+05 3.658927216619569101e-01
2.270000000000000000e+02 3.854188919067382812e-01 2.420451211381933535e+05 1.560121390706237454e+00
2.280000000000000000e+02 3.250486850738525391e-01 2.257374819504494371e+05 9.729325349444588600e-01
2.290000000000000000e+02 3.347213268280029297e-01 2.667389964747069753e+05 2.280420223456921747e+00
2.300000000000000000e+02 4.791793823242187500e-01 2.756802952678183792e+05 2.413296090367392566e+00
2.310000000000000000e+02 7.816348075866699219e-01 3.979521480556421448e+05 5.862408002173336463e+00
2.310000000000000000e+02 8.227825164794921875e-04 2.765973905545043090e+04 0.000000000000000000e+00
2.320000000000000000e+02 6.588625907897949219e-01 4.009347297616747674e+05 1.837805354130069801e+01
2.320000000000000000e+02 7.786750793457031250e-04 3.970036322126791492e+04 0.000000000000000000e+00
2.330000000000000000e+02 8.020544052124023438e-02 1.904282555995141738e+05 4.662149626901809896e+00
2.330000000000000000e+02 1.516718864440917969e-01 1.869490264783194580e+05 0.000000000000000000e+00
2.340000000000000000e+02 8.436727523803710938e-02 1.445040968914976111e+05 0.000000000000000000e+00
2.350000000000000000e+02 1.204819679260253906e-01 1.111279943618017278e+05 -1.819158027734160576e+00
2.360000000000000000e+02 1.289639472961425781e-01 1.375506129050878808e+05 -2.625320025590829887e-01
2.370000000000000000e+02 1.730341911315917969e-01 1.422903831762469199e+05 -8.727025348304492947e-02
2.380000000000000000e+02 1.926374435424804688e-01 1.593364039719959837e+05 5.451612199203437203e-01
2.390000000000000000e+02 1.519229412078857422e-01 1.441917449151273177e+05 -1.102345333714988274e-01
2.400000000000000000e+02 2.066292762756347656e-01 1.356315287684826180e+05 -4.764532004977309887e-01
2.410000000000000000e+02 9.339768886566162109e-01 8.510517442856086418e+05 3.268925786965592550e+01
2.410000000000000000e+02 8.535385131835937500e-04 3.353549564785254915e+04 0.000000000000000000e+00
2.420000000000000000e+02 7.111206054687500000e-01 9.140314782908449415e+05 3.642397884057858448e+01
2.420000000000000000e+02 8.211135864257812500e-04 4.728628469735068938e+04 0.000000000000000000e+00
2.430000000000000000e+02 7.382576465606689453e-01 8.421538681350777624e+05 2.306537870764150711e+01
2.430000000000000000e+02 1.632213592529296875e-03 4.574455574498485657e+04 0.000000000000000000e+00
2.440000000000000000e+02 5.741605758666992188e-01 7.961114011812900426e+05 2.249082250873730615e+01
2.440000000000000000e+02 7.688999176025390625e-04 5.846961200677567831e+04 0.000000000000000000e+00
2.450000000000000000e+02 7.072830200195312500e-02 2.053038145778931212e+05 2.844394820572822002e+00
2.460000000000000000e+02 7.459115982055664062e-02 1.715808748836582236e+05 6.043709942407222702e-01
2.470000000000000000e+02 8.131074905395507812e-02 1.556562299274031539e+05 2.732011424021467683e-01
2.480000000000000000e+02 2.569689750671386719e-01 2.288750633254804125e+05 1.550683748920741012e+00
2.490000000000000000e+02 1.085445880889892578e-01 2.191824592461606371e+05 1.022124315836932640e+00
2.500000000000000000e+02 1.039080619812011719e-01 3.155882441715727327e+05 2.460620832920794587e+00
2.510000000000000000e+02 1.581885814666748047e-01 1.621396251309391519e+05 -2.807840557962649197e-01
2.520000000000000000e+02 1.179790496826171875e-01 1.632436989085040113e+05 -2.503728204918060363e-01
2.530000000000000000e+02 1.181750297546386719e-01 1.948227313029503566e+05 2.189245872423860595e-01
2.540000000000000000e+02 1.242816448211669922e-01 1.605502962172920816e+05 -3.123672003369855066e-01
2.550000000000000000e+02 1.263482570648193359e-01 2.162190757923280180e+05 5.857462194351181761e-01
2.560000000000000000e+02 1.349809169769287109e-01 2.046296380738396838e+05 3.671068432969052941e-01
2.570000000000000000e+02 1.862614154815673828e-01 1.984610986701803340e+05 2.484394135612914556e-01
2.580000000000000000e+02 1.454348564147949219e-01 2.171727155041647493e+05 5.684195917597010261e-01
2.590000000000000000e+02 3.218276500701904297e-01 2.080584003392274608e+05 3.819509225683356823e-01
2.600000000000000000e+02 1.553342342376708984e-01 1.860640816838982282e+05 -3.673400297378769108e-02
2.610000000000000000e+02 1.949613094329833984e-01 1.931343516235597490e+05 9.886982899063122276e-02
2.620000000000000000e+02 2.256057262420654297e-01 1.919360395004092716e+05 7.288250707524451810e-02
2.630000000000000000e+02 2.209441661834716797e-01 2.218320914190355688e+05 6.727021831873896129e-01
2.640000000000000000e+02 2.189919948577880859e-01 1.836836709164940985e+05 -1.288097413067226527e-01
2.650000000000000000e+02 1.924221515655517578e-01 1.751803851567659003e+05 -3.037504612907479529e-01
2.660000000000000000e+02 4.210941791534423828e-01 2.465216427786498098e+05 1.226940873091746820e+00
2.670000000000000000e+02 2.873857021331787109e-01 2.333220068249331671e+05 8.854220477052089366e-01
2.680000000000000000e+02 2.072978019714355469e-01 2.667845282638387289e+05 1.566006370708819428e+00
2.690000000000000000e+02 2.173802852630615234e-01 2.101882781726129178e+05 2.943571375669340462e-01
2.700000000000000000e+02 2.201848030090332031e-01 1.903024933071611158e+05 -1.307060950540485655e-01
2.710000000000000000e+02 3.605239391326904297e-01 1.888656558932395710e+05 -1.592614669374418368e-01
2.720000000000000000e+02 3.249647617340087891e-01 2.089822378826139029e+05 2.833122318773559911e-01
2.730000000000000000e+02 2.266354560852050781e-01 2.201423037336556008e+05 5.263121308788748509e-01
2.740000000000000000e+02 2.484271526336669922e-01 2.597850297742419934e+05 1.407488304414346025e+00
2.750000000000000000e+02 3.303933143615722656e-01 2.696339079609432374e+05 1.562082217806110451e+00
2.760000000000000000e+02 2.552704811096191406e-01 2.476011352429776744e+05 1.005043764221537739e+00
2.770000000000000000e+02 4.082827568054199219e-01 1.750288628582524834e+05 -6.003599537782112749e-01
2.780000000000000000e+02 2.703542709350585938e-01 1.725155261669819301e+05 -6.439758367617669510e-01
2.790000000000000000e+02 2.729284763336181641e-01 2.149591962745079363e+05 3.072780320262674669e-01
2.800000000000000000e+02 2.721145153045654297e-01 2.414328842150353012e+05 8.958926303185811291e-01
2.810000000000000000e+02 2.870566844940185547e-01 2.671637779566320824e+05 1.453048429327732594e+00
2.820000000000000000e+02 3.699049949645996094e-01 2.521572707165303291e+05 1.063912885245076101e+00
2.830000000000000000e+02 2.903864383697509766e-01 2.162731258664404158e+05 2.417042058391012938e-01
2.840000000000000000e+02 2.974340915679931641e-01 2.221498904667462630e+05 3.702719891144554687e-01
2.850000000000000000e+02 3.374226093292236328e-01 1.961344294705790817e+05 -2.236374987997016839e-01
2.860000000000000000e+02 3.713617324829101562e-01 2.210301195565506932e+05 3.491618757492812031e-01
2.870000000000000000e+02 4.432384967803955078e-01 1.946638667764676502e+05 -2.652957919277817433e-01
2.880000000000000000e+02 3.725495338439941406e-01 1.949070964756338508e+05 -2.565011042232163141e-01
2.890000000000000000e+02 3.895590305328369141e-01 1.844359065210441768e+05 -5.010526379453195123e-01
2.900000000000000000e+02 3.772594928741455078e-01 1.674840089479138551e+05 -8.984320708961571755e-01
2.910000000000000000e+02 4.703412055969238281e-01 1.782145655342879181e+05 -6.253982933781924158e-01
2.920000000000000000e+02 3.665506839752197266e-01 2.348603513298563194e+05 7.450765735230635567e-01
2.930000000000000000e+02 4.109673500061035156e-01 2.242315518290579494e+05 4.768974067077250689e-01
2.940000000000000000e+02 4.418873786926269531e-01 2.171239357027454244e+05 2.982149409400030038e-01
2.950000000000000000e+02 3.591635227203369141e-01 2.328449626044981123e+05 6.812716821274613643e-01
2.960000000000000000e+02 3.985843658447265625e-01 1.965040414558493067e+05 -2.253686746879637326e-01
2.970000000000000000e+02 3.714210987091064453e-01 2.499724931160085835e+05 1.109010418885558735e+00
2.980000000000000000e+02 4.090809822082519531e-01 2.940625312498940038e+05 2.183198823776661524e+00
2.990000000000000000e+02 3.837883472442626953e-01 2.632433586150521878e+05 1.333880167527555560e+00
