2.706676627760444582e+07
1.000000000000000000e+00 1.333475112915039062e-03 1.403080828281152353e+05 0.000000000000000000e+00
2.000000000000000000e+00 1.316547393798828125e-03 1.523862854716764123e+05 9.056365702835884601e-01
3.000000000000000000e+00 1.289129257202148438e-03 9.042158652932653786e+04 -4.716227376101275182e-01
4.000000000000000000e+00 1.298427581787109375e-03 1.394501902965329064e+05 6.620534259105038677e-01
5.000000000000000000e+00 1.288652420043945312e-03 1.153752696852198278e+05 1.940705212369811658e-04
6.000000000000000000e+00 1.302480697631835938e-03 1.081625628166602110e+05 -1.935912317087252199e-01
7.000000000000000000e+00 1.294136047363281250e-03 1.417587158618578105e+05 8.043664729904203003e-01
8.000000000000000000e+00 1.298666000366210938e-03 1.331753684725778585e+05 4.667196036039851226e-01
9.000000000000000000e+00 1.292705535888671875e-03 1.239424026421061717e+05 1.425797973649938766e-01
1.000000000000000000e+01 1.294374465942382812e-03 1.277806695097539487e+05 2.658398382629506562e-01
1.100000000000000000e+01 1.286983489990234375e-03 1.046064764507584041e+05 -5.698745899564157114e-01
1.200000000000000000e+01 1.286506652832031250e-03 1.254099727662745572e+05 2.243450253012655715e-01
1.300000000000000000e+01 1.288652420043945312e-03 1.139438361077826848e+05 -2.231902112761514623e-01
1.400000000000000000e+01 1.275777816772460938e-03 1.295064972947540518e+05 4.037279821535322832e-01
1.500000000000000000e+01 1.281261444091796875e-03 1.164873987777748407e+05 -1.455130273810670560e-01
1.600000000000000000e+01 1.269102096557617188e-03 1.254265660228150809e+05 2.383487848188801383e-01
1.700000000000000000e+01 1.290321350097656250e-03 1.671186383812820422e+05 2.055835958029906596e+00
1.800000000000000000e+01 1.282691955566406250e-03 1.727839350367314473e+05 2.019088498669761034e+00
1.900000000000000000e+01 1.504182815551757812e-03 2.235627779126189125e+05 3.680233458613211717e+00
1.900000000000000000e+01 2.742290496826171875e-03 2.080076673344486917e+05 0.000000000000000000e+00
2.000000000000000000e+01 1.275777816772460938e-03 3.108742385463016108e+05 0.000000000000000000e+00
2.100000000000000000e+01 1.486063003540039062e-03 1.917277236543010804e+05 -9.309240706704025037e-01
2.200000000000000000e+01 1.286506652832031250e-03 2.435406955254143104e+05 1.032562356839631518e-01
2.300000000000000000e+01 1.283168792724609375e-03 1.902280552232683112e+05 -9.140060508853261600e-01
2.400000000000000000e+01 1.289367675781250000e-03 1.400987650794091460e+05 -1.753930491165952343e+00
2.500000000000000000e+01 1.280307769775390625e-03 1.362733487528616679e+05 -1.341657567604141121e+00
2.600000000000000000e+01 1.295089721679687500e-03 1.457004280372306239e+05 -9.455823966070814324e-01
2.700000000000000000e+01 1.282215118408203125e-03 1.446563302151678945e+05 -8.580700988461138490e-01
2.800000000000000000e+01 1.278877258300781250e-03 1.659108192984272901e+05 -4.152393793347076145e-01
2.900000000000000000e+01 1.283884048461914062e-03 1.083855499027046171e+05 -1.428995230309328734e+00
3.000000000000000000e+01 1.315355300903320312e-03 1.567939179210101720e+05 -4.097558083770048154e-01
3.100000000000000000e+01 1.296520233154296875e-03 2.490202861000570410e+05 1.268873363724813741e+00
3.200000000000000000e+01 1.298904418945312500e-03 2.780472846553020063e+05 1.660371482343794058e+00
3.300000000000000000e+01 1.293659210205078125e-03 2.076277769253537699e+05 2.828476123049384339e-01
3.400000000000000000e+01 1.291751861572265625e-03 1.623278316254031379e+05 -5.083103983114707347e-01
3.500000000000000000e+01 1.298427581787109375e-03 1.408888542864712654e+05 -8.686161748094884949e-01
3.600000000000000000e+01 1.301765441894531250e-03 1.116244506692343421e+05 -1.347893268132910993e+00
3.700000000000000000e+01 1.293420791625976562e-03 1.168268882108407124e+05 -1.155970509258415380e+00
3.800000000000000000e+01 1.307725906372070312e-03 1.465123786189417297e+05 -5.713638304044424965e-01
3.900000000000000000e+01 1.300334930419921875e-03 1.720518581102222379e+05 -1.009138925185391333e-01
4.000000000000000000e+01 1.265287399291992188e-03 1.433593676571178366e+05 -6.194557753345589779e-01
4.100000000000000000e+01 1.267910003662109375e-03 1.608491848103895318e+05 -2.780203179151425341e-01
4.200000000000000000e+01 1.254320144653320312e-03 1.846059660608972772e+05 1.757385970068620074e-01
4.300000000000000000e+01 1.267433166503906250e-03 2.021591991774346970e+05 5.098981978680529048e-01
4.400000000000000000e+01 1.255512237548828125e-03 1.855844254231321684e+05 1.732501034263717599e-01
4.500000000000000000e+01 1.318216323852539062e-03 1.796022677046539320e+05 5.060932760270691472e-02
4.600000000000000000e+01 1.251220703125000000e-03 1.593063855909389968e+05 -3.630868200648008082e-01
4.700000000000000000e+01 1.258850097656250000e-03 1.617376961846504419e+05 -3.056518900713435238e-01
4.800000000000000000e+01 1.265287399291992188e-03 1.523633692132219439e+05 -4.970713320444781202e-01
4.900000000000000000e+01 1.255273818969726562e-03 1.791773244018232217e+05 8.422890549771090696e-02
5.000000000000000000e+01 1.269817352294921875e-03 1.907209611517704325e+05 3.329604120839838588e-01
5.100000000000000000e+01 1.258134841918945312e-03 2.113442077538007579e+05 7.806287004059244694e-01
5.200000000000000000e+01 1.252412796020507812e-03 1.913474101273524866e+05 3.194652709110737954e-01
5.300000000000000000e+01 4.922628402709960938e-03 1.747373315066541545e+05 -5.819905142040915358e-02
5.400000000000000000e+01 1.251935958862304688e-03 1.846042794293192273e+05 1.672645184881582370e-01
5.500000000000000000e+01 1.253843307495117188e-03 1.501942478472699586e+05 -6.296320832465651662e-01
5.600000000000000000e+01 1.256942749023437500e-03 1.390178765582579072e+05 -8.782122739352118401e-01
5.700000000000000000e+01 1.268148422241210938e-03 1.213279015923596598e+05 -1.271395026642428538e+00
5.800000000000000000e+01 1.505136489868164062e-03 2.102345120016491855e+05 8.326089197209068926e-01
5.900000000000000000e+01 1.252412796020507812e-03 2.991665047872979194e+05 2.886537818911882436e+00
6.000000000000000000e+01 1.259565353393554688e-03 2.408302659420495038e+05 1.342659461012314148e+00
6.100000000000000000e+01 1.265287399291992188e-03 1.899434049156276742e+05 2.167801341281788696e-01
6.200000000000000000e+01 1.272439956665039062e-03 1.995208875168947852e+05 4.201705350604073019e-01
6.300000000000000000e+01 3.113985061645507812e-03 1.907914539508933958e+05 2.250512491092998557e-01
6.400000000000000000e+01 1.520299911499023438e-02 2.093616446853653470e+05 6.301862567264291393e-01
6.500000000000000000e+01 1.256465911865234375e-03 2.466303659987362043e+05 1.444593496399761312e+00
6.600000000000000000e+01 1.261949539184570312e-03 2.287929972992347903e+05 1.008178849618924788e+00
6.700000000000000000e+01 9.911060333251953125e-03 2.455455875480809191e+05 1.353455722453603016e+00
6.800000000000000000e+01 1.258134841918945312e-03 2.669090951523843687e+05 1.778209420750393788e+00
6.900000000000000000e+01 1.248598098754882812e-03 2.200546401186545554e+05 7.116453745901281103e-01
7.000000000000000000e+01 1.270771026611328125e-03 2.336165227826768532e+05 9.906444845224745555e-01
7.100000000000000000e+01 8.468151092529296875e-03 2.297547850972220185e+05 8.895104030355636127e-01
7.200000000000000000e+01 1.290082931518554688e-03 2.457065661132486421e+05 1.215884832880734345e+00
7.300000000000000000e+01 1.408815383911132812e-03 2.074862635177261836e+05 3.740903251189038325e-01
7.400000000000000000e+01 2.687931060791015625e-03 2.322378018745016889e+05 9.018192564423246349e-01
7.500000000000000000e+01 2.696514129638671875e-03 2.207289409477105073e+05 6.397237155400420372e-01
7.600000000000000000e+01 2.706289291381835938e-03 2.217326316712200933e+05 6.535938910073951780e-01
7.700000000000000000e+01 1.374721527099609375e-02 2.529754645391912491e+05 1.324901421007729896e+00
7.800000000000000000e+01 5.520820617675781250e-03 2.846826751803104416e+05 1.979480503371749744e+00
7.900000000000000000e+01 2.732753753662109375e-03 3.097097460461580777e+05 2.429215186349055866e+00
8.000000000000000000e+01 3.678560256958007812e-03 3.783744399230855634e+05 3.693404767504418373e+00
8.000000000000000000e+01 5.492687225341796875e-03 1.742781480082153575e+05 0.000000000000000000e+00
8.100000000000000000e+01 3.056526184082031250e-03 2.709691268642760115e+05 0.000000000000000000e+00
8.200000000000000000e+01 2.768278121948242188e-03 3.477735724382515182e+05 1.830457582536452188e+00
8.300000000000000000e+01 3.695249557495117188e-03 5.823174672433183296e+05 3.657539441153815130e+00
8.300000000000000000e+01 5.490064620971679688e-03 3.750602516956607578e+05 0.000000000000000000e+00
8.400000000000000000e+01 2.794504165649414062e-03 4.742029205751206609e+05 0.000000000000000000e+00
8.500000000000000000e+01 2.809286117553710938e-03 4.423599825171742123e+05 2.528854516991791423e-01
8.600000000000000000e+01 1.309156417846679688e-03 4.731829475740789785e+05 8.424418780135906060e-01
8.700000000000000000e+01 1.302957534790039062e-03 3.830205575279408367e+05 -1.251091412296340355e+00
8.800000000000000000e+01 1.297712326049804688e-03 3.383277388621268328e+05 -1.902855905142715187e+00
8.900000000000000000e+01 1.293659210205078125e-03 3.106105472791763023e+05 -1.826465088369583212e+00
9.000000000000000000e+01 1.299142837524414062e-03 3.607409763198637520e+05 -5.967699294278194788e-01
9.100000000000000000e+01 1.299858093261718750e-03 3.220516872971319244e+05 -1.176641374684721075e+00
9.200000000000000000e+01 1.311540603637695312e-03 3.082023113996490720e+05 -1.252324820822778628e+00
9.300000000000000000e+01 1.318693161010742188e-03 4.203745231363807106e+05 6.496611330975725629e-01
9.400000000000000000e+01 1.311063766479492188e-03 3.146442490280921338e+05 -1.094908186387785642e+00
9.500000000000000000e+01 1.338481903076171875e-03 3.163699320959399338e+05 -9.714857123364578628e-01
9.600000000000000000e+01 1.317262649536132812e-03 2.771033017635762226e+05 -1.535252088772396384e+00
9.700000000000000000e+01 1.298666000366210938e-03 2.514620766045966011e+05 -1.760632001362818944e+00
9.800000000000000000e+01 1.303195953369140625e-03 2.536729157645304804e+05 -1.510232385429618462e+00
9.900000000000000000e+01 1.308202743530273438e-03 2.551662031344972493e+05 -1.344128385160013650e+00
1.000000000000000000e+02 1.306772232055664062e-03 2.382628829766472336e+05 -1.469492278008380337e+00
1.010000000000000000e+02 1.302480697631835938e-03 2.406140565826689126e+05 -1.316051922784135852e+00
1.020000000000000000e+02 1.299619674682617188e-03 2.642222226692670956e+05 -9.170799964578733032e-01
1.030000000000000000e+02 1.297712326049804688e-03 2.606659658296291309e+05 -9.225283579623654306e-01
1.040000000000000000e+02 1.301050186157226562e-03 2.752610508679019404e+05 -6.903943044695391995e-01
1.050000000000000000e+02 1.308202743530273438e-03 2.668249232895396999e+05 -7.804133835670822306e-01
1.060000000000000000e+02 1.305818557739257812e-03 2.629158008655417943e+05 -8.063821939490721791e-01
1.070000000000000000e+02 1.300334930419921875e-03 2.710394930714259390e+05 -6.687340932048099207e-01
1.080000000000000000e+02 1.307249069213867188e-03 2.985513277324776282e+05 -2.711471655584914431e-01
1.090000000000000000e+02 1.308202743530273438e-03 3.018517430459512980e+05 -2.194158728554887750e-01
1.100000000000000000e+02 1.299619674682617188e-03 2.704232266820030054e+05 -6.643663816405201983e-01
1.110000000000000000e+02 1.315593719482421875e-03 2.762815680016936967e+05 -5.629473700783838019e-01
1.120000000000000000e+02 1.316070556640625000e-03 2.185099610946229077e+05 -1.395377533590289598e+00
1.130000000000000000e+02 1.311302185058593750e-03 2.440389709347277239e+05 -9.609662278454946804e-01
1.140000000000000000e+02 1.308679580688476562e-03 2.207278738918384770e+05 -1.268098575817821150e+00
1.150000000000000000e+02 1.302003860473632812e-03 1.897350342384470277e+05 -1.660952469410698962e+00
1.160000000000000000e+02 2.169370651245117188e-03 2.220935046600614151e+05 -1.118785897002531060e+00
1.170000000000000000e+02 1.318931579589843750e-03 2.681162364845147240e+05 -4.426194810876691865e-01
1.180000000000000000e+02 1.308679580688476562e-03 3.239173855811946560e+05 3.498867342203326181e-01
1.190000000000000000e+02 1.311063766479492188e-03 3.997942297720010974e+05 1.425745965774164459e+00
1.200000000000000000e+02 1.324892044067382812e-03 4.737307213825096842e+05 2.408290431402344112e+00
1.210000000000000000e+02 1.320362091064453125e-03 4.169603758079340332e+05 1.457878922515702058e+00
1.220000000000000000e+02 1.313447952270507812e-03 3.432983230563828838e+05 4.381748278383653661e-01
1.230000000000000000e+02 1.309871673583984375e-03 2.964681228184882202e+05 -1.867793559990739982e-01
1.240000000000000000e+02 1.306533813476562500e-03 2.954956539579363307e+05 -1.974668017145514709e-01
1.250000000000000000e+02 1.314401626586914062e-03 3.159026946652914048e+05 8.103719570403933314e-02
1.260000000000000000e+02 1.312971115112304688e-03 3.018145658848245512e+05 -1.127999609996487157e-01
1.270000000000000000e+02 1.310348510742187500e-03 2.937062881482619559e+05 -2.238466899808887189e-01
1.280000000000000000e+02 1.324653625488281250e-03 2.907140030428005848e+05 -2.631835431516080237e-01
1.290000000000000000e+02 1.320362091064453125e-03 4.099287560634888941e+05 1.426994791480817648e+00
1.300000000000000000e+02 1.323461532592773438e-03 4.665685074624237604e+05 2.174868600984704248e+00
1.310000000000000000e+02 1.541614532470703125e-03 5.504876069152130513e+05 3.183879671662535493e+00
1.310000000000000000e+02 2.804756164550781250e-03 3.240407654119085637e+05 0.000000000000000000e+00
1.320000000000000000e+02 1.317024230957031250e-03 5.353694798012034735e+05 0.000000000000000000e+00
1.330000000000000000e+02 1.313924789428710938e-03 3.778056214087989647e+05 -3.473119054661923943e-01
1.340000000000000000e+02 1.326322555541992188e-03 3.116766400995475124e+05 -9.171255240804399023e-01
1.350000000000000000e+02 1.318454742431640625e-03 2.742823777952236705e+05 -1.098094944902603398e+00
1.360000000000000000e+02 1.465797424316406250e-03 2.625345425471386989e+05 -9.971130201670457271e-01
1.370000000000000000e+02 2.858400344848632812e-03 2.857697597097385442e+05 -6.146436671439896582e-01
1.380000000000000000e+02 3.338098526000976562e-03 2.702737007111391285e+05 -7.227803403033968843e-01
1.390000000000000000e+02 2.799510955810546875e-03 6.463814695638001431e+05 3.472950059848111781e+00
1.390000000000000000e+02 4.086732864379882812e-03 4.842998960338006145e+05 0.000000000000000000e+00
1.400000000000000000e+02 1.320123672485351562e-03 6.402362280621608952e+05 0.000000000000000000e+00
1.410000000000000000e+02 1.307725906372070312e-03 4.913828686243116390e+05 -6.428700778530621607e-01
1.420000000000000000e+02 1.311063766479492188e-03 3.861165627648957307e+05 -1.732105947357829079e+00
1.430000000000000000e+02 1.525878906250000000e-03 4.230741472095770878e+05 -7.388112870578511515e-01
1.440000000000000000e+02 1.285314559936523438e-03 4.545024851842748467e+05 -3.141487190601210400e-01
1.450000000000000000e+02 1.309633255004882812e-03 3.847620220707494300e+05 -1.084200264824982662e+00
1.460000000000000000e+02 1.286983489990234375e-03 4.299389076922311215e+05 -4.144051946073227799e-01
1.470000000000000000e+02 1.284122467041015625e-03 4.319203171880971640e+05 -3.627779179189590808e-01
1.480000000000000000e+02 1.305818557739257812e-03 4.091849345018315944e+05 -6.346560425688037022e-01
1.490000000000000000e+02 1.292228698730468750e-03 3.740836395882333745e+05 -1.061478910282374954e+00
1.500000000000000000e+02 1.277208328247070312e-03 3.390677477466627606e+05 -1.431018620936023389e+00
1.510000000000000000e+02 1.316070556640625000e-03 3.759134336922906805e+05 -7.892783074542637500e-01
1.520000000000000000e+02 1.281738281250000000e-03 3.876003116392653901e+05 -5.890216268679435707e-01
1.530000000000000000e+02 1.271963119506835938e-03 3.462566420862649102e+05 -1.116994231355786349e+00
1.540000000000000000e+02 1.286268234252929688e-03 3.311533212774846470e+05 -1.238097654374917367e+00
1.550000000000000000e+02 1.276016235351562500e-03 2.998886105714317528e+05 -1.555622961682755045e+00
1.560000000000000000e+02 1.280546188354492188e-03 3.037449609998661908e+05 -1.360104670696436813e+00
1.570000000000000000e+02 1.291513442993164062e-03 2.769714706093254499e+05 -1.589073104151416116e+00
1.580000000000000000e+02 1.277446746826171875e-03 3.258727340686655371e+05 -8.664205613087831992e-01
1.590000000000000000e+02 1.276016235351562500e-03 3.745044893436857383e+05 -2.441984611794946747e-01
1.600000000000000000e+02 1.289367675781250000e-03 4.136109154907322372e+05 2.438160948732021049e-01
1.610000000000000000e+02 1.290798187255859375e-03 3.723769704757868894e+05 -2.819701597572173979e-01
1.620000000000000000e+02 1.290798187255859375e-03 4.218678208576806355e+05 3.622414440716724693e-01
1.630000000000000000e+02 1.292467117309570312e-03 4.073016299969786778e+05 1.625492800829834161e-01
1.640000000000000000e+02 1.296281814575195312e-03 5.022994160132533289e+05 1.433671514484531340e+00
1.650000000000000000e+02 1.294851303100585938e-03 4.556393418842822430e+05 7.383254719153397039e-01
1.660000000000000000e+02 1.309871673583984375e-03 3.948644176153026056e+05 -8.964469949389393399e-02
1.670000000000000000e+02 1.300573348999023438e-03 3.639265644323110464e+05 -5.067575143123717041e-01
1.680000000000000000e+02 1.300811767578125000e-03 5.308070537315042457e+05 1.793352285141358804e+00
1.690000000000000000e+02 1.313209533691406250e-03 5.801286728859068826e+05 2.327061696546576908e+00
1.700000000000000000e+02 1.523017883300781250e-03 6.742819676659998950e+05 3.275251629338852499e+00
1.700000000000000000e+02 2.746582031250000000e-03 4.439483622361883172e+05 0.000000000000000000e+00
1.710000000000000000e+02 1.291990280151367188e-03 8.582437596942249220e+05 0.000000000000000000e+00
1.720000000000000000e+02 1.293420791625976562e-03 7.390024611887107603e+05 3.000719394380162997e-01
1.730000000000000000e+02 1.292943954467773438e-03 7.088230540946873371e+05 1.332782829526695800e-01
1.740000000000000000e+02 1.305818557739257812e-03 7.086308314447063021e+05 1.209180082859682287e-01
1.750000000000000000e+02 1.287698745727539062e-03 6.361545142412120476e+05 -3.665812670554857711e-01
1.760000000000000000e+02 1.298189163208007812e-03 5.901863088077799184e+05 -6.712128352606074877e-01
1.770000000000000000e+02 1.300811767578125000e-03 5.685033086863395292e+05 -7.736820852357471079e-01
1.780000000000000000e+02 1.300096511840820312e-03 5.738473279075324535e+05 -6.587498898808833436e-01
1.790000000000000000e+02 1.297950744628906250e-03 5.282262815744542750e+05 -9.869895409928503005e-01
1.800000000000000000e+02 1.312255859375000000e-03 4.826792793442422990e+05 -1.274002684024227117e+00
1.810000000000000000e+02 1.299858093261718750e-03 7.288458859663136536e+05 8.727345480199633077e-01
1.820000000000000000e+02 1.300334930419921875e-03 7.026271646439217729e+05 5.947455979097372447e-01
1.830000000000000000e+02 1.304388046264648438e-03 6.328596136547490023e+05 -2.781079160580286411e-02
1.840000000000000000e+02 1.300096511840820312e-03 5.498341514127663104e+05 -7.612264835309530131e-01
1.850000000000000000e+02 1.297473907470703125e-03 5.888323134827682516e+05 -3.716908951204889178e-01
1.860000000000000000e+02 1.289844512939453125e-03 5.831890646465311293e+05 -4.113266059268841923e-01
1.870000000000000000e+02 1.302003860473632812e-03 5.926498051023244625e+05 -3.076556616817567313e-01
1.880000000000000000e+02 1.301765441894531250e-03 5.925445878921042895e+05 -2.997026107319219479e-01
1.890000000000000000e+02 1.291513442993164062e-03 7.629386887082107132e+05 1.420049624508884056e+00
1.900000000000000000e+02 1.300096511840820312e-03 7.083936886517924722e+05 7.825476343371590149e-01
1.910000000000000000e+02 1.299858093261718750e-03 6.257450328970645787e+05 -6.624506413542127770e-02
1.920000000000000000e+02 1.245260238647460938e-03 5.666213159592046868e+05 -6.653818320369337957e-01
1.930000000000000000e+02 1.015186309814453125e-03 4.861238012261984404e+05 -1.473601815571540685e+00
1.940000000000000000e+02 1.303434371948242188e-03 5.294761970917587169e+05 -9.440016099635766267e-01
1.950000000000000000e+02 1.291990280151367188e-03 8.107241537203630432e+05 1.929016316488012528e+00
1.960000000000000000e+02 1.296758651733398438e-03 7.691766026965669589e+05 1.366833315264196491e+00
1.970000000000000000e+02 1.296997070312500000e-03 6.463767857295359718e+05 1.343585711720626796e-01
1.980000000000000000e+02 1.300573348999023438e-03 6.600271656986232847e+05 2.635770340921634869e-01
1.990000000000000000e+02 1.291275024414062500e-03 7.027823545104179066e+05 6.780506036886997379e-01
2.000000000000000000e+02 1.293182373046875000e-03 7.333490689985626377e+05 9.644378678508381819e-01
2.010000000000000000e+02 1.294136047363281250e-03 6.447220843077806057e+05 5.598883161561029470e-02
2.020000000000000000e+02 1.291275024414062500e-03 5.516419543689915445e+05 -8.831340872803083997e-01
2.030000000000000000e+02 1.295566558837890625e-03 4.993412062355228118e+05 -1.388873717540302088e+00
2.040000000000000000e+02 1.290798187255859375e-03 5.664422268975207116e+05 -6.603714408792350499e-01
2.050000000000000000e+02 1.305341720581054688e-03 6.010293957809908316e+05 -2.985998646948286872e-01
2.060000000000000000e+02 1.306056976318359375e-03 5.497395680144614307e+05 -8.177092559151507567e-01
2.070000000000000000e+02 1.297235488891601562e-03 5.238450355395250954e+05 -1.065108835341080251e+00
2.080000000000000000e+02 1.299142837524414062e-03 5.022150299188289209e+05 -1.257171242176997383e+00
2.090000000000000000e+02 1.307725906372070312e-03 5.727437999731514137e+05 -4.989828263871500802e-01
2.100000000000000000e+02 1.301050186157226562e-03 5.830208789174701087e+05 -3.857441987836904840e-01
2.110000000000000000e+02 1.305103302001953125e-03 6.114896962557284860e+05 -8.484065916390877427e-02
2.120000000000000000e+02 1.305103302001953125e-03 6.056161679409648059e+05 -1.455771543493153131e-01
2.130000000000000000e+02 1.298904418945312500e-03 5.406110171488423366e+05 -8.352374413103017536e-01
2.140000000000000000e+02 1.301050186157226562e-03 5.992173504179122392e+05 -1.936684852741004381e-01
2.150000000000000000e+02 1.292705535888671875e-03 6.060252482961296337e+05 -1.179890751762147499e-01
2.160000000000000000e+02 1.296997070312500000e-03 5.223568300869602244e+05 -1.029876546612560118e+00
2.170000000000000000e+02 1.301288604736328125e-03 5.159078419223978999e+05 -1.077903188484712116e+00
2.180000000000000000e+02 1.945495605468750000e-03 4.688465728639729787e+05 -1.566573557705916775e+00
2.190000000000000000e+02 1.311779022216796875e-03 5.070062514119131956e+05 -1.102890138742357085e+00
2.200000000000000000e+02 1.327276229858398438e-03 6.057713632243571337e+05 -2.027887457934280172e-02
2.210000000000000000e+02 1.316070556640625000e-03 6.524103334837995935e+05 4.848078420703488822e-01
2.220000000000000000e+02 1.324415206909179688e-03 5.961635169657686492e+05 -1.344341369495312966e-01
2.230000000000000000e+02 1.330137252807617188e-03 5.861757948546343250e+05 -2.431523864429683546e-01
2.240000000000000000e+02 1.328706741333007812e-03 5.825177665048468625e+05 -2.814463574336343865e-01
2.250000000000000000e+02 1.317739486694335938e-03 6.401832528389032232e+05 3.675914755610566464e-01
2.260000000000000000e+02 1.322269439697265625e-03 6.132706972982229199e+05 5.986711967011355828e-02
2.270000000000000000e+02 1.309633255004882812e-03 5.870702701397325145e+05 -2.393176451610743161e-01
2.280000000000000000e+02 1.314878463745117188e-03 6.035106587705904385e+05 -4.818415037557547548e-02
2.290000000000000000e+02 1.316547393798828125e-03 5.775739862882442540e+05 -3.485146395658325069e-01
2.300000000000000000e+02 1.312494277954101562e-03 5.970948283749104012e+05 -1.172410555461017301e-01
2.310000000000000000e+02 1.318454742431640625e-03 6.872318735088778194e+05 9.455080096474267615e-01
2.320000000000000000e+02 1.567840576171875000e-03 9.135538445978176314e+05 3.599817110706775569e+00
2.320000000000000000e+02 2.804517745971679688e-03 4.989131900873712148e+05 0.000000000000000000e+00
2.330000000000000000e+02 1.321315765380859375e-03 8.180964158141463995e+05 0.000000000000000000e+00
2.340000000000000000e+02 1.323223114013671875e-03 7.755460025935620070e+05 5.185775396384945113e-01
2.350000000000000000e+02 1.335144042968750000e-03 6.937917380649226252e+05 -2.150388891567018429e-02
2.360000000000000000e+02 1.319408416748046875e-03 6.518964148040433647e+05 -3.157937820696544162e-01
2.370000000000000000e+02 1.324892044067382812e-03 6.072632989694477292e+05 -6.473463356287073589e-01
2.380000000000000000e+02 1.310110092163085938e-03 6.036704101389711723e+05 -6.094319144049890058e-01
2.390000000000000000e+02 1.039981842041015625e-03 5.956965223574558040e+05 -6.279673448939028235e-01
2.400000000000000000e+02 3.973722457885742188e-03 5.574718280432943720e+05 -9.453489814926965273e-01
2.410000000000000000e+02 1.386404037475585938e-03 1.109902517011324177e+06 4.539926796295161715e+00
2.410000000000000000e+02 2.557277679443359375e-03 9.840900061014896492e+05 0.000000000000000000e+00
2.420000000000000000e+02 1.036167144775390625e-03 1.464191887924256502e+06 0.000000000000000000e+00
2.430000000000000000e+02 1.327037811279296875e-03 1.188687628281007055e+06 -1.044331757071723654e-01
2.440000000000000000e+02 1.339673995971679688e-03 5.516353982631065883e+05 -2.742330059350908122e+00
2.450000000000000000e+02 1.342058181762695312e-03 5.503526761280500796e+05 -1.292140527431292485e+00
2.460000000000000000e+02 1.348495483398437500e-03 6.390549195461971685e+05 -7.712902465610287361e-01
2.470000000000000000e+02 1.340150833129882812e-03 6.555493147876658477e+05 -6.343742208857160447e-01
2.480000000000000000e+02 2.433776855468750000e-03 8.490114723316401942e+05 -3.608113253698440326e-02
2.490000000000000000e+02 1.337766647338867188e-03 8.234959629932009848e+05 -1.110200640140056316e-01
2.500000000000000000e+02 1.351594924926757812e-03 7.766323916710667545e+05 -2.563341161062068219e-01
2.510000000000000000e+02 1.344442367553710938e-03 7.341826993891358143e+05 -3.882592158023003837e-01
2.520000000000000000e+02 1.328945159912109375e-03 6.510446045805830508e+05 -6.652477054827543590e-01
2.530000000000000000e+02 3.901958465576171875e-03 6.514998536760434508e+05 -6.253169482722702455e-01
2.540000000000000000e+02 1.348018646240234375e-03 7.181756107235158561e+05 -3.423896612817603491e-01
2.550000000000000000e+02 1.346588134765625000e-03 6.771324189106865088e+05 -4.894124464149012810e-01
2.560000000000000000e+02 1.356840133666992188e-03 6.539596220334941754e+05 -5.629465814980516569e-01
2.570000000000000000e+02 1.338720321655273438e-03 6.360485386808998883e+05 -6.141634195160695642e-01
2.580000000000000000e+02 1.348972320556640625e-03 7.099343235714477487e+05 -2.802003826945180798e-01
2.590000000000000000e+02 1.360416412353515625e-03 7.863728978102661204e+05 5.751099115025835873e-02
2.600000000000000000e+02 1.342296600341796875e-03 7.228535303248920245e+05 -2.257996746853787873e-01
2.610000000000000000e+02 1.344680786132812500e-03 6.139390723875899566e+05 -7.159609109381402936e-01
2.620000000000000000e+02 1.361370086669921875e-03 5.666921690584528260e+05 -9.086767674524502958e-01
2.630000000000000000e+02 1.360893249511718750e-03 5.615997976993198972e+05 -8.953880259347165582e-01
2.640000000000000000e+02 1.365423202514648438e-03 5.639568200349586550e+05 -8.500477836458598668e-01
2.650000000000000000e+02 1.353263854980468750e-03 5.579815510532602202e+05 -8.481658050191038800e-01
2.660000000000000000e+02 1.344203948974609375e-03 5.030987125967274187e+05 -1.078719547514262134e+00
2.670000000000000000e+02 1.355886459350585938e-03 4.862665968395748059e+05 -1.114073262518549212e+00
2.680000000000000000e+02 1.360177993774414062e-03 5.151570820550846402e+05 -9.332046168307922551e-01
2.690000000000000000e+02 1.367807388305664062e-03 5.870031112462447491e+05 -5.643317528833986518e-01
2.700000000000000000e+02 1.358270645141601562e-03 5.513301935274424031e+05 -7.217895138939500743e-01
2.710000000000000000e+02 1.365184783935546875e-03 5.156507602181903203e+05 -8.753365378041975120e-01
2.720000000000000000e+02 1.349687576293945312e-03 5.229001576761532342e+05 -8.157648122361604859e-01
2.730000000000000000e+02 1.357793807983398438e-03 4.979638906223991071e+05 -9.159577005486381207e-01
2.740000000000000000e+02 1.366853713989257812e-03 4.791534942255282076e+05 -9.824309929871325453e-01
2.750000000000000000e+02 1.361131668090820312e-03 4.702408252094375785e+05 -9.979083559261787695e-01
2.760000000000000000e+02 1.363277435302734375e-03 5.299939708648286760e+05 -6.783687758453826877e-01
2.770000000000000000e+02 1.361131668090820312e-03 6.850125824471414089e+05 9.747375412137977702e-02
2.780000000000000000e+02 1.321077346801757812e-03 6.708907967653996311e+05 2.575562099884079470e-02
2.790000000000000000e+02 1.338958740234375000e-03 6.654072379347545793e+05 -2.296383752710804207e-03
2.800000000000000000e+02 1.333475112915039062e-03 6.474368123505900148e+05 -9.432916523297089906e-02
2.810000000000000000e+02 1.331567764282226562e-03 6.716823540268465877e+05 3.265551071020732221e-02
2.820000000000000000e+02 1.040220260620117188e-03 6.745545735448487103e+05 4.735903871473617910e-02
2.830000000000000000e+02 1.347780227661132812e-03 6.472539482508612564e+05 -9.844873184473612593e-02
2.840000000000000000e+02 1.337289810180664062e-03 6.085448100529998774e+05 -3.057383365417927767e-01
2.850000000000000000e+02 1.324892044067382812e-03 6.309076871306610992e+05 -1.802946014588710510e-01
2.860000000000000000e+02 1.338005065917968750e-03 6.506067633524219273e+05 -6.985482653541043307e-02
2.870000000000000000e+02 1.328945159912109375e-03 6.593109837869039038e+05 -2.066609454501148330e-02
2.880000000000000000e+02 1.339435577392578125e-03 6.125565141000840813e+05 -2.835101222843778856e-01
2.890000000000000000e+02 1.346349716186523438e-03 5.937748413875175174e+05 -3.870899119140990829e-01
2.900000000000000000e+02 1.329898834228515625e-03 5.798481378335730406e+05 -4.624556725120625988e-01
2.910000000000000000e+02 1.350879669189453125e-03 5.587638271928812610e+05 -5.787821736211220536e-01
2.920000000000000000e+02 1.353263854980468750e-03 5.642042456616933923e+05 -5.396220199560669561e-01
2.930000000000000000e+02 1.337289810180664062e-03 5.271646199962437386e+05 -7.500726185641392041e-01
2.940000000000000000e+02 1.331329345703125000e-03 5.154272118947008858e+05 -8.081999233822768636e-01
2.950000000000000000e+02 1.347541809082031250e-03 5.396077446626598248e+05 -6.531167848416187249e-01
2.960000000000000000e+02 1.363277435302734375e-03 5.451365694193500094e+05 -6.118891137315910500e-01
2.970000000000000000e+02 1.346349716186523438e-03 6.543780909036811208e+05 4.802134497350142583e-02
2.980000000000000000e+02 1.348495483398437500e-03 6.716340244885175489e+05 1.516001804474447490e-01
2.990000000000000000e+02 1.347780227661132812e-03 6.521718627248173580e+05 3.197020003879465222e-02
