4.446210716715315729e+07
1.000000000000000000e+00 1.079797744750976562e-03 1.453714274035969574e+05 0.000000000000000000e+00
2.000000000000000000e+00 8.745193481445312500e-04 1.725203664516655263e+05 1.376736595462288770e+00
3.000000000000000000e+00 8.401870727539062500e-04 1.302476922607898596e+05 -1.173395553056105767e-01
4.000000000000000000e+00 8.254051208496093750e-04 1.467846334099733504e+05 3.608534434127565471e-01
5.000000000000000000e+00 1.309394836425781250e-03 1.501884257770483091e+05 4.371331270195653596e-01
6.000000000000000000e+00 8.263587951660156250e-04 1.227457232088032033e+05 -5.679535480193204089e-01
7.000000000000000000e+00 8.366107940673828125e-04 1.517092294061744178e+05 5.695919042838936130e-01
8.000000000000000000e+00 8.358955383300781250e-04 1.727014626023445162e+05 1.358855301648187242e+00
9.000000000000000000e+00 8.218288421630859375e-04 1.788115934221850475e+05 1.395425786389840717e+00
1.000000000000000000e+01 8.449554443359375000e-04 1.836000670148101053e+05 1.382054736666283645e+00
1.100000000000000000e+01 8.699893951416015625e-04 2.482619097886511881e+05 3.500968835987247285e+00
1.100000000000000000e+01 1.828432083129882812e-03 1.350366110483677185e+05 0.000000000000000000e+00
1.200000000000000000e+01 8.289813995361328125e-04 2.541950356644971180e+05 0.000000000000000000e+00
1.300000000000000000e+01 8.234977722167968750e-04 2.572862449284252652e+05 7.437943261861041933e-01
1.400000000000000000e+01 8.246898651123046875e-04 2.192391935935013171e+05 5.355706703794631263e-02
1.500000000000000000e+01 8.382797241210937500e-04 1.341790957168845343e+05 -1.444554355226688180e+00
1.600000000000000000e+01 8.249282836914062500e-04 1.436621298192734830e+05 -9.154744025205556746e-01
1.700000000000000000e+01 8.649826049804687500e-04 1.889656802112514852e+05 -2.739781295330964012e-02
1.800000000000000000e+01 8.332729339599609375e-04 2.193995590063227282e+05 5.332273063260547508e-01
1.900000000000000000e+01 8.263587951660156250e-04 2.918634181554443785e+05 1.902427069320085540e+00
2.000000000000000000e+01 1.086235046386718750e-03 3.303414476176181925e+05 2.158215605380455315e+00
2.100000000000000000e+01 1.367807388305664062e-03 2.255987695592404052e+05 1.209167070553191226e-01
2.200000000000000000e+01 1.260280609130859375e-03 3.040564670669208863e+05 1.337090936818657871e+00
2.300000000000000000e+01 8.575916290283203125e-04 3.217644485579192988e+05 1.459533392367619253e+00
2.400000000000000000e+01 8.420944213867187500e-04 2.441029069563661178e+05 1.654608512473602633e-01
2.500000000000000000e+01 8.337497711181640625e-04 2.940464318092149915e+05 9.157310031977863307e-01
2.600000000000000000e+01 8.778572082519531250e-04 3.088087370590144419e+05 1.086603460709434810e+00
2.700000000000000000e+01 8.647441864013671875e-04 2.702805824006840703e+05 4.293907091136248133e-01
2.800000000000000000e+01 8.318424224853515625e-04 3.426865760287835146e+05 1.545256919082092173e+00
2.900000000000000000e+01 8.428096771240234375e-04 3.884618606803421862e+05 2.097897725357695364e+00
3.000000000000000000e+01 1.006126403808593750e-03 4.111704875289488700e+05 2.148102149487342238e+00
3.100000000000000000e+01 8.411407470703125000e-04 3.903935931031217333e+05 1.614244843832375098e+00
3.200000000000000000e+01 6.329536437988281250e-03 3.376570660832833964e+05 8.321978988433326174e-01
3.300000000000000000e+01 8.337497711181640625e-04 3.104629961909310659e+05 4.623139391511727481e-01
3.400000000000000000e+01 9.074211120605468750e-04 3.412734104233362596e+05 8.411282227896251795e-01
3.500000000000000000e+01 1.193046569824218750e-03 3.010484433177298051e+05 2.980969175660941328e-01
3.600000000000000000e+01 1.131057739257812500e-03 2.214720849668494193e+05 -7.443666030142118695e-01
3.700000000000000000e+01 1.374483108520507812e-03 1.983493594632580061e+05 -1.026452295283750038e+00
3.800000000000000000e+01 1.095056533813476562e-03 2.167353258455960895e+05 -7.465558525903817078e-01
3.900000000000000000e+01 1.397609710693359375e-03 2.868698840631836210e+05 2.034674425050886915e-01
4.000000000000000000e+01 1.091480255126953125e-03 2.959986291092308238e+05 3.230356678645343038e-01
4.100000000000000000e+01 1.243114471435546875e-03 2.831344423745548120e+05 1.409596858176523915e-01
4.200000000000000000e+01 1.117944717407226562e-03 2.566353033979850297e+05 -2.304761319733802938e-01
4.300000000000000000e+01 1.199960708618164062e-03 2.760976888464987860e+05 4.861752623647290494e-02
4.400000000000000000e+01 1.195907592773437500e-03 2.599810376089478668e+05 -1.837898996078672076e-01
4.500000000000000000e+01 1.210689544677734375e-03 2.981246574825533899e+05 3.754973824871122856e-01
4.600000000000000000e+01 1.250267028808593750e-03 2.935663442637561238e+05 3.021173966126985966e-01
4.700000000000000000e+01 1.291275024414062500e-03 3.334182743741091690e+05 8.944502616078751078e-01
4.800000000000000000e+01 1.183271408081054688e-03 3.076979527461117832e+05 4.865865917636408855e-01
4.900000000000000000e+01 1.199007034301757812e-03 3.027538389902148629e+05 4.037295020894345887e-01
5.000000000000000000e+01 8.876323699951171875e-04 3.030222476295227534e+05 4.019256704701625327e-01
5.100000000000000000e+01 8.306503295898437500e-04 2.958454247251890483e+05 2.847924289355648897e-01
5.200000000000000000e+01 8.244514465332031250e-04 2.813542715771053918e+05 5.355679377897963611e-02
5.300000000000000000e+01 8.385181427001953125e-04 2.722959137164285639e+05 -9.106948571008262328e-02
5.400000000000000000e+01 8.287429809570312500e-04 3.132357665193945286e+05 5.686148818272173111e-01
5.500000000000000000e+01 8.642673492431640625e-04 3.646171266586841084e+05 1.393436976972509012e+00
5.600000000000000000e+01 8.361339569091796875e-04 3.305537901873954106e+05 8.019066537794689031e-01
5.700000000000000000e+01 8.296966552734375000e-04 3.562244856086506625e+05 1.201561374599456666e+00
5.800000000000000000e+01 8.258819580078125000e-04 3.740802304845951730e+05 1.457318602627564852e+00
5.900000000000000000e+01 8.268356323242187500e-04 4.312575007581596146e+05 2.318124172182234766e+00
6.000000000000000000e+01 1.602888107299804688e-03 3.907720205876696273e+05 1.560559503615340127e+00
6.100000000000000000e+01 8.296966552734375000e-04 3.878551813762992970e+05 1.464416709648656001e+00
6.200000000000000000e+01 8.566379547119140625e-04 3.920162420160514885e+05 1.481854132081278808e+00
6.300000000000000000e+01 8.234977722167968750e-04 3.710357388586318702e+05 1.129442142845023866e+00
6.400000000000000000e+01 8.289813995361328125e-04 3.715000399903223733e+05 1.112255224681650612e+00
6.500000000000000000e+01 8.294582366943359375e-04 4.068267219240044360e+05 1.605354131327766831e+00
6.600000000000000000e+01 8.251667022705078125e-04 3.986935229146146448e+05 1.437170459111864362e+00
6.700000000000000000e+01 8.490085601806640625e-04 4.125762662708193529e+05 1.596571344615405508e+00
6.800000000000000000e+01 8.952617645263671875e-04 4.061648932689893991e+05 1.457634585472528332e+00
6.900000000000000000e+01 8.449554443359375000e-04 3.600605191013119183e+05 7.759695269564845788e-01
7.000000000000000000e+01 8.299350738525390625e-04 3.277170534620824619e+05 3.128002974388216506e-01
7.100000000000000000e+01 8.547306060791015625e-04 2.893795116080084699e+05 -2.308023221383038170e-01
7.200000000000000000e+01 8.537769317626953125e-04 3.188953390263979672e+05 1.908315903459627816e-01
7.300000000000000000e+01 8.628368377685546875e-04 2.705217788966355147e+05 -5.040347357577839027e-01
7.400000000000000000e+01 8.316040039062500000e-04 3.248136733427036088e+05 2.837991594364034365e-01
7.500000000000000000e+01 8.387565612792968750e-04 3.501657316333704512e+05 6.496932956503848056e-01
7.600000000000000000e+01 8.261203765869140625e-04 3.584477741450897884e+05 7.634969011783052650e-01
7.700000000000000000e+01 8.361339569091796875e-04 3.921526814601334627e+05 1.247872556571344660e+00
7.800000000000000000e+01 8.203983306884765625e-04 4.125812348658904084e+05 1.522193854391949985e+00
7.900000000000000000e+01 8.399486541748046875e-04 4.243130107063789037e+05 1.655109204113819565e+00
8.000000000000000000e+01 8.709430694580078125e-04 5.288104523953831522e+05 3.101989342288625551e+00
8.000000000000000000e+01 1.834630966186523438e-03 2.788103457816176815e+05 0.000000000000000000e+00
8.100000000000000000e+01 8.358955383300781250e-04 4.408807834726822912e+05 0.000000000000000000e+00
8.200000000000000000e+01 8.282661437988281250e-04 4.747469663222498493e+05 1.002620360183354986e+00
8.300000000000000000e+01 8.349418640136718750e-04 6.776769072253167396e+05 2.669170267605013969e+00
8.400000000000000000e+01 8.306503295898437500e-04 6.506954976736276876e+05 1.114857679822420344e+00
8.500000000000000000e+01 8.625984191894531250e-04 6.382510676287751412e+05 8.165141966085410763e-01
8.600000000000000000e+01 8.473396301269531250e-04 6.602896380712743849e+05 8.538607655427249421e-01
8.700000000000000000e+01 8.335113525390625000e-04 5.997125969970277511e+05 3.555687263933060560e-01
8.800000000000000000e+01 8.471012115478515625e-04 5.921460764658012195e+05 2.794769194982024141e-01
8.900000000000000000e+01 8.406639099121093750e-04 5.106459010028811754e+05 -3.489508334682054347e-01
9.000000000000000000e+01 8.609294891357421875e-04 5.521726932352813892e+05 -1.687423848859750030e-03
9.100000000000000000e+01 8.630752563476562500e-04 4.578337641763093998e+05 -7.898399851831099383e-01
9.200000000000000000e+01 8.363723754882812500e-04 4.004053860658314079e+05 -1.227981830482830272e+00
9.300000000000000000e+01 8.432865142822265625e-04 5.082607401441310067e+05 -2.108832272659899865e-01
9.400000000000000000e+01 1.399993896484375000e-03 4.535021657713744789e+05 -6.806514057541812601e-01
9.500000000000000000e+01 8.716583251953125000e-04 4.398355999643898103e+05 -7.701432371742721328e-01
9.600000000000000000e+01 8.380413055419921875e-04 4.183812504746877239e+05 -9.266956629092428788e-01
9.700000000000000000e+01 8.299350738525390625e-04 4.053555860726232640e+05 -9.958067011334147400e-01
9.800000000000000000e+01 8.256435394287109375e-04 3.865604568113284768e+05 -1.113333122706651857e+00
9.900000000000000000e+01 8.313655853271484375e-04 4.090179335632090806e+05 -8.462235997596093684e-01
1.000000000000000000e+02 8.327960968017578125e-04 3.663941471250216709e+05 -1.200184926658686591e+00
1.010000000000000000e+02 8.554458618164062500e-04 3.778498993523337995e+05 -1.028850026169891851e+00
1.020000000000000000e+02 8.356571197509765625e-04 4.900019495396628045e+05 3.316403694947848285e-02
1.030000000000000000e+02 8.523464202880859375e-04 5.456779016440818086e+05 5.481941211345456866e-01
1.040000000000000000e+02 8.354187011718750000e-04 5.068038487380410661e+05 1.678813295957475860e-01
1.050000000000000000e+02 8.337497711181640625e-04 5.295391810593131231e+05 3.829432664012712428e-01
1.060000000000000000e+02 8.518695831298828125e-04 5.325753537809883710e+05 4.043898574728190254e-01
1.070000000000000000e+02 8.361339569091796875e-04 5.052060627360601793e+05 1.238753608593858857e-01
1.080000000000000000e+02 8.349418640136718750e-04 6.616417507534462493e+05 1.705561715067919648e+00
1.090000000000000000e+02 8.468627929687500000e-04 6.767378076553390129e+05 1.744143584584951778e+00
1.100000000000000000e+02 8.392333984375000000e-04 6.305992601288879523e+05 1.193956535349322445e+00
1.110000000000000000e+02 8.397102355957031250e-04 5.009116199176231748e+05 -7.611748732208285795e-02
1.120000000000000000e+02 8.530616760253906250e-04 4.858365005339940544e+05 -2.196066612252088324e-01
1.130000000000000000e+02 8.363723754882812500e-04 4.829559441977363895e+05 -2.442583554170972837e-01
1.140000000000000000e+02 8.344650268554687500e-04 4.623042452073076274e+05 -4.446534617874637885e-01
1.150000000000000000e+02 8.435249328613281250e-04 4.111811672009385074e+05 -9.485866751490455995e-01
1.160000000000000000e+02 8.323192596435546875e-04 3.741475494366840576e+05 -1.295022513144380216e+00
1.170000000000000000e+02 8.406639099121093750e-04 3.749417766417609528e+05 -1.241218984317704388e+00
1.180000000000000000e+02 8.773803710937500000e-04 3.909241257900433848e+05 -1.042752471502419898e+00
1.190000000000000000e+02 8.342266082763671875e-04 4.675603626457656501e+05 -2.595483769352086023e-01
1.200000000000000000e+02 8.339881896972656250e-04 6.214345928135218564e+05 1.279640965874085268e+00
1.210000000000000000e+02 8.492469787597656250e-04 6.393667242729382124e+05 1.416863456708746138e+00
1.220000000000000000e+02 8.373260498046875000e-04 5.622712726430310868e+05 6.122146299342797748e-01
1.230000000000000000e+02 8.385181427001953125e-04 5.341385933538984973e+05 3.249318160830712565e-01
1.240000000000000000e+02 8.611679077148437500e-04 5.158655863667254453e+05 1.386851679883986665e-01
1.250000000000000000e+02 8.413791656494140625e-04 5.410280593321218621e+05 3.909171163444913333e-01
1.260000000000000000e+02 8.406639099121093750e-04 5.176204871624176740e+05 1.477447194331833469e-01
1.270000000000000000e+02 8.354187011718750000e-04 4.969346185588540975e+05 -6.673978870273127029e-02
1.280000000000000000e+02 8.549690246582031250e-04 5.415487564156419830e+05 3.980694339494909584e-01
1.290000000000000000e+02 8.327960968017578125e-04 6.220973416708457517e+05 1.238844751219622120e+00
1.300000000000000000e+02 8.392333984375000000e-04 6.423343432664995780e+05 1.419190744254157366e+00
1.310000000000000000e+02 8.325576782226562500e-04 7.221652942385625793e+05 2.203603692313177653e+00
1.320000000000000000e+02 8.828639984130859375e-04 8.154023217659835937e+05 3.016197584221482764e+00
1.320000000000000000e+02 1.873731613159179688e-03 4.863362931485805311e+05 0.000000000000000000e+00
1.330000000000000000e+02 8.544921875000000000e-04 8.552097682192692300e+05 0.000000000000000000e+00
1.340000000000000000e+02 8.454322814941406250e-04 7.230305622088242089e+05 2.003486691594991431e-01
1.350000000000000000e+02 8.361339569091796875e-04 6.415110980483657913e+05 -2.497809587986369595e-01
1.360000000000000000e+02 8.385181427001953125e-04 6.107228502824420575e+05 -4.262473136215700342e-01
1.370000000000000000e+02 8.404254913330078125e-04 5.222083921624631039e+05 -1.031168681380245866e+00
1.380000000000000000e+02 8.404254913330078125e-04 4.593157741970914067e+05 -1.334039458288817981e+00
1.390000000000000000e+02 8.530616760253906250e-04 7.774955014588172780e+05 1.158221553989813524e+00
1.400000000000000000e+02 8.628368377685546875e-04 7.602054420732239960e+05 8.800652590160460420e-01
1.410000000000000000e+02 8.409023284912109375e-04 6.053403865044687409e+05 -3.078016712115090869e-01
1.420000000000000000e+02 8.485317230224609375e-04 5.416155061306017451e+05 -7.723326974277969770e-01
1.430000000000000000e+02 8.499622344970703125e-04 5.339496065429033479e+05 -7.778818654005446032e-01
1.440000000000000000e+02 8.509159088134765625e-04 6.499816101956632920e+05 1.855631316297187139e-01
1.450000000000000000e+02 8.602142333984375000e-04 5.823450229046273744e+05 -3.767248584870524497e-01
1.460000000000000000e+02 8.487701416015625000e-04 6.681120007703830488e+05 3.668907219552537957e-01
1.470000000000000000e+02 8.459091186523437500e-04 7.658377563589217607e+05 1.211529817202900094e+00
1.480000000000000000e+02 8.504390716552734375e-04 8.048504702454574872e+05 1.460089095381049917e+00
1.490000000000000000e+02 8.563995361328125000e-04 7.994744009959814139e+05 1.287705859630478678e+00
1.500000000000000000e+02 8.401870727539062500e-04 8.005402967682260787e+05 1.205229235503154195e+00
1.510000000000000000e+02 8.752346038818359375e-04 7.814917958422356751e+05 9.740775137223376401e-01
1.520000000000000000e+02 8.504390716552734375e-04 8.041845975764382165e+05 1.114081773244057549e+00
1.530000000000000000e+02 8.578300476074218750e-04 9.146088843292036327e+05 1.958666663714428546e+00
1.540000000000000000e+02 8.590221405029296875e-04 1.044394896388811641e+06 2.760554496006109026e+00
1.550000000000000000e+02 8.432865142822265625e-04 9.247658206896787742e+05 1.516364666616409229e+00
1.560000000000000000e+02 8.642673492431640625e-04 7.981716259118852904e+05 5.787290479702358326e-01
1.570000000000000000e+02 8.444786071777343750e-04 7.404028623626811896e+05 1.757398015374457834e-01
1.580000000000000000e+02 8.533000946044921875e-04 7.623853164734794991e+05 3.229005892147082668e-01
1.590000000000000000e+02 8.499622344970703125e-04 7.627611816585310735e+05 3.190840685685513711e-01
1.600000000000000000e+02 8.666515350341796875e-04 8.311245673939051339e+05 7.976094518502330200e-01
1.610000000000000000e+02 8.428096771240234375e-04 8.508135940323076211e+05 9.160194934415070156e-01
1.620000000000000000e+02 8.451938629150390625e-04 8.196313747089751996e+05 6.650552036128658528e-01
1.630000000000000000e+02 8.535385131835937500e-04 6.696784577418302651e+05 -4.345280680869296752e-01
1.640000000000000000e+02 1.377582550048828125e-03 8.555674136612181319e+05 9.356830682195375060e-01
1.650000000000000000e+02 1.420974731445312500e-03 9.895315323966215365e+05 1.893562160742865652e+00
1.660000000000000000e+02 8.635520935058593750e-04 8.869510650191217428e+05 1.045740741426224307e+00
1.670000000000000000e+02 8.656978607177734375e-04 9.411784450979668181e+05 1.398753987329632853e+00
1.680000000000000000e+02 8.580684661865234375e-04 9.207990325376545079e+05 1.200283302666151020e+00
1.690000000000000000e+02 8.606910705566406250e-04 9.747407721414576517e+05 1.536267110463677810e+00
1.700000000000000000e+02 8.575916290283203125e-04 9.463733183667062549e+05 1.276492420109876402e+00
1.710000000000000000e+02 8.523464202880859375e-04 1.073445396514798980e+06 2.095655051465241669e+00
1.720000000000000000e+02 8.499622344970703125e-04 9.861131681397289503e+05 1.393791673633758554e+00
1.730000000000000000e+02 8.635520935058593750e-04 9.300761165340490406e+05 9.840204493361722760e-01
1.740000000000000000e+02 8.509159088134765625e-04 9.098186989481053315e+05 8.307134561472808709e-01
1.750000000000000000e+02 8.523464202880859375e-04 8.283154239139171550e+05 2.873802358042292782e-01
1.760000000000000000e+02 8.556842803955078125e-04 8.705039869489964331e+05 5.597496343154286791e-01
1.770000000000000000e+02 1.070499420166015625e-03 8.857876535775370430e+05 6.524058006600804704e-01
1.780000000000000000e+02 8.530616760253906250e-04 8.889359426988487830e+05 6.632875685193528881e-01
1.790000000000000000e+02 8.661746978759765625e-04 9.904462899996519554e+05 1.330837730572081989e+00
1.800000000000000000e+02 8.947849273681640625e-04 1.044223075834859163e+06 1.649253167082967986e+00
1.810000000000000000e+02 9.205341339111328125e-04 1.291806588698926382e+06 3.200497485307381318e+00
1.810000000000000000e+02 1.907587051391601562e-03 9.941371525741004152e+05 0.000000000000000000e+00
1.820000000000000000e+02 8.487701416015625000e-04 1.342251983138637617e+06 0.000000000000000000e+00
1.830000000000000000e+02 8.628368377685546875e-04 1.489567793001919985e+06 1.305576015958223035e+00
1.840000000000000000e+02 8.692741394042968750e-04 1.350753992151630111e+06 2.965131788036193261e-01
1.850000000000000000e+02 8.602142333984375000e-04 1.320146254476050613e+06 1.230042322753239631e-01
1.860000000000000000e+02 8.702278137207031250e-04 1.325823442748988047e+06 1.443864492934646415e-01
1.870000000000000000e+02 8.668899536132812500e-04 1.260503006774148671e+06 -2.635359336352262605e-01
1.880000000000000000e+02 8.602142333984375000e-04 1.314294314179162029e+06 1.107214377032051666e-01
1.890000000000000000e+02 8.614063262939453125e-04 1.397303708137820940e+06 6.985894277809280295e-01
1.900000000000000000e+02 8.685588836669921875e-04 1.344456772585716099e+06 2.518565722789058992e-01
1.910000000000000000e+02 1.117944717407226562e-03 1.210698606995709939e+06 -8.099260608368945569e-01
1.920000000000000000e+02 1.117706298828125000e-03 1.203011704201755580e+06 -8.131908663258344827e-01
1.930000000000000000e+02 1.121282577514648438e-03 1.043538116239672061e+06 -2.059943678989875071e+00
1.940000000000000000e+02 1.128911972045898438e-03 1.090422329973313725e+06 -1.362463567567611777e+00
1.950000000000000000e+02 1.114368438720703125e-03 1.345805014177156379e+06 5.871155043766758119e-01
1.960000000000000000e+02 1.123428344726562500e-03 1.429433829342843965e+06 1.172200748625554567e+00
1.970000000000000000e+02 1.170635223388671875e-03 1.276475581864878768e+06 -1.741561112615590962e-02
1.980000000000000000e+02 1.131057739257812500e-03 1.319528507890215376e+06 3.045665865097927916e-01
1.990000000000000000e+02 1.022815704345703125e-03 1.452147684722480131e+06 1.313711683826495280e+00
2.000000000000000000e+02 9.510517120361328125e-04 1.417846905186863849e+06 9.644030885796266439e-01
2.010000000000000000e+02 8.878707885742187500e-04 1.168860375525776995e+06 -9.652211728616598707e-01
2.020000000000000000e+02 8.852481842041015625e-04 1.004936243574903463e+06 -2.165878070279044998e+00
2.030000000000000000e+02 8.780956268310546875e-04 9.193595125981320161e+05 -2.516473246594579383e+00
2.040000000000000000e+02 8.819103240966796875e-04 9.597391507460973226e+05 -1.914541771851066221e+00
2.050000000000000000e+02 8.783340454101562500e-04 9.199613529622899368e+05 -1.981462860145899008e+00
2.060000000000000000e+02 8.678436279296875000e-04 8.765214700424737530e+05 -2.048668177006743640e+00
2.070000000000000000e+02 8.838176727294921875e-04 8.865684748163897311e+05 -1.806109345853477377e+00
2.080000000000000000e+02 8.764266967773437500e-04 8.822863911532809725e+05 -1.693888596529316448e+00
2.090000000000000000e+02 8.666515350341796875e-04 8.970964164979971247e+05 -1.508226630639832200e+00
2.100000000000000000e+02 9.493827819824218750e-04 9.319078523886889452e+05 -1.255246917296746201e+00
2.110000000000000000e+02 8.680820465087890625e-04 9.229081385774600785e+05 -1.246377243082967379e+00
2.120000000000000000e+02 8.742809295654296875e-04 7.570717542059551924e+05 -1.996042543408289349e+00
2.130000000000000000e+02 8.704662322998046875e-04 6.833078972278158180e+05 -2.190633024079118307e+00
2.140000000000000000e+02 8.752346038818359375e-04 7.367039464315455407e+05 -1.779013870705611566e+00
2.150000000000000000e+02 8.742809295654296875e-04 7.733924642294466030e+05 -1.519313590174722561e+00
2.160000000000000000e+02 8.766651153564453125e-04 7.290180638411494438e+05 -1.634506088300072379e+00
2.170000000000000000e+02 8.776187896728515625e-04 7.352705916357655078e+05 -1.528564528017169355e+00
2.180000000000000000e+02 1.338481903076171875e-03 7.123261154283694923e+05 -1.553486368336823409e+00
2.190000000000000000e+02 8.964538574218750000e-04 7.257940068151651649e+05 -1.432784826523312294e+00
2.200000000000000000e+02 8.792877197265625000e-04 7.380047950769001618e+05 -1.330629597734071412e+00
2.210000000000000000e+02 8.976459503173828125e-04 8.272964025077760452e+05 -9.420282512742681469e-01
2.220000000000000000e+02 9.548664093017578125e-04 8.213936558538562385e+05 -9.433383867739946194e-01
2.230000000000000000e+02 8.826255798339843750e-04 8.214211276660119183e+05 -9.222500272889794237e-01
2.240000000000000000e+02 8.780956268310546875e-04 8.386624252147795632e+05 -8.359589930074378117e-01
2.250000000000000000e+02 8.800029754638671875e-04 8.896026658436402213e+05 -6.222972524926495552e-01
2.260000000000000000e+02 8.938312530517578125e-04 8.406380164729777025e+05 -8.041911973531949975e-01
2.270000000000000000e+02 8.838176727294921875e-04 8.387231539684354793e+05 -7.974545895766581571e-01
2.280000000000000000e+02 8.850097656250000000e-04 9.093708756513234694e+05 -5.053020207966484323e-01
2.290000000000000000e+02 8.823871612548828125e-04 8.520784230167957721e+05 -7.263718406789096971e-01
2.300000000000000000e+02 1.044750213623046875e-03 8.165831687392320018e+05 -8.568807130134061811e-01
2.310000000000000000e+02 1.668930053710937500e-03 8.989843734901596326e+05 -5.122017898302790861e-01
2.320000000000000000e+02 1.112055778503417969e-02 1.114896718329020543e+06 3.651298819269654938e-01
2.330000000000000000e+02 8.441686630249023438e-03 1.130321629055817612e+06 4.239658217101970883e-01
2.340000000000000000e+02 1.225948333740234375e-03 1.112248702748028561e+06 3.451695292603273457e-01
2.350000000000000000e+02 1.211881637573242188e-03 1.018107703706185217e+06 -4.776641750874277559e-02
2.360000000000000000e+02 1.211404800415039062e-03 1.039855680549657322e+06 4.346314082698134185e-02
2.370000000000000000e+02 1.236677169799804688e-03 1.048284456152595230e+06 7.859461091868441551e-02
2.380000000000000000e+02 1.227140426635742188e-03 9.858404942038379377e+05 -1.875657450794007142e-01
2.390000000000000000e+02 1.280546188354492188e-03 9.165930084963993868e+05 -4.828390032101694263e-01
2.400000000000000000e+02 1.229286193847656250e-03 8.999574116555702640e+05 -5.496516368855731693e-01
2.410000000000000000e+02 9.446144104003906250e-04 1.340830750968405278e+06 1.370806799402552123e+00
2.420000000000000000e+02 9.841918945312500000e-04 1.753211972717188299e+06 3.117191595405190530e+00
2.420000000000000000e+02 1.980543136596679688e-03 1.162310132945915684e+06 0.000000000000000000e+00
2.430000000000000000e+02 8.766651153564453125e-04 1.290109351319085807e+06 0.000000000000000000e+00
2.440000000000000000e+02 8.947849273681640625e-04 7.710139206044919556e+05 -5.037152124520497765e+00
2.450000000000000000e+02 8.895397186279296875e-04 6.893137226383754751e+05 -1.424085041086843972e+00
2.460000000000000000e+02 1.142978668212890625e-03 7.609856684987895424e+05 -7.412743405198041202e-01
2.470000000000000000e+02 1.174926757812500000e-03 7.994972995787644759e+05 -4.977697101305117444e-01
2.480000000000000000e+02 1.153230667114257812e-03 9.373816971081508091e+05 1.010224028725461576e-01
2.490000000000000000e+02 1.152276992797851562e-03 1.040053054327205289e+06 5.456717249174809492e-01
2.500000000000000000e+02 1.214504241943359375e-03 1.064296913080746541e+06 6.174572611953358381e-01
2.510000000000000000e+02 1.165628433227539062e-03 1.042185043728479301e+06 4.658305647685942463e-01
2.520000000000000000e+02 1.174926757812500000e-03 1.002423855312039261e+06 2.373254285973257216e-01
2.530000000000000000e+02 1.170873641967773438e-03 1.044854719138781889e+06 4.533823848685426539e-01
2.540000000000000000e+02 1.178741455078125000e-03 1.206993658473212505e+06 1.331580215588111571e+00
2.550000000000000000e+02 8.983612060546875000e-04 1.225052091486937832e+06 1.295437717109127362e+00
2.560000000000000000e+02 9.253025054931640625e-04 1.181647473790811375e+06 9.480480835081356306e-01
2.570000000000000000e+02 8.974075317382812500e-04 1.192010151196401333e+06 9.451710079896682437e-01
2.580000000000000000e+02 1.334190368652343750e-03 1.296508996055872180e+06 1.450519635312111033e+00
2.590000000000000000e+02 9.372234344482421875e-04 1.363740079353392124e+06 1.674675111987856901e+00
2.600000000000000000e+02 9.152889251708984375e-04 1.350339561252390966e+06 1.443597598272385651e+00
2.610000000000000000e+02 9.050369262695312500e-04 1.296599554616475245e+06 1.072271920770065279e+00
2.620000000000000000e+02 3.439426422119140625e-03 1.247195499488437548e+06 7.779588870092724040e-01
2.630000000000000000e+02 9.078979492187500000e-04 1.266702947226545773e+06 8.439668814115495188e-01
2.640000000000000000e+02 9.443759918212890625e-04 1.245369522477919934e+06 7.070335548442611140e-01
2.650000000000000000e+02 9.176731109619140625e-04 1.273137773637291975e+06 8.224938705919447868e-01
2.660000000000000000e+02 9.045600891113281250e-04 1.238919640978965675e+06 6.229075000362285230e-01
2.670000000000000000e+02 9.164810180664062500e-04 1.138120988831406226e+06 9.429183162281895569e-02
2.680000000000000000e+02 1.034498214721679688e-03 1.026595214535726467e+06 -4.851793607918862827e-01
2.690000000000000000e+02 1.726150512695312500e-03 1.045824268440450891e+06 -3.731961502030178290e-01
2.700000000000000000e+02 1.177310943603515625e-03 1.009371022410121164e+06 -5.606268817166053520e-01
2.710000000000000000e+02 1.210689544677734375e-03 9.553766341585421469e+05 -8.404211581847099710e-01
2.720000000000000000e+02 1.232862472534179688e-03 8.719755116997681325e+05 -1.270817528763023896e+00
2.730000000000000000e+02 1.196622848510742188e-03 8.352673744689476443e+05 -1.416390120510987893e+00
2.740000000000000000e+02 1.186370849609375000e-03 8.586282612830910366e+05 -1.227616222385826239e+00
2.750000000000000000e+02 1.202583312988281250e-03 9.082980620999090606e+05 -9.199540937530297224e-01
2.760000000000000000e+02 1.188039779663085938e-03 1.009332473133587861e+06 -3.609924694012990321e-01
2.770000000000000000e+02 1.177549362182617188e-03 1.251812781183397397e+06 9.439039312319663644e-01
2.780000000000000000e+02 1.196384429931640625e-03 1.179711345490524778e+06 5.323936420628559985e-01
2.790000000000000000e+02 1.231670379638671875e-03 1.173372374009944266e+06 4.889190249298786539e-01
2.800000000000000000e+02 1.201152801513671875e-03 1.149691832981475629e+06 3.512956650578667461e-01
2.810000000000000000e+02 1.204252243041992188e-03 1.181513975870376453e+06 5.227624275527298359e-01
2.820000000000000000e+02 1.186609268188476562e-03 1.205324640776132932e+06 6.478361543669165501e-01
2.830000000000000000e+02 1.242160797119140625e-03 1.231400682067102520e+06 7.838038428822967640e-01
2.840000000000000000e+02 1.197099685668945312e-03 1.163874741436508019e+06 3.862325944221515761e-01
2.850000000000000000e+02 1.184940338134765625e-03 1.058387187126591802e+06 -2.228290044041970064e-01
2.860000000000000000e+02 1.192331314086914062e-03 1.018199415858371649e+06 -4.529011209829042484e-01
2.870000000000000000e+02 1.201629638671875000e-03 1.011665750132030924e+06 -4.850934950453272276e-01
2.880000000000000000e+02 1.202821731567382812e-03 9.851861759332121583e+05 -6.347287365545949411e-01
2.890000000000000000e+02 1.190662384033203125e-03 1.018480013145619538e+06 -4.278179901231052296e-01
2.900000000000000000e+02 1.182556152343750000e-03 1.004151164061350515e+06 -5.083786035622605004e-01
2.910000000000000000e+02 1.264333724975585938e-03 9.783833497730705421e+05 -6.573740105139568302e-01
2.920000000000000000e+02 1.213788986206054688e-03 9.521384876578798285e+05 -8.073181701999705417e-01
2.930000000000000000e+02 1.194715499877929688e-03 9.135146265122513287e+05 -1.029602765387578112e+00
2.940000000000000000e+02 1.205921173095703125e-03 8.780310643627004465e+05 -1.225441068598589922e+00
2.950000000000000000e+02 1.208066940307617188e-03 9.325857343558603898e+05 -8.662457394443002778e-01
2.960000000000000000e+02 1.247644424438476562e-03 9.491576436141749145e+05 -7.516380175723755830e-01
2.970000000000000000e+02 1.216173171997070312e-03 1.014524821013450855e+06 -3.422278501652706861e-01
2.980000000000000000e+02 1.241207122802734375e-03 9.853705289696569089e+05 -5.181729835015861374e-01
2.990000000000000000e+02 1.237869262695312500e-03 9.628237783037393820e+05 -6.520607634413360110e-01
