1.931803420857087523e+07
1.000000000000000000e+00 3.997159004211425781e-02 1.437877308721271111e+05 0.000000000000000000e+00
2.000000000000000000e+00 4.002261161804199219e-02 1.442879742774494516e+05 7.148919493743374209e-01
3.000000000000000000e+00 4.030513763427734375e-02 8.436995811326718831e+04 -5.568162388811952468e-01
4.000000000000000000e+00 4.424643516540527344e-02 1.278778370801729325e+05 4.745571450487109932e-01
5.000000000000000000e+00 9.406161308288574219e-02 9.908339128445462848e+04 -2.857777405559346895e-01
6.000000000000000000e+00 6.498718261718750000e-02 1.064313463348872319e+05 -6.271426839863342151e-02
7.000000000000000000e+00 4.125261306762695312e-02 1.178890105052022554e+05 2.848758950162717518e-01
8.000000000000000000e+00 4.137158393859863281e-02 1.038469047554225981e+05 -1.847036903485751447e-01
9.000000000000000000e+00 4.088997840881347656e-02 1.152064011893674760e+05 2.152272945080036248e-01
1.000000000000000000e+01 4.193210601806640625e-02 1.045472054968274751e+05 -1.825896157766786487e-01
1.100000000000000000e+01 5.649137496948242188e-02 9.298357521041997825e+04 -6.170627847597874860e-01
1.200000000000000000e+01 4.050326347351074219e-02 1.226828468344693392e+05 5.882282306055884868e-01
1.300000000000000000e+01 6.666827201843261719e-02 1.128073170485296869e+05 1.580195774011026733e-01
1.400000000000000000e+01 4.309558868408203125e-02 1.209110328789925552e+05 4.947765502111168279e-01
1.500000000000000000e+01 4.248094558715820312e-02 9.669841954244939552e+04 -5.767648468353135938e-01
1.600000000000000000e+01 4.038023948669433594e-02 1.214440439569895825e+05 5.469630093913508961e-01
1.700000000000000000e+01 4.056787490844726562e-02 1.573240690528404666e+05 2.159542630260310236e+00
1.800000000000000000e+01 4.079151153564453125e-02 1.457924636226120929e+05 1.382662642314615331e+00
1.900000000000000000e+01 4.639434814453125000e-02 2.178761079646488361e+05 4.210239652449244474e+00
1.900000000000000000e+01 8.706402778625488281e-02 2.047073634635631461e+05 0.000000000000000000e+00
2.000000000000000000e+01 4.031062126159667969e-02 2.837316772189383628e+05 0.000000000000000000e+00
2.100000000000000000e+01 4.040956497192382812e-02 1.845762538048893039e+05 -1.067371704119586706e+00
2.200000000000000000e+01 4.091858863830566406e-02 2.334874659595380945e+05 1.745610029424433662e-01
2.300000000000000000e+01 4.238843917846679688e-02 1.872083725043749146e+05 -9.158775768803908424e-01
2.400000000000000000e+01 4.166364669799804688e-02 1.430958358278561209e+05 -1.834731456986039788e+00
2.500000000000000000e+01 4.171729087829589844e-02 1.356051932566262258e+05 -1.466285185028267879e+00
2.600000000000000000e+01 8.595323562622070312e-02 1.459012777567619924e+05 -9.764336386710934512e-01
2.700000000000000000e+01 5.059194564819335938e-02 1.384412656232654990e+05 -1.011655216043210181e+00
2.800000000000000000e+01 8.252620697021484375e-02 1.374226977144534467e+05 -9.245478584778562547e-01
2.900000000000000000e+01 4.457139968872070312e-02 1.017530933277097502e+05 -1.558962969453562497e+00
3.000000000000000000e+01 7.312345504760742188e-02 1.554956629463686841e+05 -3.196840661198112610e-01
3.100000000000000000e+01 6.114602088928222656e-02 2.263614763846118003e+05 1.096667505463453152e+00
3.200000000000000000e+01 4.206323623657226562e-02 1.995752845963014988e+05 4.799548393255179124e-01
3.300000000000000000e+01 4.204535484313964844e-02 1.620191247438915889e+05 -3.035766342291830733e-01
3.400000000000000000e+01 4.335570335388183594e-02 1.421336073747211776e+05 -7.111365468723483962e-01
3.500000000000000000e+01 7.320261001586914062e-02 1.370182434215919056e+05 -7.881750328948321505e-01
3.600000000000000000e+01 8.360433578491210938e-02 1.182883454523213441e+05 -1.157802216609905788e+00
3.700000000000000000e+01 1.104750633239746094e-01 1.259068313056594343e+05 -9.210885650828158910e-01
3.800000000000000000e+01 8.402824401855468750e-02 1.477572272255005955e+05 -4.046455749100641430e-01
3.900000000000000000e+01 8.339428901672363281e-02 1.780668322803329793e+05 2.776124526687985261e-01
4.000000000000000000e+01 8.589172363281250000e-02 1.413051708713426488e+05 -5.624631688174674959e-01
4.100000000000000000e+01 4.369759559631347656e-02 1.566713215078239737e+05 -1.918384718354392560e-01
4.200000000000000000e+01 4.447627067565917969e-02 1.784241534912868519e+05 3.251429913696429197e-01
4.300000000000000000e+01 4.257512092590332031e-02 1.963755386785843584e+05 7.495716712727502617e-01
4.400000000000000000e+01 4.230952262878417969e-02 1.784326599476568226e+05 2.908940092218655904e-01
4.500000000000000000e+01 4.207229614257812500e-02 1.804544202402717783e+05 3.350122151762189859e-01
4.600000000000000000e+01 5.661582946777343750e-02 1.529959983452516899e+05 -3.630394843608074629e-01
4.700000000000000000e+01 7.799601554870605469e-02 1.552056617140254239e+05 -2.993190825582828229e-01
4.800000000000000000e+01 7.981443405151367188e-02 1.417930259407830599e+05 -6.428575530422423467e-01
4.900000000000000000e+01 4.795241355895996094e-02 1.794866128280571429e+05 3.632233611404286355e-01
5.000000000000000000e+01 4.146432876586914062e-02 1.975827168765503448e+05 8.396580517281512224e-01
5.100000000000000000e+01 4.162311553955078125e-02 1.930874773536259891e+05 6.970283024062140509e-01
5.200000000000000000e+01 4.163885116577148438e-02 1.669018784150776628e+05 -2.672572025754115996e-02
5.300000000000000000e+01 4.168200492858886719e-02 1.599135475670800370e+05 -2.182958844357383577e-01
5.400000000000000000e+01 4.214429855346679688e-02 1.861310045772677113e+05 5.153572536259475312e-01
5.500000000000000000e+01 4.154729843139648438e-02 1.605996202306534688e+05 -2.125622007777757672e-01
5.600000000000000000e+01 4.183363914489746094e-02 1.298656265304688714e+05 -1.086858151644710668e+00
5.700000000000000000e+01 4.214239120483398438e-02 1.320644241076509643e+05 -9.934823373956930270e-01
5.800000000000000000e+01 4.186177253723144531e-02 1.855590621613683179e+05 5.560772358841422625e-01
5.900000000000000000e+01 4.259037971496582031e-02 2.601939937929898151e+05 2.693467960484519974e+00
6.000000000000000000e+01 4.170584678649902344e-02 2.054354391026569065e+05 9.811097268904708235e-01
6.100000000000000000e+01 4.225945472717285156e-02 1.833977228985815309e+05 3.675295313871277947e-01
6.200000000000000000e+01 4.203319549560546875e-02 2.018917997155419725e+05 8.638619554846748150e-01
6.300000000000000000e+01 4.754900932312011719e-02 1.893294691645253915e+05 5.054361182969803190e-01
6.400000000000000000e+01 5.913734436035156250e-02 2.049430811803133693e+05 9.265379448017161401e-01
6.500000000000000000e+01 4.192924499511718750e-02 2.454087603633538820e+05 2.019408551678925523e+00
6.600000000000000000e+01 4.233956336975097656e-02 2.247406792433711526e+05 1.365105481929641762e+00
6.700000000000000000e+01 4.261803627014160156e-02 2.412212394678582205e+05 1.759897550806947208e+00
6.800000000000000000e+01 4.214501380920410156e-02 2.552671370230183820e+05 2.051537578305835385e+00
6.900000000000000000e+01 6.470370292663574219e-02 2.158889773791446642e+05 9.627087221602563805e-01
7.000000000000000000e+01 4.230690002441406250e-02 2.281850778077177820e+05 1.253052130454091140e+00
7.100000000000000000e+01 9.850955009460449219e-02 2.226663552090596058e+05 1.084831208032493333e+00
7.200000000000000000e+01 4.209661483764648438e-02 2.253523578844870499e+05 1.129688738242410562e+00
7.300000000000000000e+01 4.329228401184082031e-02 1.924672806192373973e+05 2.889508326343148137e-01
7.400000000000000000e+01 4.259157180786132812e-02 2.138371782716107264e+05 8.217483808620977825e-01
7.500000000000000000e+01 4.227471351623535156e-02 2.060836395938522764e+05 6.146267007393081405e-01
7.600000000000000000e+01 5.140900611877441406e-02 2.059980462630246184e+05 6.050990159934543922e-01
7.700000000000000000e+01 4.237008094787597656e-02 2.358966430129743821e+05 1.358245599414542371e+00
7.800000000000000000e+01 4.492449760437011719e-02 2.621415169117758924e+05 1.988636624465498937e+00
7.900000000000000000e+01 4.251480102539062500e-02 2.858265438094691490e+05 2.493228734063986707e+00
8.000000000000000000e+01 4.256176948547363281e-02 3.347880736880577751e+05 3.512780262146079302e+00
8.000000000000000000e+01 8.501791954040527344e-02 1.510940693972553127e+05 0.000000000000000000e+00
8.100000000000000000e+01 4.270458221435546875e-02 1.408233511462739552e+05 0.000000000000000000e+00
8.200000000000000000e+01 4.460153579711914062e-01 2.204467308141081885e+05 1.025653379940031407e+01
8.200000000000000000e+01 3.337860107421875000e-04 3.133333261811163175e+04 0.000000000000000000e+00
8.300000000000000000e+01 4.410488605499267578e-01 3.387196304074998479e+05 1.316661282979833913e+01
8.300000000000000000e+01 3.249645233154296875e-04 4.074160146605512273e+04 0.000000000000000000e+00
8.400000000000000000e+01 5.157320499420166016e-01 3.272578636458326946e+05 9.238383067873147780e+00
8.400000000000000000e+01 3.345012664794921875e-04 4.682473649386425677e+04 0.000000000000000000e+00
8.500000000000000000e+01 4.419770240783691406e-01 3.473071349646790186e+05 8.368145211475628287e+00
8.500000000000000000e+01 3.256797790527343750e-04 4.289915069695989951e+04 0.000000000000000000e+00
8.600000000000000000e+01 4.463636875152587891e-01 3.254893640324816806e+05 8.608763248877295382e+00
8.600000000000000000e+01 3.271102905273437500e-04 4.990792798947429401e+04 0.000000000000000000e+00
8.700000000000000000e+01 4.205441474914550781e-02 1.803934343355855381e+05 2.990389392301356697e+00
8.800000000000000000e+01 4.008769989013671875e-02 1.418143769349492795e+05 4.826085839304299352e-01
8.900000000000000000e+01 4.122376441955566406e-02 1.631709815571345389e+05 8.061054554824841345e-01
9.000000000000000000e+01 4.238772392272949219e-02 2.500287384288362809e+05 2.339216011563762354e+00
9.100000000000000000e+01 4.281187057495117188e-02 1.708332816988501872e+05 3.388082904366977455e-01
9.200000000000000000e+01 1.081936359405517578e-01 1.678543815820320160e+05 2.680725400649321410e-01
9.300000000000000000e+01 4.341268539428710938e-02 2.015494364616000094e+05 8.228882130646842930e-01
9.400000000000000000e+01 4.043507575988769531e-02 1.457245730111863231e+05 -2.198457495528326755e-01
9.500000000000000000e+01 4.434037208557128906e-02 1.752862220707935048e+05 3.341620546637398270e-01
9.600000000000000000e+01 4.087972640991210938e-02 1.492251794512790511e+05 -1.837689029434921850e-01
9.700000000000000000e+01 4.073262214660644531e-02 1.718427928240300680e+05 2.800025049336213323e-01
9.800000000000000000e+01 4.060959815979003906e-02 1.495766817186499538e+05 -1.986834782704469393e-01
9.900000000000000000e+01 4.103851318359375000e-02 1.210948318944886705e+05 -8.135492646840423170e-01
1.000000000000000000e+02 4.299569129943847656e-02 1.415233671883471543e+05 -3.176832578446369681e-01
1.010000000000000000e+02 4.060363769531250000e-02 1.426673629533473868e+05 -2.811202882077341036e-01
1.020000000000000000e+02 4.074144363403320312e-02 1.300100645297500741e+05 -5.703731862174649114e-01
1.030000000000000000e+02 4.077792167663574219e-02 1.351301515856628539e+05 -4.270168580464749342e-01
1.040000000000000000e+02 4.063105583190917969e-02 1.585394235989974404e+05 1.615378800321957964e-01
1.050000000000000000e+02 4.310750961303710938e-02 1.154211670879791491e+05 -9.311676681087825980e-01
1.060000000000000000e+02 4.093766212463378906e-02 1.518135176288719522e+05 3.221216516093089455e-02
1.070000000000000000e+02 5.554628372192382812e-02 1.564536008791830100e+05 1.520841202271106529e-01
1.080000000000000000e+02 4.095292091369628906e-02 1.608702645344719931e+05 2.662275820128925385e-01
1.090000000000000000e+02 6.700205802917480469e-02 1.543712339501584356e+05 8.408855759765512805e-02
1.100000000000000000e+02 9.074282646179199219e-02 1.419360676456309739e+05 -2.622390476147501981e-01
1.110000000000000000e+02 5.073428153991699219e-02 1.767526689672670909e+05 7.266227934403534094e-01
1.120000000000000000e+02 4.114532470703125000e-02 1.345618056235608528e+05 -4.969650951251134985e-01
1.130000000000000000e+02 4.716682434082031250e-02 1.570407037185660156e+05 1.642705555969819209e-01
1.140000000000000000e+02 7.371401786804199219e-02 1.233795485809272068e+05 -8.298918080264497954e-01
1.150000000000000000e+02 4.105329513549804688e-02 1.188282049109403306e+05 -9.417096145709114019e-01
1.160000000000000000e+02 4.110646247863769531e-02 1.378936274747680582e+05 -3.474079167625412912e-01
1.170000000000000000e+02 4.307937622070312500e-02 1.601193443786581338e+05 3.280750334022799475e-01
1.180000000000000000e+02 6.018209457397460938e-02 1.459502550566508435e+05 -1.102484350904162913e-01
1.190000000000000000e+02 6.382656097412109375e-02 1.624923027224612888e+05 4.045312314093141848e-01
1.200000000000000000e+02 4.135966300964355469e-02 1.788017905798739230e+05 9.102634634030246641e-01
1.210000000000000000e+02 4.786133766174316406e-02 1.359776078231302090e+05 -4.615623540929825186e-01
1.220000000000000000e+02 1.427392959594726562e-01 1.533301696527892491e+05 9.862916855676899519e-02
1.230000000000000000e+02 8.193278312683105469e-02 1.643616288688546920e+05 4.535392571202668810e-01
1.240000000000000000e+02 7.218122482299804688e-02 1.857133062062802783e+05 1.143425961815144332e+00
1.250000000000000000e+02 4.244518280029296875e-02 1.705622619456441898e+05 6.182264169713761470e-01
1.260000000000000000e+02 4.291510581970214844e-02 1.709381303946030966e+05 6.202522120545116424e-01
1.270000000000000000e+02 4.564809799194335938e-02 1.659213474639589549e+05 4.444433076550521888e-01
1.280000000000000000e+02 4.661297798156738281e-02 1.914950042800710944e+05 1.291276476558112396e+00
1.290000000000000000e+02 4.278016090393066406e-02 2.453789256691199553e+05 3.036926511707763066e+00
1.290000000000000000e+02 8.464813232421875000e-02 1.491718206901590165e+05 0.000000000000000000e+00
1.300000000000000000e+02 4.144430160522460938e-02 1.517461060577520693e+05 0.000000000000000000e+00
1.310000000000000000e+02 5.490057468414306641e-01 2.720160656853434048e+05 6.677880582146636357e+01
1.310000000000000000e+02 3.392696380615234375e-04 3.194609718802639691e+04 0.000000000000000000e+00
1.320000000000000000e+02 6.662430763244628906e-01 2.436627699417941913e+05 8.665324167940676503e+00
1.320000000000000000e+02 3.869533538818359375e-04 4.199268900855162065e+04 0.000000000000000000e+00
1.330000000000000000e+02 5.137133598327636719e-01 2.719439888303174521e+05 7.037104284388166597e+00
1.330000000000000000e+02 3.395080566406250000e-04 3.750189036539533845e+04 0.000000000000000000e+00
1.340000000000000000e+02 4.029393196105957031e-02 1.672829294109548500e+05 4.186995989868994350e+00
1.340000000000000000e+02 8.166360855102539062e-02 1.694962506399745471e+05 0.000000000000000000e+00
1.350000000000000000e+02 3.972625732421875000e-02 1.270552619327283173e+05 0.000000000000000000e+00
1.360000000000000000e+02 3.986263275146484375e-02 1.292843718335172161e+05 -6.328286470115634943e-01
1.370000000000000000e+02 5.452632904052734375e-02 1.202079515515161766e+05 -9.100512427157471107e-01
1.380000000000000000e+02 8.110499382019042969e-02 8.368546829867875203e+04 -2.366017933089360259e+00
1.390000000000000000e+02 8.172130584716796875e-02 2.739438128097205190e+05 4.847913908845739250e+00
1.390000000000000000e+02 1.236009597778320312e-01 2.722319317747986643e+05 0.000000000000000000e+00
1.400000000000000000e+02 4.126024246215820312e-02 1.192403391525736515e+05 0.000000000000000000e+00
1.410000000000000000e+02 4.214072227478027344e-02 2.768595436789129162e+05 7.498831939555642423e-01
1.420000000000000000e+02 4.294347763061523438e-02 1.229515744384824939e+05 -1.112940325369917716e+00
1.430000000000000000e+02 5.902791023254394531e-02 1.163662395838325319e+05 -9.190683711929480415e-01
1.440000000000000000e+02 6.589698791503906250e-02 1.115376350168891513e+05 -8.238334537069744723e-01
1.450000000000000000e+02 4.063415527343750000e-02 1.172666237993892137e+05 -6.478800258327493955e-01
1.460000000000000000e+02 4.039716720581054688e-02 1.259358471927761857e+05 -4.745749558991916861e-01
1.470000000000000000e+02 1.276059150695800781e-01 1.249450696427517978e+05 -4.550587143137788670e-01
1.480000000000000000e+02 8.305811882019042969e-02 1.084995864423738531e+05 -6.672248674762676357e-01
1.490000000000000000e+02 6.408762931823730469e-02 1.328559885178271215e+05 -2.530682225482864256e-01
1.500000000000000000e+02 4.365253448486328125e-02 1.169421078510894295e+05 -4.946922518584042638e-01
1.510000000000000000e+02 4.185557365417480469e-02 1.635362724445594358e+05 2.978852337951045648e-01
1.520000000000000000e+02 4.155230522155761719e-02 1.407757365372803179e+05 -1.043746366848921220e-01
1.530000000000000000e+02 4.117918014526367188e-02 1.304006558810785064e+05 -2.860331523930683684e-01
1.540000000000000000e+02 4.633426666259765625e-02 1.370200726715059427e+05 -1.539710783874245204e-01
1.550000000000000000e+02 7.287859916687011719e-02 1.366366599990230170e+05 -1.566201798753898700e-01
1.560000000000000000e+02 8.209514617919921875e-02 1.574561493577493238e+05 2.583204943345683846e-01
1.570000000000000000e+02 6.748580932617187500e-02 1.548794950145488256e+05 1.987261498275254279e-01
1.580000000000000000e+02 4.180693626403808594e-02 1.448093048034377280e+05 -1.641457168069356681e-02
1.590000000000000000e+02 4.577994346618652344e-02 1.585122470633383491e+05 2.774609387110824610e-01
1.600000000000000000e+02 4.229974746704101562e-02 1.314848365859731566e+05 -3.221615361270861455e-01
1.610000000000000000e+02 4.192757606506347656e-02 1.357189081533642020e+05 -2.194162732114401659e-01
1.620000000000000000e+02 4.206395149230957031e-02 1.471893111583542195e+05 4.832295020894515625e-02
1.630000000000000000e+02 4.101443290710449219e-02 1.661612256194358051e+05 4.919369883906188345e-01
1.640000000000000000e+02 4.202294349670410156e-02 2.183701866074456193e+05 1.723516512994739180e+00
1.650000000000000000e+02 4.117941856384277344e-02 1.639176360770966858e+05 3.475979464702909638e-01
1.660000000000000000e+02 4.079437255859375000e-02 1.700459656855242210e+05 4.838475556576152803e-01
1.670000000000000000e+02 4.087972640991210938e-02 1.965074282780707290e+05 1.101165473980233234e+00
1.680000000000000000e+02 4.106521606445312500e-02 2.176938410877522256e+05 1.561059541903102366e+00
1.690000000000000000e+02 4.159832000732421875e-02 2.030130374436824932e+05 1.135560705707628459e+00
1.700000000000000000e+02 4.148387908935546875e-02 3.414146959300456219e+05 4.280768924392100772e+00
1.700000000000000000e+02 8.417654037475585938e-02 2.664465745940664783e+05 0.000000000000000000e+00
1.710000000000000000e+02 4.089760780334472656e-02 1.499153411853945872e+05 0.000000000000000000e+00
1.720000000000000000e+02 4.176664352416992188e-02 1.346112346947729820e+05 -8.928361717194426284e-01
1.730000000000000000e+02 4.197525978088378906e-02 2.390830160726836475e+05 7.686808175994569448e-01
1.740000000000000000e+02 4.113364219665527344e-02 2.611535927880697127e+05 9.780260684390500447e-01
1.750000000000000000e+02 4.117107391357421875e-02 2.557136338527119951e+05 7.202755918598577889e-01
1.760000000000000000e+02 4.823875427246093750e-02 2.950768602129995706e+05 1.299751940672264405e+00
1.770000000000000000e+02 5.486035346984863281e-02 2.761132631808894803e+05 7.669142595305967758e-01
1.780000000000000000e+02 8.858871459960937500e-02 2.364576623406188737e+05 2.848860488241521799e-02
1.790000000000000000e+02 4.403901100158691406e-02 2.661661016899027745e+05 5.613225460280698575e-01
1.800000000000000000e+02 4.241609573364257812e-02 2.120081704349389474e+05 -4.885915350538192481e-01
1.810000000000000000e+02 4.157924652099609375e-02 4.862894237229026621e+05 4.892594651666698269e+00
1.810000000000000000e+02 8.295488357543945312e-02 3.628893592176783714e+05 0.000000000000000000e+00
1.820000000000000000e+02 4.784059524536132812e-02 3.486842430449716048e+05 0.000000000000000000e+00
1.830000000000000000e+02 4.127454757690429688e-02 3.391645767290185322e+05 -1.654852723536122117e+00
1.840000000000000000e+02 4.139494895935058594e-02 3.104032230433733203e+05 -3.337129568901259891e+00
1.850000000000000000e+02 4.133677482604980469e-02 2.876131667896432336e+05 -2.374902662227084349e+00
1.860000000000000000e+02 4.151272773742675781e-02 3.279026791542081046e+05 -6.080930414062386130e-02
1.870000000000000000e+02 4.237174987792968750e-02 3.538440916618385818e+05 8.972474018522070827e-01
1.880000000000000000e+02 4.172158241271972656e-02 4.366904327898031333e+05 3.917918853046548300e+00
1.880000000000000000e+02 8.285975456237792969e-02 2.799101639917407301e+05 0.000000000000000000e+00
1.890000000000000000e+02 4.155135154724121094e-02 3.292518075953876833e+05 0.000000000000000000e+00
1.900000000000000000e+02 4.348778724670410156e-02 3.449563964811571641e+05 1.157226415873937819e+00
1.910000000000000000e+02 5.176925659179687500e-02 3.280014868004042655e+05 2.935039604562139082e-01
1.920000000000000000e+02 8.477091789245605469e-02 2.865328366792067536e+05 -1.207396976316559289e+00
1.930000000000000000e+02 8.499217033386230469e-02 3.117826637405243819e+05 -6.778387553736973936e-02
1.940000000000000000e+02 8.688473701477050781e-02 4.265295160217635566e+05 4.399121574213910257e+00
1.940000000000000000e+02 1.633579730987548828e-01 2.060261735807387158e+05 0.000000000000000000e+00
1.950000000000000000e+02 4.269361495971679688e-02 2.562768642892199277e+05 0.000000000000000000e+00
1.960000000000000000e+02 4.311370849609375000e-02 1.872163900019844878e+05 -1.236473654901724784e+00
1.970000000000000000e+02 4.363179206848144531e-02 1.988172360710403300e+05 -4.954532164775561354e-01
1.980000000000000000e+02 4.265308380126953125e-02 2.073435120431509567e+05 -1.556164715709141277e-01
1.990000000000000000e+02 4.863095283508300781e-02 2.975350913839382119e+05 3.264358942233979377e+00
1.990000000000000000e+02 1.061077117919921875e-01 1.839425383367249160e+05 0.000000000000000000e+00
2.000000000000000000e+02 4.337358474731445312e-02 2.843094059831231716e+05 0.000000000000000000e+00
2.010000000000000000e+02 4.495549201965332031e-02 3.468019810251905001e+05 1.587654807089610820e+00
2.020000000000000000e+02 8.050012588500976562e-02 3.519534977946474100e+05 9.769769404370184374e-01
2.030000000000000000e+02 9.124016761779785156e-02 3.615854557379178004e+05 8.933227043898021025e-01
2.040000000000000000e+02 7.011413574218750000e-02 4.232654713296939153e+05 1.576625926434906066e+00
2.050000000000000000e+02 4.254579544067382812e-02 4.243780453821459087e+05 1.205843129305381289e+00
2.060000000000000000e+02 4.185700416564941406e-02 4.177594313619317836e+05 9.340381486403448452e-01
2.070000000000000000e+02 4.212784767150878906e-02 4.116096699501886033e+05 7.568220233020839238e-01
2.080000000000000000e+02 4.214930534362792969e-02 3.650793248768007616e+05 1.114992595330526193e-01
2.090000000000000000e+02 5.666947364807128906e-02 3.727529707573167980e+05 2.082473195968752022e-01
2.100000000000000000e+02 8.642029762268066406e-02 3.483600737940233666e+05 -1.415243535699612920e-01
2.110000000000000000e+02 7.917451858520507812e-02 3.515108601978890947e+05 -8.983211746204050607e-02
2.120000000000000000e+02 5.407786369323730469e-02 3.101982896674227086e+05 -7.177786850566255650e-01
2.130000000000000000e+02 4.207849502563476562e-02 2.884207020031680004e+05 -1.019910346907986654e+00
2.140000000000000000e+02 4.226183891296386719e-02 2.545395393257387623e+05 -1.481824228340445693e+00
2.150000000000000000e+02 4.194784164428710938e-02 2.452579254224282049e+05 -1.482679428640840458e+00
2.160000000000000000e+02 4.879307746887207031e-02 2.172134193448051519e+05 -1.760718421921094734e+00
2.170000000000000000e+02 9.775161743164062500e-02 3.480293584319762886e+05 2.350260301172889532e-01
2.180000000000000000e+02 4.740524291992187500e-02 3.243225773045729729e+05 -1.084241000499115842e-01
2.190000000000000000e+02 4.952716827392578125e-02 3.646866588829420507e+05 4.838581702992068578e-01
2.200000000000000000e+02 4.210972785949707031e-02 4.895373339851075434e+05 2.330391962396789030e+00
2.210000000000000000e+02 4.200410842895507812e-02 4.541531742244490888e+05 1.549837700461724976e+00
2.220000000000000000e+02 4.646658897399902344e-02 3.839939388168939040e+05 5.129085435730111886e-01
2.230000000000000000e+02 4.248857498168945312e-02 3.276044414180131280e+05 -2.582991768725562132e-01
2.240000000000000000e+02 4.297590255737304688e-02 3.065813101821403252e+05 -5.412338155797971062e-01
2.250000000000000000e+02 4.221177101135253906e-02 2.885566123898262158e+05 -7.788567510545246764e-01
2.260000000000000000e+02 7.258582115173339844e-02 2.952158030946230283e+05 -6.626742333988249190e-01
2.270000000000000000e+02 5.883860588073730469e-02 2.722563290476682596e+05 -9.714823783283175196e-01
2.280000000000000000e+02 4.305505752563476562e-02 2.491722694620819821e+05 -1.267301175943363667e+00
2.290000000000000000e+02 6.790089607238769531e-02 3.114689175986541668e+05 -3.371564667410328342e-01
2.300000000000000000e+02 7.817268371582031250e-02 3.294853795761195361e+05 -7.392793064041498774e-02
2.310000000000000000e+02 1.375491619110107422e-01 4.410794920740320231e+05 1.547141643538042288e+00
2.320000000000000000e+02 4.581904411315917969e-02 6.768171397580205230e+05 4.823737197442379276e+00
2.320000000000000000e+02 9.069252014160156250e-02 2.715916363991903490e+05 0.000000000000000000e+00
2.330000000000000000e+02 5.691504478454589844e-02 2.068048692482691840e+05 0.000000000000000000e+00
2.340000000000000000e+02 6.459593772888183594e-02 2.808784536408018903e+05 9.098263097559028401e-01
2.350000000000000000e+02 4.315114021301269531e-02 2.665803913421708858e+05 3.342637735602751459e-01
2.360000000000000000e+02 4.387378692626953125e-02 3.108226521897632047e+05 1.616295095712656282e+00
2.370000000000000000e+02 4.249048233032226562e-02 3.323806490715568652e+05 1.714506365264589327e+00
2.380000000000000000e+02 4.445433616638183594e-02 4.034666484500203514e+05 2.907771380752570245e+00
2.390000000000000000e+02 4.226493835449218750e-02 4.131520213423297391e+05 1.901826213307066693e+00
2.400000000000000000e+02 4.505467414855957031e-02 3.619045351214254042e+05 7.267962824374165631e-01
2.410000000000000000e+02 6.383421421051025391e-01 1.005448386700794101e+06 1.012360753614098563e+01
2.410000000000000000e+02 3.952980041503906250e-04 3.466331127472552907e+04 0.000000000000000000e+00
2.420000000000000000e+02 5.604560375213623047e-01 9.143891679536729353e+05 3.518445094754081026e+01
2.420000000000000000e+02 3.302097320556640625e-04 4.394124071385026036e+04 0.000000000000000000e+00
2.430000000000000000e+02 4.456701278686523438e-01 8.424762838289949577e+05 2.499310262704864272e+01
2.430000000000000000e+02 3.268718719482421875e-04 4.498420604983477824e+04 0.000000000000000000e+00
2.440000000000000000e+02 4.357838630676269531e-01 7.961131951708617853e+05 2.290688792463867784e+01
2.440000000000000000e+02 3.263950347900390625e-04 5.501456587754721841e+04 0.000000000000000000e+00
2.450000000000000000e+02 3.989005088806152344e-02 2.082704006501632975e+05 3.232513146573334772e+00
2.450000000000000000e+02 7.945704460144042969e-02 2.050385669374681311e+05 0.000000000000000000e+00
2.460000000000000000e+02 4.018712043762207031e-02 1.737810762426639558e+05 0.000000000000000000e+00
2.470000000000000000e+02 3.981566429138183594e-02 1.558563704916330462e+05 -1.518091969414362197e+00
2.480000000000000000e+02 4.222965240478515625e-02 2.370756556448060437e+05 2.364371091582210482e+00
2.490000000000000000e+02 4.006958007812500000e-02 1.961966327058438910e+05 9.112431698631623389e-02
2.500000000000000000e+02 4.439139366149902344e-02 3.154329355903517571e+05 3.929872771904028728e+00
2.500000000000000000e+02 8.430528640747070312e-02 3.203000282633081079e+05 0.000000000000000000e+00
2.510000000000000000e+02 4.021596908569335938e-02 1.530828776615199458e+05 0.000000000000000000e+00
2.520000000000000000e+02 4.765629768371582031e-02 1.588983886335123971e+05 -6.579229835968681828e-01
2.530000000000000000e+02 6.489038467407226562e-02 1.846941173721883970e+05 -2.746464148238366154e-01
2.540000000000000000e+02 4.086732864379882812e-02 1.578685568642994040e+05 -5.901597254879026311e-01
2.550000000000000000e+02 4.214310646057128906e-02 2.135339356190929248e+05 2.609545557709429531e-01
2.560000000000000000e+02 4.029393196105957031e-02 2.076590884314882569e+05 1.497468083184527732e-01
2.570000000000000000e+02 4.266333580017089844e-02 2.163402425388905394e+05 2.884502262157598862e-01
2.580000000000000000e+02 4.052591323852539062e-02 2.191826962449619023e+05 3.230452206497067547e-01
2.590000000000000000e+02 4.070901870727539062e-02 2.221897804796822020e+05 3.634638501036268066e-01
2.600000000000000000e+02 4.147934913635253906e-02 2.779131064270042116e+05 1.485767847013460097e+00
2.610000000000000000e+02 4.108691215515136719e-02 2.209903543659507413e+05 1.761199664719211300e-01
2.620000000000000000e+02 4.264235496520996094e-02 1.994715022575261828e+05 -2.709168255652975033e-01
2.630000000000000000e+02 4.090547561645507812e-02 2.355342336872078886e+05 5.074122125181815823e-01
2.640000000000000000e+02 4.026842117309570312e-02 2.212931434454692644e+05 1.731051838373097451e-01
2.650000000000000000e+02 4.064583778381347656e-02 2.260765814224179776e+05 2.762908571361646914e-01
2.660000000000000000e+02 4.093861579895019531e-02 2.685848082503620535e+05 1.265739738538243397e+00
2.670000000000000000e+02 4.320359230041503906e-02 2.796361662848514388e+05 1.428335003238890399e+00
2.680000000000000000e+02 4.080581665039062500e-02 2.866560772884013713e+05 1.471705746377265811e+00
2.690000000000000000e+02 4.087805747985839844e-02 2.848876880619206349e+05 1.316509275095981701e+00
2.700000000000000000e+02 4.085445404052734375e-02 2.546203740287537512e+05 5.785232303264299381e-01
2.710000000000000000e+02 4.095673561096191406e-02 2.554253425388111791e+05 5.782322549611549345e-01
2.720000000000000000e+02 4.165267944335937500e-02 2.728595392702386016e+05 9.492385448757179045e-01
2.730000000000000000e+02 4.123806953430175781e-02 2.617065125261128123e+05 6.617602492029409644e-01
2.740000000000000000e+02 4.098796844482421875e-02 2.685169520161002874e+05 7.963896594927404315e-01
2.750000000000000000e+02 4.095625877380371094e-02 2.771774140042102663e+05 9.683508302287980873e-01
2.760000000000000000e+02 4.081678390502929688e-02 2.964859477115802001e+05 1.374161132079694037e+00
2.770000000000000000e+02 4.279112815856933594e-02 2.413440974809277977e+05 6.225305804486469530e-02
2.780000000000000000e+02 4.106140136718750000e-02 1.871622908265810111e+05 -1.181030322286935830e+00
2.790000000000000000e+02 4.086112976074218750e-02 2.454742734979511297e+05 1.953785265351710432e-01
2.800000000000000000e+02 9.750509262084960938e-02 2.579771706376192160e+05 4.818233707873953997e-01
2.810000000000000000e+02 7.950305938720703125e-02 2.654884649294610135e+05 6.487853614559927484e-01
2.820000000000000000e+02 9.640574455261230469e-02 2.688094225666475832e+05 7.133312562050005967e-01
2.830000000000000000e+02 4.227614402770996094e-02 2.798429149541016668e+05 9.609207028413579987e-01
2.840000000000000000e+02 4.202699661254882812e-02 2.934492752179871313e+05 1.259788706461607788e+00
2.850000000000000000e+02 4.312443733215332031e-02 3.087869842850049026e+05 1.578369395236422834e+00
2.860000000000000000e+02 8.145189285278320312e-02 4.250543046842529438e+05 4.210719143525906816e+00
2.860000000000000000e+02 1.225237846374511719e-01 1.945730109543814033e+05 0.000000000000000000e+00
2.870000000000000000e+02 4.170155525207519531e-02 1.458129936894533166e+05 0.000000000000000000e+00
2.880000000000000000e+02 4.175114631652832031e-02 1.566513014916871034e+05 -3.927573870135887546e-01
2.890000000000000000e+02 4.145741462707519531e-02 1.707464728318447305e+05 1.979214154379084489e-01
2.900000000000000000e+02 4.295635223388671875e-02 1.642267222920273780e+05 -1.291319820536792895e-01
2.910000000000000000e+02 4.116559028625488281e-02 1.896499131695957331e+05 1.271970694282129388e+00
2.920000000000000000e+02 4.141402244567871094e-02 2.623424180540890666e+05 4.870478293398544878e+00
2.920000000000000000e+02 8.547496795654296875e-02 1.555795836569792300e+05 0.000000000000000000e+00
2.930000000000000000e+02 4.401946067810058594e-02 1.735036004226226651e+05 0.000000000000000000e+00
2.940000000000000000e+02 4.129791259765625000e-02 1.885882022717680375e+05 1.897289138020213928e+00
2.950000000000000000e+02 4.151272773742675781e-02 2.141907988037291216e+05 2.519488651870638307e+00
2.960000000000000000e+02 4.135847091674804688e-02 1.761321636690109153e+05 -2.754627450335679351e-01
2.970000000000000000e+02 4.410243034362792969e-02 2.832926881647921400e+05 4.686418109516022668e+00
2.970000000000000000e+02 8.581900596618652344e-02 1.740242705025457253e+05 0.000000000000000000e+00
2.980000000000000000e+02 7.733154296875000000e-02 2.601765340775754303e+05 0.000000000000000000e+00
2.990000000000000000e+02 4.431939125061035156e-02 2.753690192240682081e+05 9.564956846088040754e-01
