1.916541505042400956e+07
1.000000000000000000e+00 1.174416542053222656e-01 1.431327118419735925e+05 0.000000000000000000e+00
2.000000000000000000e+00 1.210978031158447266e-01 1.451524379037569161e+05 7.398404093098458478e-01
3.000000000000000000e+00 1.180872917175292969e-01 8.249837234597951465e+04 -6.321270252244166610e-01
4.000000000000000000e+00 1.211540699005126953e-01 1.260379652755329444e+05 4.341162058484338560e-01
5.000000000000000000e+00 1.244966983795166016e-01 1.022701671315917483e+05 -2.087625784129215623e-01
6.000000000000000000e+00 1.210780143737792969e-01 1.075174130691319151e+05 -4.617879440751250508e-02
7.000000000000000000e+00 1.880588531494140625e-01 1.188465618608293153e+05 3.053175093071427426e-01
8.000000000000000000e+00 2.183403968811035156e-01 1.026754351987312257e+05 -2.473304045670952356e-01
9.000000000000000000e+00 1.181592941284179688e-01 1.153308757202167471e+05 2.108692848710808365e-01
1.000000000000000000e+01 1.213519573211669922e-01 1.043607594524856395e+05 -2.073171400240003959e-01
1.100000000000000000e+01 1.265790462493896484e-01 9.256515386993302673e+04 -6.597911472781865516e-01
1.200000000000000000e+01 1.216673851013183594e-01 1.229495853249726788e+05 6.007596143929793131e-01
1.300000000000000000e+01 1.184980869293212891e-01 1.104741075112092221e+05 5.400312574815421818e-02
1.400000000000000000e+01 1.627388000488281250e-01 1.189426915855790721e+05 4.171614750806041938e-01
1.500000000000000000e+01 1.539638042449951172e-01 9.608478841575040133e+04 -6.144287691263670137e-01
1.600000000000000000e+01 1.250307559967041016e-01 1.264281236601882847e+05 7.898554511225078789e-01
1.700000000000000000e+01 1.187348365783691406e-01 1.574177439468466328e+05 2.179766320483916608e+00
1.800000000000000000e+01 1.220879554748535156e-01 1.448471682769824110e+05 1.348152213079456319e+00
1.900000000000000000e+01 1.266410350799560547e-01 2.152004900877841283e+05 4.145083687270202155e+00
1.900000000000000000e+01 3.531489372253417969e-01 2.027379485273557075e+05 0.000000000000000000e+00
2.000000000000000000e+01 1.202478408813476562e-01 2.823984160362800467e+05 0.000000000000000000e+00
2.100000000000000000e+01 1.991794109344482422e-01 1.859140118532928755e+05 -1.005782399859012743e+00
2.200000000000000000e+01 1.196537017822265625e-01 2.321042297639867465e+05 1.633840076007528619e-01
2.300000000000000000e+01 1.277275085449218750e-01 1.833630123549780983e+05 -1.003156740955837734e+00
2.400000000000000000e+01 1.203069686889648438e-01 1.438528962110930006e+05 -1.780677306446803998e+00
2.500000000000000000e+01 1.263945102691650391e-01 1.365363820540357556e+05 -1.441336738282110730e+00
2.600000000000000000e+01 1.198410987854003906e-01 1.455638945788345591e+05 -9.835220984801663624e-01
2.700000000000000000e+01 1.293025016784667969e-01 1.385836139880694391e+05 -1.009832842047499568e+00
2.800000000000000000e+01 1.220200061798095703e-01 1.378480548811732151e+05 -9.177264541144406484e-01
2.900000000000000000e+01 2.676067352294921875e-01 1.006026561899703665e+05 -1.597117753434055043e+00
3.000000000000000000e+01 1.211047172546386719e-01 1.545372474323723582e+05 -3.305042790652468199e-01
3.100000000000000000e+01 1.237154006958007812e-01 2.292461306231216877e+05 1.178849762485111974e+00
3.200000000000000000e+01 1.334235668182373047e-01 1.986866967110827391e+05 4.711168973474921251e-01
3.300000000000000000e+01 1.239278316497802734e-01 1.591085662096046435e+05 -3.564278313299956147e-01
3.400000000000000000e+01 1.286530494689941406e-01 1.401207674996410205e+05 -7.440615400645544941e-01
3.500000000000000000e+01 1.248221397399902344e-01 1.352960241772030713e+05 -8.124298891482879537e-01
3.600000000000000000e+01 1.668620109558105469e-01 1.155560012102013861e+05 -1.202056298527205414e+00
3.700000000000000000e+01 1.543731689453125000e-01 1.223999472349955176e+05 -9.763994747991964207e-01
3.800000000000000000e+01 1.210553646087646484e-01 1.442991718116193661e+05 -4.562142063573116912e-01
3.900000000000000000e+01 1.297352313995361328e-01 1.721057147352726024e+05 1.686201021112912202e-01
4.000000000000000000e+01 1.363790035247802734e-01 1.387814224684826622e+05 -5.866680179964469666e-01
4.100000000000000000e+01 1.949977874755859375e-01 1.547776539907171973e+05 -2.026237996026021837e-01
4.200000000000000000e+01 1.236088275909423828e-01 1.771979214816837630e+05 3.271659251182180150e-01
4.300000000000000000e+01 1.321794986724853516e-01 1.952069129028049065e+05 7.503074493724288807e-01
4.400000000000000000e+01 1.990933418273925781e-01 1.768399410006840189e+05 2.839988490726475523e-01
4.500000000000000000e+01 1.227774620056152344e-01 1.805739500781392562e+05 3.700893248711130123e-01
4.600000000000000000e+01 1.509342193603515625e-01 1.545434039405163494e+05 -2.886552207975553452e-01
4.700000000000000000e+01 1.226108074188232422e-01 1.566071024333260721e+05 -2.306865513871669271e-01
4.800000000000000000e+01 1.252391338348388672e-01 1.414199018649776408e+05 -6.198624013453838399e-01
4.900000000000000000e+01 1.395704746246337891e-01 1.774609847096766462e+05 3.377313550912809936e-01
5.000000000000000000e+01 1.244442462921142578e-01 1.956531264157511469e+05 8.152747155751285391e-01
5.100000000000000000e+01 2.449529170989990234e-01 1.953153089324438770e+05 7.853430732939834513e-01
5.200000000000000000e+01 1.235091686248779297e-01 1.683667493558340066e+05 4.146136418261660989e-02
5.300000000000000000e+01 1.246635913848876953e-01 1.621211819108409109e+05 -1.297403129009883360e-01
5.400000000000000000e+01 1.224360466003417969e-01 1.933744421774775547e+05 7.384468669627135551e-01
5.500000000000000000e+01 1.250317096710205078e-01 1.672661200346021797e+05 -5.830512208065826221e-03
5.600000000000000000e+01 1.250057220458984375e-01 1.303007629437019204e+05 -1.052018429389806942e+00
5.700000000000000000e+01 1.263413429260253906e-01 1.321249563595021318e+05 -9.716832274364864963e-01
5.800000000000000000e+01 1.228611469268798828e-01 1.816040549884065113e+05 4.526952743790774725e-01
5.900000000000000000e+01 1.971008777618408203e-01 2.554414098113225482e+05 2.557653654358601703e+00
6.000000000000000000e+01 1.316754817962646484e-01 2.037605371139091731e+05 9.550260824417247107e-01
6.100000000000000000e+01 1.264555454254150391e-01 1.809849631672784744e+05 3.211999786085557029e-01
6.200000000000000000e+01 2.184965610504150391e-01 2.002420568774501444e+05 8.405164874408528330e-01
6.300000000000000000e+01 1.277067661285400391e-01 1.885639538648225716e+05 5.058484754847295539e-01
6.400000000000000000e+01 1.287147998809814453e-01 2.042208184248710750e+05 9.296276293623765286e-01
6.500000000000000000e+01 1.330893039703369141e-01 2.449237985219085240e+05 2.032732096800316857e+00
6.600000000000000000e+01 1.674239635467529297e-01 2.257827231168019935e+05 1.415869156737604939e+00
6.700000000000000000e+01 1.496410369873046875e-01 2.436253392795760010e+05 1.843806020108900601e+00
6.800000000000000000e+01 1.267809867858886719e-01 2.570534975861438434e+05 2.110345806722024875e+00
6.900000000000000000e+01 1.238069534301757812e-01 2.163156912282637204e+05 9.837990170142703050e-01
7.000000000000000000e+01 1.274654865264892578e-01 2.293736193310095114e+05 1.291088752206751566e+00
7.100000000000000000e+01 1.348011493682861328e-01 2.238835858682270627e+05 1.122198328604539164e+00
7.200000000000000000e+01 1.263406276702880859e-01 2.291369601720872452e+05 1.228624847444990786e+00
7.300000000000000000e+01 2.469525337219238281e-01 1.939252948322891898e+05 3.324444315972569508e-01
7.400000000000000000e+01 1.692323684692382812e-01 2.110386233047803689e+05 7.545069144946742190e-01
7.500000000000000000e+01 1.267890930175781250e-01 2.019866335794516490e+05 5.181128674467530004e-01
7.600000000000000000e+01 1.400444507598876953e-01 2.031093223194293678e+05 5.406075154970333418e-01
7.700000000000000000e+01 1.273891925811767578e-01 2.321842582423180575e+05 1.269685628249304976e+00
7.800000000000000000e+01 1.244421005249023438e-01 2.576747538464961690e+05 1.883123254499299737e+00
7.900000000000000000e+01 1.271793842315673828e-01 2.798184782161447802e+05 2.359536095286754342e+00
8.000000000000000000e+01 1.249856948852539062e-01 3.246073474937416031e+05 3.303472650312735404e+00
8.000000000000000000e+01 2.526104450225830078e-01 1.482138110473949928e+05 0.000000000000000000e+00
8.100000000000000000e+01 1.263785362243652344e-01 1.415934812746936514e+05 0.000000000000000000e+00
8.200000000000000000e+01 5.910482406616210938e-01 2.227117191687015584e+05 1.662111041103708686e+01
8.200000000000000000e+01 3.292560577392578125e-04 3.081307725401968128e+04 0.000000000000000000e+00
8.300000000000000000e+01 5.369312763214111328e-01 3.388703557590614073e+05 1.343165572078791570e+01
8.300000000000000000e+01 3.225803375244140625e-04 4.258932957934941078e+04 0.000000000000000000e+00
8.400000000000000000e+01 5.290467739105224609e-01 3.272366581277436926e+05 8.744840842839863626e+00
8.400000000000000000e+01 3.356933593750000000e-04 4.446364533504064457e+04 0.000000000000000000e+00
8.500000000000000000e+01 6.758410930633544922e-01 3.480687829601013218e+05 8.949377746795718735e+00
8.500000000000000000e+01 3.242492675781250000e-04 4.150456669469347253e+04 0.000000000000000000e+00
8.600000000000000000e+01 5.261695384979248047e-01 3.236561290079901228e+05 8.906836884420691547e+00
8.600000000000000000e+01 3.232955932617187500e-04 4.585299957724525302e+04 0.000000000000000000e+00
8.700000000000000000e+01 1.186399459838867188e-01 1.800032274316387775e+05 3.430399453438770507e+00
8.700000000000000000e+01 3.099317550659179688e-01 1.786894997486909269e+05 0.000000000000000000e+00
8.800000000000000000e+01 1.185510158538818359e-01 1.398676281190467998e+05 0.000000000000000000e+00
8.900000000000000000e+01 2.037351131439208984e-01 1.571143824076090532e+05 -7.883738566424146332e-02
9.000000000000000000e+01 1.201341152191162109e-01 2.402277408037783462e+05 4.198761576106631033e+00
9.000000000000000000e+01 2.421145439147949219e-01 2.372403013436616748e+05 0.000000000000000000e+00
9.100000000000000000e+01 1.241223812103271484e-01 1.618041841459654679e+05 0.000000000000000000e+00
9.200000000000000000e+01 1.224737167358398438e-01 1.607776614469181222e+05 -7.263511746814040881e-01
9.300000000000000000e+01 1.196482181549072266e-01 1.955293937572544382e+05 2.034554976620006339e-01
9.400000000000000000e+01 1.984686851501464844e-01 1.398448387496835494e+05 -1.357819021874435705e+00
9.500000000000000000e+01 1.339597702026367188e-01 1.648602167455599701e+05 -3.715278223095169197e-01
9.600000000000000000e+01 1.227786540985107422e-01 1.418345591086343629e+05 -1.006328815092812912e+00
9.700000000000000000e+01 1.203761100769042969e-01 1.606610017084463034e+05 -3.223681337946197045e-01
9.800000000000000000e+01 1.457591056823730469e-01 1.425568096208375355e+05 -8.692273130942812509e-01
9.900000000000000000e+01 2.127945423126220703e-01 1.197287289379236026e+05 -1.518888897016534179e+00
1.000000000000000000e+02 1.212797164916992188e-01 1.391669022044658777e+05 -7.045659489177211743e-01
1.010000000000000000e+02 1.981296539306640625e-01 1.347893089203094132e+05 -7.949088728179287688e-01
1.020000000000000000e+02 1.206018924713134766e-01 1.249552075697733526e+05 -1.054696985952120025e+00
1.030000000000000000e+02 1.230878829956054688e-01 1.274295724937315972e+05 -8.941456513609815637e-01
1.040000000000000000e+02 1.209857463836669922e-01 1.521276553307739960e+05 -4.885965772268635599e-02
1.050000000000000000e+02 1.227433681488037109e-01 1.053156465373581595e+05 -1.600598398829198077e+00
1.060000000000000000e+02 1.210668087005615234e-01 1.508685259358375624e+05 1.046037564356271446e-02
1.070000000000000000e+02 1.230347156524658203e-01 1.467958384443633549e+05 -1.233028167513193635e-01
1.080000000000000000e+02 1.236073970794677734e-01 1.490567095717192569e+05 -4.364313859016161201e-02
1.090000000000000000e+02 1.716170310974121094e-01 1.511879807669417933e+05 3.150351467945829154e-02
1.100000000000000000e+02 2.522013187408447266e-01 1.373972604053027462e+05 -4.614952517451064162e-01
1.110000000000000000e+02 1.219749450683593750e-01 1.740922418104820244e+05 8.881430478807351703e-01
1.120000000000000000e+02 1.269919872283935547e-01 1.326287446493168536e+05 -6.665552666772603940e-01
1.130000000000000000e+02 1.217510700225830078e-01 1.645415080089165131e+05 5.389038189345863872e-01
1.140000000000000000e+02 1.243522167205810547e-01 1.620959784468816943e+05 4.324818162777696040e-01
1.150000000000000000e+02 1.240675449371337891e-01 1.561152692050287442e+05 1.928651223856360786e-01
1.160000000000000000e+02 1.406834125518798828e-01 1.611198404600317590e+05 3.850732610693673452e-01
1.170000000000000000e+02 1.882982254028320312e-01 1.589887648634984798e+05 2.922315262824489168e-01
1.180000000000000000e+02 1.385819911956787109e-01 1.395310368006975623e+05 -5.015031701872034731e-01
1.190000000000000000e+02 1.229624748229980469e-01 1.574864820676278323e+05 2.465020698631987250e-01
1.200000000000000000e+02 1.250560283660888672e-01 1.734586674935119227e+05 9.091068369463578547e-01
1.210000000000000000e+02 2.309763431549072266e-01 1.395712500075056450e+05 -5.368532498101973305e-01
1.220000000000000000e+02 1.228506565093994141e-01 1.562783076757268282e+05 1.819293968027446695e-01
1.230000000000000000e+02 1.450760364532470703e-01 1.680407974307497207e+05 6.854372471500670416e-01
1.240000000000000000e+02 1.917781829833984375e-01 1.910344720792230510e+05 1.668801921888736661e+00
1.250000000000000000e+02 1.306474208831787109e-01 1.733125630206394999e+05 8.313607160158145160e-01
1.260000000000000000e+02 1.228752136230468750e-01 1.711220140083411825e+05 7.188680088467287455e-01
1.270000000000000000e+02 1.250200271606445312e-01 1.663127209098505264e+05 4.982429488421827868e-01
1.280000000000000000e+02 1.234877109527587891e-01 1.893737155782083864e+05 1.488621106522405535e+00
1.290000000000000000e+02 1.258931159973144531e-01 2.387617039032875327e+05 3.535221551402330409e+00
1.290000000000000000e+02 2.490973472595214844e-01 1.477862598411739164e+05 0.000000000000000000e+00
1.300000000000000000e+02 1.301124095916748047e-01 1.523247511584942986e+05 0.000000000000000000e+00
1.310000000000000000e+02 6.481566429138183594e-01 2.704455696181763778e+05 3.751406569874182395e+01
1.310000000000000000e+02 3.309249877929687500e-04 3.111025947602730230e+04 0.000000000000000000e+00
1.320000000000000000e+02 5.943191051483154297e-01 2.442397136235360813e+05 8.981355149799281179e+00
1.320000000000000000e+02 3.216266632080078125e-04 3.957737927109405427e+04 0.000000000000000000e+00
1.330000000000000000e+02 6.474397182464599609e-01 2.723718350789290853e+05 7.611308503302893769e+00
1.330000000000000000e+02 3.230571746826171875e-04 3.755477277612916805e+04 0.000000000000000000e+00
1.340000000000000000e+02 1.192669868469238281e-01 1.693663378489905153e+05 4.256568651357976130e+00
1.340000000000000000e+02 2.466502189636230469e-01 1.696291636720082024e+05 0.000000000000000000e+00
1.350000000000000000e+02 1.943941116333007812e-01 1.263854688646704017e+05 0.000000000000000000e+00
1.360000000000000000e+02 1.216638088226318359e-01 1.301493870181361272e+05 -5.840140592531222197e-01
1.370000000000000000e+02 1.198241710662841797e-01 1.210300115142261930e+05 -8.777006321536339195e-01
1.380000000000000000e+02 1.264028549194335938e-01 8.594297563851806626e+04 -2.290309867315639458e+00
1.390000000000000000e+02 1.206831932067871094e-01 2.747836556028657942e+05 4.974482568189357856e+00
1.390000000000000000e+02 2.420043945312500000e-01 2.719827187176403240e+05 0.000000000000000000e+00
1.400000000000000000e+02 1.208226680755615234e-01 1.195827899285526219e+05 0.000000000000000000e+00
1.410000000000000000e+02 2.673084735870361328e-01 2.766942739356162492e+05 7.508282273976717436e-01
1.420000000000000000e+02 1.328549385070800781e-01 1.239236087788002333e+05 -1.105733119896811445e+00
1.430000000000000000e+02 1.220941543579101562e-01 1.179535151046727115e+05 -9.087565961812278381e-01
1.440000000000000000e+02 1.237182617187500000e-01 1.228242559364800109e+05 -7.021839895129520226e-01
1.450000000000000000e+02 1.249706745147705078e-01 1.217140214250529098e+05 -6.370252222328454117e-01
1.460000000000000000e+02 1.236674785614013672e-01 1.213135834158825019e+05 -5.837140409420809029e-01
1.470000000000000000e+02 1.236059665679931641e-01 1.219701832016769040e+05 -5.291984932897400018e-01
1.480000000000000000e+02 1.266245841979980469e-01 1.106942158522796381e+05 -6.612071466392689389e-01
1.490000000000000000e+02 1.222262382507324219e-01 1.387744464471341926e+05 -1.854702331326287534e-01
1.500000000000000000e+02 2.069587707519531250e-01 1.195391546475139912e+05 -4.879070897284298880e-01
1.510000000000000000e+02 1.234138011932373047e-01 1.625331816036768723e+05 2.560020680700931250e-01
1.520000000000000000e+02 2.395114898681640625e-01 1.405443322225316078e+05 -1.374393679202090546e-01
1.530000000000000000e+02 1.234691143035888672e-01 1.301243513309889677e+05 -3.217901785960918803e-01
1.540000000000000000e+02 1.233983039855957031e-01 1.386549316944424936e+05 -1.505004344359908708e-01
1.550000000000000000e+02 1.378705501556396484e-01 1.338250968986720254e+05 -2.396459182105886709e-01
1.560000000000000000e+02 1.238920688629150391e-01 1.538452240369278588e+05 1.679284769973930502e-01
1.570000000000000000e+02 2.073452472686767578e-01 1.522089620965493086e+05 1.296354700198761589e-01
1.580000000000000000e+02 1.342072486877441406e-01 1.440288618391924247e+05 -4.700995936003374981e-02
1.590000000000000000e+02 1.252994537353515625e-01 1.603884598638065509e+05 3.102323111159820956e-01
1.600000000000000000e+02 1.223473548889160156e-01 1.354258315783732396e+05 -2.537520637795285805e-01
1.610000000000000000e+02 1.249656677246093750e-01 1.393777258061911562e+05 -1.577361741024391473e-01
1.620000000000000000e+02 1.480998992919921875e-01 1.487976383966169669e+05 6.531280634772927696e-02
1.630000000000000000e+02 1.285812854766845703e-01 1.707512273896991974e+05 5.873636705118479018e-01
1.640000000000000000e+02 1.305584907531738281e-01 2.009806180687967280e+05 1.302815818768201961e+00
1.650000000000000000e+02 1.453688144683837891e-01 1.605968989587038232e+05 2.728348313598537023e-01
1.660000000000000000e+02 1.227385997772216797e-01 1.686250236908716615e+05 4.627717401271078668e-01
1.670000000000000000e+02 1.243424415588378906e-01 1.986236449827733450e+05 1.193395769920249538e+00
1.680000000000000000e+02 1.223397254943847656e-01 2.199260333331617294e+05 1.666916376590986681e+00
1.690000000000000000e+02 1.235477924346923828e-01 2.048603662941904040e+05 1.207356883386450974e+00
1.700000000000000000e+02 1.227126121520996094e-01 3.414422491945608053e+05 4.393988480642721406e+00
1.700000000000000000e+02 2.462902069091796875e-01 2.656363935798120219e+05 0.000000000000000000e+00
1.710000000000000000e+02 1.263129711151123047e-01 1.465220008450174064e+05 0.000000000000000000e+00
1.720000000000000000e+02 1.334807872772216797e-01 1.322709726424697437e+05 -8.763054556630800462e-01
1.730000000000000000e+02 2.054860591888427734e-01 2.389505702558672056e+05 7.848210551064416229e-01
1.740000000000000000e+02 1.236517429351806641e-01 2.632989050996054430e+05 1.016777333570261455e+00
1.750000000000000000e+02 1.260967254638671875e-01 2.599218655765853764e+05 7.795548636227173089e-01
1.760000000000000000e+02 1.223700046539306641e-01 3.050428051631334820e+05 1.416705387442629416e+00
1.770000000000000000e+02 1.258976459503173828e-01 3.069919022822430707e+05 1.177290142136198092e+00
1.780000000000000000e+02 1.233177185058593750e-01 2.499465668534770375e+05 1.528695140124788632e-01
1.790000000000000000e+02 1.266131401062011719e-01 2.827592785861588200e+05 6.742973151030727808e-01
1.800000000000000000e+02 1.240622997283935547e-01 2.339848840604901197e+05 -1.860392975602930543e-01
1.810000000000000000e+02 1.282453536987304688e-01 4.992105618852676707e+05 4.478924118877953831e+00
1.810000000000000000e+02 2.513499259948730469e-01 3.399962916901689023e+05 0.000000000000000000e+00
1.820000000000000000e+02 1.258690357208251953e-01 3.262844575774543919e+05 0.000000000000000000e+00
1.830000000000000000e+02 1.287457942962646484e-01 3.119200380181263899e+05 -2.188626816320447865e+00
1.840000000000000000e+02 2.032113075256347656e-01 2.923480855072596460e+05 -2.401731247995154028e+00
1.850000000000000000e+02 1.248981952667236328e-01 2.905484459518113872e+05 -1.328706423479852461e+00
1.860000000000000000e+02 1.289029121398925781e-01 3.612763719502622262e+05 2.291046947920991173e+00
1.870000000000000000e+02 1.261336803436279297e-01 3.711261317314572516e+05 1.830709972202868574e+00
1.880000000000000000e+02 1.269874572753906250e-01 4.334850462294691824e+05 3.334437515114917705e+00
1.880000000000000000e+02 2.510280609130859375e-01 2.797521581620659563e+05 0.000000000000000000e+00
1.890000000000000000e+02 1.279108524322509766e-01 3.243928274058802635e+05 0.000000000000000000e+00
1.900000000000000000e+02 1.632690429687500000e-01 3.556876825377229834e+05 1.698525801323344409e+00
1.910000000000000000e+02 1.306369304656982422e-01 3.474929709895253764e+05 7.218758296250388229e-01
1.920000000000000000e+02 1.243209838867187500e-01 2.910483817755929194e+05 -1.050326033505184942e+00
1.930000000000000000e+02 1.265168190002441406e-01 3.050012729601720930e+05 -4.371729386356891234e-01
1.940000000000000000e+02 2.596271038055419922e-01 4.253663799670230364e+05 3.532402791057962510e+00
1.940000000000000000e+02 3.856101036071777344e-01 2.053405618152646057e+05 0.000000000000000000e+00
1.950000000000000000e+02 1.314067840576171875e-01 2.498922135239180643e+05 0.000000000000000000e+00
1.960000000000000000e+02 1.243870258331298828e-01 1.800044884943915822e+05 -1.511355717723692260e+00
1.970000000000000000e+02 1.265516281127929688e-01 1.928110820889251190e+05 -5.351589544882483507e-01
1.980000000000000000e+02 1.255047321319580078e-01 2.025155393834286660e+05 -1.479101149708472451e-01
1.990000000000000000e+02 1.272323131561279297e-01 2.961129124198501231e+05 3.408537753200621356e+00
1.990000000000000000e+02 2.874317169189453125e-01 1.826914821061748080e+05 0.000000000000000000e+00
2.000000000000000000e+02 1.615545749664306641e-01 2.817678300173088210e+05 0.000000000000000000e+00
2.010000000000000000e+02 1.239922046661376953e-01 3.479223739515877096e+05 1.651395253833713328e+00
2.020000000000000000e+02 1.271908283233642578e-01 3.539681666481199791e+05 1.000168232802865820e+00
2.030000000000000000e+02 2.436382770538330078e-01 3.649819877229974372e+05 9.217689331344705028e-01
2.040000000000000000e+02 1.252775192260742188e-01 4.321862225652613561e+05 1.648826092239426222e+00
2.050000000000000000e+02 1.263911724090576172e-01 4.409731569939962355e+05 1.330222808267682133e+00
2.060000000000000000e+02 1.508295536041259766e-01 4.272742756816447363e+05 9.402983117198422391e-01
2.070000000000000000e+02 1.779103279113769531e-01 4.178453428197226021e+05 7.288111099820278049e-01
2.080000000000000000e+02 1.245679855346679688e-01 3.748580728723852080e+05 1.628093415282718115e-01
2.090000000000000000e+02 1.268274784088134766e-01 3.868567685535705532e+05 3.052136687294098039e-01
2.100000000000000000e+02 1.253297328948974609e-01 3.653705931346924626e+05 9.243570221350687344e-03
2.110000000000000000e+02 1.279251575469970703e-01 3.749146434302336420e+05 1.402007280422122859e-01
2.120000000000000000e+02 1.247391700744628906e-01 3.481068636277511832e+05 -2.498649448787036709e-01
2.130000000000000000e+02 1.268477439880371094e-01 2.985452397061451920e+05 -9.798252044785630277e-01
2.140000000000000000e+02 2.923929691314697266e-01 2.578102875933102914e+05 -1.527502775670210200e+00
2.150000000000000000e+02 1.253268718719482422e-01 2.527418860823307768e+05 -1.451521991834930470e+00
2.160000000000000000e+02 1.347019672393798828e-01 2.242553053537015221e+05 -1.724319160197648859e+00
2.170000000000000000e+02 1.265931129455566406e-01 3.450844352346870583e+05 5.793562701847490559e-02
2.180000000000000000e+02 1.283898353576660156e-01 3.216306694142351043e+05 -2.643116676275079624e-01
2.190000000000000000e+02 1.256971359252929688e-01 3.653169728100844077e+05 3.552524911740965186e-01
2.200000000000000000e+02 1.278064250946044922e-01 4.902187935619808850e+05 2.137789363426085831e+00
2.210000000000000000e+02 1.809115409851074219e-01 4.594333688937351108e+05 1.484551747576194902e+00
2.220000000000000000e+02 1.668932437896728516e-01 3.905413616903121001e+05 4.902633248319876458e-01
2.230000000000000000e+02 1.260607242584228516e-01 3.346947249233445036e+05 -2.603056099813033653e-01
2.240000000000000000e+02 2.705523967742919922e-01 3.119011758410085458e+05 -5.622488949362597355e-01
2.250000000000000000e+02 1.258733272552490234e-01 2.959440659333806252e+05 -7.665305560137450902e-01
2.260000000000000000e+02 1.287543773651123047e-01 3.049304726594132371e+05 -6.204503071595866004e-01
2.270000000000000000e+02 1.264030933380126953e-01 2.818732089633290307e+05 -9.271343744326642211e-01
2.280000000000000000e+02 1.883430480957031250e-01 2.653316089358563186e+05 -1.129428850542496976e+00
2.290000000000000000e+02 1.342236995697021484e-01 3.171906981106919702e+05 -3.644449003951200083e-01
2.300000000000000000e+02 1.305980682373046875e-01 3.323992010766450549e+05 -1.427533904284287170e-01
2.310000000000000000e+02 1.270904541015625000e-01 4.459072321502605919e+05 1.491405845132993457e+00
2.320000000000000000e+02 1.360466480255126953e-01 6.626406130730320001e+05 4.481952324414266720e+00
2.320000000000000000e+02 2.627611160278320312e-01 2.790183665798800648e+05 0.000000000000000000e+00
2.330000000000000000e+02 2.162408828735351562e-01 1.920569866951253789e+05 0.000000000000000000e+00
2.340000000000000000e+02 1.571011543273925781e-01 2.680204153110735351e+05 5.282520773711667506e-01
2.350000000000000000e+02 1.617193222045898438e-01 2.583819028189413948e+05 2.537688924801151935e-01
2.360000000000000000e+02 1.351509094238281250e-01 3.138050100843064138e+05 1.646815215667398746e+00
2.370000000000000000e+02 1.335425376892089844e-01 3.315256844466483453e+05 1.557257412338115321e+00
2.380000000000000000e+02 1.360776424407958984e-01 3.887038012132415315e+05 2.353991353001863018e+00
2.390000000000000000e+02 1.309130191802978516e-01 4.075369596909128595e+05 1.885523911860466972e+00
2.400000000000000000e+02 1.274368762969970703e-01 3.772805354276727303e+05 1.019910857432911211e+00
2.410000000000000000e+02 7.222180366516113281e-01 1.016358223142349394e+06 9.956463459338381838e+00
2.410000000000000000e+02 3.619194030761718750e-04 3.409776477587730915e+04 0.000000000000000000e+00
2.420000000000000000e+02 5.413625240325927734e-01 9.147248159835743718e+05 3.581712662227730704e+01
2.420000000000000000e+02 3.242492675781250000e-04 4.401138337145328842e+04 0.000000000000000000e+00
2.430000000000000000e+02 5.905907154083251953e-01 8.431813665707574692e+05 2.497254567016094384e+01
2.430000000000000000e+02 3.263950347900390625e-04 4.497129888628309709e+04 0.000000000000000000e+00
2.440000000000000000e+02 6.840660572052001953e-01 7.975990514858720126e+05 2.296079700420693115e+01
2.440000000000000000e+02 3.242492675781250000e-04 5.393171368350725243e+04 0.000000000000000000e+00
2.450000000000000000e+02 1.189553737640380859e-01 2.053224576763646328e+05 3.262706687542987982e+00
2.450000000000000000e+02 2.412204742431640625e-01 2.075531735599660315e+05 0.000000000000000000e+00
2.460000000000000000e+02 1.205585002899169922e-01 1.695898890061886923e+05 0.000000000000000000e+00
2.470000000000000000e+02 1.233787536621093750e-01 1.505894533710032993e+05 -1.414913655173235085e+00
2.480000000000000000e+02 1.208937168121337891e-01 2.342642015393767506e+05 2.011967046601811138e+00
2.490000000000000000e+02 1.227977275848388672e-01 1.926105549066123203e+05 5.618726043971294937e-02
2.500000000000000000e+02 1.476578712463378906e-01 3.145800366035881452e+05 3.798247583467321054e+00
2.500000000000000000e+02 4.064664840698242188e-01 3.214196143316517118e+05 0.000000000000000000e+00
2.510000000000000000e+02 1.279065608978271484e-01 1.458032537482549669e+05 0.000000000000000000e+00
2.520000000000000000e+02 1.226890087127685547e-01 1.661472097406016546e+05 -5.432797984320822948e-01
2.530000000000000000e+02 1.270759105682373047e-01 1.807024858523648873e+05 -3.166879977452522477e-01
2.540000000000000000e+02 1.230466365814208984e-01 1.511368962143347890e+05 -6.556385105690918369e-01
2.550000000000000000e+02 1.201195716857910156e-01 2.075399943430525018e+05 1.984740996822692283e-01
2.560000000000000000e+02 1.250920295715332031e-01 1.997603837186867022e+05 6.557791119810282843e-02
2.570000000000000000e+02 1.370389461517333984e-01 2.204265435538268648e+05 4.065075563933868152e-01
2.580000000000000000e+02 1.912767887115478516e-01 2.370775698791997274e+05 6.762980899196580076e-01
2.590000000000000000e+02 1.199471950531005859e-01 2.288987149490789743e+05 4.733350585337364191e-01
2.600000000000000000e+02 1.234838962554931641e-01 2.072314110536277294e+05 2.599352592968724729e-02
2.610000000000000000e+02 1.208350658416748047e-01 1.770145567310947808e+05 -5.928620729451670179e-01
2.620000000000000000e+02 2.031219005584716797e-01 1.963305675393372367e+05 -1.533494933905960034e-01
2.630000000000000000e+02 1.224911212921142578e-01 2.251418756124847860e+05 4.867766078567140609e-01
2.640000000000000000e+02 1.676666736602783203e-01 2.212744008013618295e+05 3.783639514099239598e-01
2.650000000000000000e+02 1.378173828125000000e-01 2.449724184944353183e+05 9.203438369021984533e-01
2.660000000000000000e+02 1.656935214996337891e-01 2.894404070465766708e+05 1.918857157892069898e+00
2.670000000000000000e+02 1.212422847747802734e-01 2.894429783136227052e+05 1.681158496955258652e+00
2.680000000000000000e+02 1.627743244171142578e-01 2.844107730488369707e+05 1.409564637243652996e+00
2.690000000000000000e+02 2.472805976867675781e-01 2.415995522054790345e+05 4.270659879204101173e-01
2.700000000000000000e+02 1.640961170196533203e-01 2.269486421473919763e+05 1.080508081097369538e-01
2.710000000000000000e+02 2.272791862487792969e-01 2.352545766779317346e+05 2.839389017494159395e-01
2.720000000000000000e+02 1.236653327941894531e-01 2.440016096885942097e+05 4.693276475625006716e-01
2.730000000000000000e+02 1.225302219390869141e-01 2.416208641137129744e+05 4.039397555663179484e-01
2.740000000000000000e+02 1.221289634704589844e-01 2.678788427888670703e+05 9.928970528367890847e-01
2.750000000000000000e+02 1.229565143585205078e-01 2.840309262756219250e+05 1.322806526744139344e+00
2.760000000000000000e+02 1.234965324401855469e-01 3.046736065369080752e+05 1.719639921205786903e+00
2.770000000000000000e+02 1.303880214691162109e-01 2.262884152310694917e+05 -1.050545135262628688e-01
2.780000000000000000e+02 1.226365566253662109e-01 1.948675356435397116e+05 -7.995928742149950308e-01
2.790000000000000000e+02 2.221996784210205078e-01 2.505109772633943358e+05 4.643906929037521225e-01
2.800000000000000000e+02 1.247217655181884766e-01 2.544783104797896231e+05 5.449344289940075692e-01
2.810000000000000000e+02 1.239702701568603516e-01 2.642027497064062045e+05 7.564287773978765061e-01
2.820000000000000000e+02 1.886470317840576172e-01 2.644109653703328804e+05 7.429185597707597122e-01
2.830000000000000000e+02 1.252663135528564453e-01 2.721724193437299109e+05 9.060437388461110020e-01
2.840000000000000000e+02 1.232671737670898438e-01 2.912541081230740529e+05 1.326877231632262122e+00
2.850000000000000000e+02 1.532273292541503906e-01 3.123613317827553255e+05 1.762623125018218051e+00
2.860000000000000000e+02 1.254310607910156250e-01 3.834026500454817433e+05 3.259711609279105637e+00
2.860000000000000000e+02 2.509386539459228516e-01 1.922297113773704623e+05 0.000000000000000000e+00
2.870000000000000000e+02 1.235270500183105469e-01 1.493141673108008108e+05 0.000000000000000000e+00
2.880000000000000000e+02 1.271796226501464844e-01 1.599879363237565558e+05 -3.553696838694382909e-01
2.890000000000000000e+02 1.255545616149902344e-01 1.696248050349093392e+05 1.095445930323737938e-01
2.900000000000000000e+02 1.281421184539794922e-01 1.656159644458313414e+05 -1.188586502410542561e-01
2.910000000000000000e+02 1.237168312072753906e-01 1.879130577527882706e+05 1.295919774185542828e+00
2.920000000000000000e+02 7.967970371246337891e-01 2.600408480535958661e+05 5.414398566108022059e+00
2.920000000000000000e+02 3.323554992675781250e-04 3.038091193978205411e+04 0.000000000000000000e+00
2.930000000000000000e+02 1.192226409912109375e-01 1.421261972132012597e+05 4.494570452141875450e+00
2.930000000000000000e+02 2.384440898895263672e-01 1.433860095082338084e+05 0.000000000000000000e+00
2.940000000000000000e+02 1.191048622131347656e-01 1.025593268308825209e+05 0.000000000000000000e+00
2.950000000000000000e+02 1.281476020812988281e-01 1.163205494248566683e+05 -2.304256905127388400e-01
2.960000000000000000e+02 1.922180652618408203e-01 9.971143060696941393e+04 -1.013112983964171043e+00
2.970000000000000000e+02 1.556496620178222656e-01 1.496257052479796985e+05 1.710104795658268673e+00
2.980000000000000000e+02 2.523546218872070312e-01 1.848107606692923291e+05 2.709926572541902612e+00
2.990000000000000000e+02 1.227207183837890625e-01 1.302004486449017277e+05 -7.727785943669540636e-02
