2.301853778143816744e+05
1.000000000000000000e+00 4.299831390380859375e-02 1.453949179226050001e+04 0.000000000000000000e+00
2.000000000000000000e+00 4.961705207824707031e-02 1.491437690271960128e+04 -6.252095052593873437e-01
3.000000000000000000e+00 9.168624877929687500e-02 1.529726111148873679e+04 -4.196456848327082545e-01
4.000000000000000000e+00 1.172215938568115234e-01 1.567079441338903052e+04 -2.514153213317798508e-01
5.000000000000000000e+00 1.316499710083007812e-01 1.632712306167473616e+04 1.499774763824494699e-02
6.000000000000000000e+00 2.046790122985839844e-01 1.640248407840286018e+04 4.546422359632689564e-02
7.000000000000000000e+00 1.791181564331054688e-01 1.646873454238592967e+04 7.300233835519268077e-02
8.000000000000000000e+00 2.008507251739501953e-01 1.642665326658297636e+04 4.817372285212887656e-02
9.000000000000000000e+00 2.198183536529541016e-01 1.630638421661043139e+04 -1.775442506478035198e-02
1.000000000000000000e+01 2.672433853149414062e-01 1.617545571231121176e+04 -9.029726525760793654e-02
1.100000000000000000e+01 3.307478427886962891e-01 1.608515797538922016e+04 -1.397945809054775834e-01
1.200000000000000000e+01 2.782900333404541016e-01 1.571671723818593455e+04 -3.621756076755668352e-01
1.300000000000000000e+01 3.013572692871093750e-01 1.513269798663915026e+04 -7.225194974242428181e-01
1.400000000000000000e+01 3.931133747100830078e-01 1.509364763924720319e+04 -7.102186039183798760e-01
1.500000000000000000e+01 3.392469882965087891e-01 1.495893109885130434e+04 -7.658105563683024197e-01
1.600000000000000000e+01 3.576319217681884766e-01 1.466554007751438257e+04 -9.280828936314308164e-01
1.700000000000000000e+01 4.418749809265136719e-01 1.477363959001341027e+04 -8.049032694058960713e-01
1.800000000000000000e+01 3.999228477478027344e-01 1.484789236279881698e+04 -7.177336597834328424e-01
1.900000000000000000e+01 3.891494274139404297e-01 1.555532832318796500e+04 -1.941544508330884655e-01
2.000000000000000000e+01 4.536418914794921875e-01 1.704290894198587193e+04 8.805008751055073413e-01
2.100000000000000000e+01 4.438247680664062500e-01 1.883356662445947222e+04 2.140394077806736739e+00
2.200000000000000000e+01 4.664025306701660156e-01 2.005973689955339432e+04 2.720400418283144273e+00
2.300000000000000000e+01 4.549584388732910156e-01 1.960973489571011669e+04 2.035638636606854401e+00
2.400000000000000000e+01 5.784950256347656250e-01 1.892432552532646150e+04 1.452195596352570339e+00
2.500000000000000000e+01 2.074568986892700195e+00 3.328176309367520298e+04 9.235397140974205499e+00
2.500000000000000000e+01 3.824734687805175781e-02 1.596180574401457852e+04 0.000000000000000000e+00
2.600000000000000000e+01 4.285669326782226562e-02 2.129514500579062951e+04 2.379593144297221241e-01
2.700000000000000000e+01 5.928874015808105469e-02 9.578114427495904238e+03 -2.662134727767889952e+00
2.800000000000000000e+01 7.264780998229980469e-02 9.045888426250050543e+03 -1.362454805814689918e+00
2.900000000000000000e+01 1.098797321319580078e-01 9.357539173039624075e+03 -9.829763141892079448e-01
3.000000000000000000e+01 1.391324996948242188e-01 1.022732826074288823e+04 -7.035871162032444337e-01
3.100000000000000000e+01 1.506721973419189453e-01 1.097768870122037515e+04 -5.145055482228757526e-01
3.200000000000000000e+01 1.909117698669433594e-01 1.158962072261921276e+04 -3.736240945109144396e-01
3.300000000000000000e+01 1.993181705474853516e-01 1.139191908392184996e+04 -3.873755928806317250e-01
3.400000000000000000e+01 2.115311622619628906e-01 1.130829590232193550e+04 -3.824713411674921515e-01
3.500000000000000000e+01 2.427005767822265625e-01 1.125394074185593854e+04 -3.745552459714673876e-01
3.600000000000000000e+01 2.853825092315673828e-01 1.116728008730544752e+04 -3.756253532537339179e-01
3.700000000000000000e+01 3.066999912261962891e-01 1.111743038462023833e+04 -3.706662493686600501e-01
3.800000000000000000e+01 2.992467880249023438e-01 1.105093589652886112e+04 -3.710528808183047866e-01
3.900000000000000000e+01 3.364346027374267578e-01 2.503864555776827183e+04 2.835157106781427405e+00
4.000000000000000000e+01 3.084387779235839844e-01 2.409139946861368662e+04 2.037821225508926748e+00
