2.320765985759943142e+05
1.000000000000000000e+00 2.599000930786132812e-03 6.952718390887343048e+03 0.000000000000000000e+00
2.000000000000000000e+00 2.718687057495117188e-03 6.952291080923487243e+03 -7.072806615440628830e-01
3.000000000000000000e+00 2.699851989746093750e-03 6.952302424714792323e+03 -5.774510858350855314e-01
4.000000000000000000e+00 2.469301223754882812e-03 6.952597247352900013e+03 -4.999079586422988108e-01
5.000000000000000000e+00 2.502679824829101562e-03 6.952456326362499567e+03 -4.472270766777671214e-01
6.000000000000000000e+00 2.543210983276367188e-03 6.952215907445237463e+03 -4.084295409203543836e-01
7.000000000000000000e+00 2.490043640136718750e-03 6.952749331321298087e+03 -3.777215654957833402e-01
8.000000000000000000e+00 2.985477447509765625e-03 6.951926637329748701e+03 -3.540002963481853615e-01
9.000000000000000000e+00 2.498626708984375000e-03 6.952530750373009141e+03 -3.332266578137932367e-01
1.000000000000000000e+01 2.510547637939453125e-03 6.952110950606036567e+03 -3.165097556253272382e-01
1.100000000000000000e+01 2.658843994140625000e-03 6.952696433119491303e+03 -3.012188407010114033e-01
1.200000000000000000e+01 1.366353034973144531e-02 6.952533553110698449e+03 -2.885597300245766328e-01
1.300000000000000000e+01 1.100134849548339844e-02 6.952755820546633004e+03 -2.770094200583315680e-01
1.400000000000000000e+01 2.781152725219726562e-03 6.951885477580642146e+03 -2.678718394930293956e-01
1.500000000000000000e+01 2.831935882568359375e-03 6.953038375307013666e+03 -2.575010959334437799e-01
1.600000000000000000e+01 2.731800079345703125e-03 6.952681443441721058e+03 -2.497381304618849496e-01
1.700000000000000000e+01 2.786874771118164062e-03 6.951979201902766363e+03 -2.431156172363460322e-01
1.800000000000000000e+01 2.730131149291992188e-03 6.952613850693133827e+03 -2.354892653000136282e-01
1.900000000000000000e+01 2.934217453002929688e-03 6.952792238595370691e+03 -2.289853406161869720e-01
2.000000000000000000e+01 2.859115600585937500e-03 6.979242044133009585e+03 -1.891555926377879449e-01
2.100000000000000000e+01 2.560138702392578125e-03 6.979862889491598253e+03 -1.838437586120298395e-01
2.200000000000000000e+01 2.869367599487304688e-03 6.978448404509751526e+03 -1.815861872427390888e-01
2.300000000000000000e+01 4.935503005981445312e-03 6.978032259394240100e+03 -1.782199575953335446e-01
2.400000000000000000e+01 2.530813217163085938e-03 6.978135877641940169e+03 -1.743657617577412111e-01
2.500000000000000000e+01 2.523422241210937500e-03 6.977269915519806091e+03 -1.721305255136543200e-01
2.600000000000000000e+01 2.506494522094726562e-03 6.977700234990147692e+03 -1.681905315801824619e-01
2.700000000000000000e+01 2.606630325317382812e-03 6.977447953159747158e+03 -1.654566714011852513e-01
2.800000000000000000e+01 2.474069595336914062e-03 6.976703414867170068e+03 -1.636401315806463863e-01
2.900000000000000000e+01 2.555847167968750000e-03 6.977614933409373407e+03 -1.594042584115061834e-01
3.000000000000000000e+01 2.496004104614257812e-03 6.977866257426487209e+03 -1.563525375068225420e-01
3.100000000000000000e+01 2.561807632446289062e-03 6.976632026494151432e+03 -1.558149395906849866e-01
3.200000000000000000e+01 2.482652664184570312e-03 6.976505132686309480e+03 -1.535878212803118981e-01
3.300000000000000000e+01 2.755403518676757812e-03 6.976110687682217758e+03 -1.519146706963483140e-01
3.400000000000000000e+01 2.517461776733398438e-03 6.976942083637264659e+03 -1.482815581773503921e-01
3.500000000000000000e+01 2.570390701293945312e-03 6.975969940404177578e+03 -1.478235059540189411e-01
3.600000000000000000e+01 8.864164352416992188e-03 6.977032260703984321e+03 -1.439304356234526738e-01
3.700000000000000000e+01 3.924131393432617188e-03 6.975305405818348845e+03 -1.450177779900398145e-01
3.800000000000000000e+01 3.567218780517578125e-03 6.976018630389400641e+03 -1.418394453612124850e-01
3.900000000000000000e+01 3.634929656982421875e-03 6.976319425057437911e+03 -1.394783389875692559e-01
4.000000000000000000e+01 6.947581768035888672e-01 7.819380565748700064e+03 1.401588976137969622e+00
4.000000000000000000e+01 1.906633377075195312e-03 6.965796187469092729e+03 0.000000000000000000e+00
4.100000000000000000e+01 3.608703613281250000e-03 7.823720135351703902e+03 -3.587510010496367530e-01
4.200000000000000000e+01 3.550291061401367188e-03 7.646143804524243933e+03 -4.224534785778528700e-01
4.300000000000000000e+01 3.586053848266601562e-03 7.630021528100643081e+03 -3.862152651954064431e-01
4.400000000000000000e+01 3.487825393676757812e-03 7.602849110174409361e+03 -3.699854724766361014e-01
4.500000000000000000e+01 3.569126129150390625e-03 7.564195417379760329e+03 -3.714315131352152188e-01
4.600000000000000000e+01 3.560304641723632812e-03 7.519619095582337650e+03 -3.840738235528654010e-01
4.700000000000000000e+01 3.532409667968750000e-03 7.477239081854350843e+03 -3.991495288758425963e-01
4.800000000000000000e+01 2.905368804931640625e-03 7.440371725768807664e+03 -4.123466690176624261e-01
4.900000000000000000e+01 2.548456192016601562e-03 7.407235896229374703e+03 -4.246909222334261935e-01
5.000000000000000000e+01 2.545833587646484375e-03 7.429015319656419706e+03 -3.794303648027959608e-01
5.100000000000000000e+01 2.563714981079101562e-03 7.401624807298269843e+03 -3.936952460428012057e-01
5.200000000000000000e+01 2.525568008422851562e-03 7.376763034309095019e+03 -4.066000723784642945e-01
5.300000000000000000e+01 2.637147903442382812e-03 7.355972301893014446e+03 -4.159761241787439667e-01
5.400000000000000000e+01 2.554655075073242188e-03 7.337012070850633791e+03 -4.243972621140115753e-01
5.500000000000000000e+01 2.631425857543945312e-03 7.320961152878580833e+03 -4.302601141511016580e-01
5.600000000000000000e+01 2.563238143920898438e-03 7.306607642292521632e+03 -4.350004960625472594e-01
5.700000000000000000e+01 2.622604370117187500e-03 7.293760821177312209e+03 -4.387268787171824114e-01
5.800000000000000000e+01 2.566576004028320312e-03 7.282259019159031595e+03 -4.415332573483934930e-01
5.900000000000000000e+01 2.619743347167968750e-03 7.271747302782968291e+03 -4.438120645403893505e-01
6.000000000000000000e+01 2.557992935180664062e-03 7.263179010210748856e+03 -4.440676628844619223e-01
6.100000000000000000e+01 2.583265304565429688e-03 7.255054808020453493e+03 -4.444419620302067497e-01
6.200000000000000000e+01 2.610683441162109375e-03 7.248149640227703458e+03 -4.436758255928831551e-01
6.300000000000000000e+01 2.586126327514648438e-03 7.240876477859163970e+03 -4.441506945496900838e-01
6.400000000000000000e+01 2.557516098022460938e-03 7.235585610947468922e+03 -4.421042181871769339e-01
6.500000000000000000e+01 2.583980560302734375e-03 7.230045345908109994e+03 -4.410462778401685879e-01
6.600000000000000000e+01 4.069566726684570312e-03 7.225429718697986573e+03 -4.390157074741152798e-01
6.700000000000000000e+01 2.620935440063476562e-03 7.220917595839269779e+03 -4.373191835469819599e-01
6.800000000000000000e+01 2.530813217163085938e-03 7.216949128031475993e+03 -4.351761811321717133e-01
6.900000000000000000e+01 2.671718597412109375e-03 7.212934672016523109e+03 -4.335492461080363014e-01
7.000000000000000000e+01 2.542495727539062500e-03 7.209502071078365589e+03 -4.313217678203494221e-01
7.100000000000000000e+01 2.608299255371093750e-03 7.205456124275701768e+03 -4.305487669985515464e-01
7.200000000000000000e+01 2.527713775634765625e-03 7.203089409664844425e+03 -4.271468840877000739e-01
7.300000000000000000e+01 2.616643905639648438e-03 7.199606217161163841e+03 -4.260952530623099976e-01
7.400000000000000000e+01 2.575159072875976562e-03 7.197144191366881387e+03 -4.234951782898683237e-01
7.500000000000000000e+01 2.629280090332031250e-03 7.194327044471348017e+03 -4.218487422060991920e-01
7.600000000000000000e+01 2.570152282714843750e-03 7.192447510179783421e+03 -4.187357214904960379e-01
7.700000000000000000e+01 2.619743347167968750e-03 7.188455502165878897e+03 -4.198647809744673887e-01
7.800000000000000000e+01 2.533435821533203125e-03 7.186256193594130309e+03 -4.178098889897747248e-01
7.900000000000000000e+01 2.618789672851562500e-03 7.183677961514579692e+03 -4.167199898376752754e-01
8.000000000000000000e+01 2.524375915527343750e-03 7.182118636865735425e+03 -4.138700435057723337e-01
8.100000000000000000e+01 2.614498138427734375e-03 7.179664100512747609e+03 -4.129952664503916959e-01
8.200000000000000000e+01 2.536773681640625000e-03 7.178315201129582420e+03 -4.101248785068549729e-01
8.300000000000000000e+01 2.637147903442382812e-03 7.176685081938911026e+03 -4.080161025280555909e-01
8.400000000000000000e+01 2.544879913330078125e-03 7.174641561939050007e+03 -4.069260273551079110e-01
8.500000000000000000e+01 2.625703811645507812e-03 7.172448883737166398e+03 -4.063083585250918395e-01
8.600000000000000000e+01 2.530574798583984375e-03 7.171025169141959850e+03 -4.042666216856520278e-01
8.700000000000000000e+01 2.635478973388671875e-03 7.169939573664674754e+03 -4.016831993011874546e-01
8.800000000000000000e+01 2.603769302368164062e-03 7.167300510044577095e+03 -4.025094002671671389e-01
8.900000000000000000e+01 2.655506134033203125e-03 7.165942036382434708e+03 -4.007591417549045687e-01
9.000000000000000000e+01 2.558946609497070312e-03 7.164573336551088687e+03 -3.991698636555253699e-01
9.100000000000000000e+01 2.643823623657226562e-03 7.162883660775411045e+03 -3.984025689160252681e-01
9.200000000000000000e+01 2.561330795288085938e-03 7.161099994417425478e+03 -3.979612571574403512e-01
9.300000000000000000e+01 2.632617950439453125e-03 7.159681304423023903e+03 -3.968389557090120645e-01
9.400000000000000000e+01 2.555847167968750000e-03 7.158668700855005227e+03 -3.949382632776438085e-01
9.500000000000000000e+01 2.628326416015625000e-03 7.158103348969464605e+03 -3.921606413650812750e-01
9.600000000000000000e+01 2.557516098022460938e-03 7.155669715590131091e+03 -3.936733397115625976e-01
9.700000000000000000e+01 2.662420272827148438e-03 7.154709194892811865e+03 -3.919579799784143059e-01
9.800000000000000000e+01 2.538681030273437500e-03 7.153802397037181436e+03 -3.902228967267710735e-01
9.900000000000000000e+01 2.661705017089843750e-03 7.152161683646825622e+03 -3.902631576813303527e-01
1.000000000000000000e+02 2.545595169067382812e-03 7.195718578104657354e+03 -2.863804835534176085e-01
1.010000000000000000e+02 2.667188644409179688e-03 7.194846116786088714e+03 -2.859319335770741932e-01
1.020000000000000000e+02 2.564668655395507812e-03 7.192997037593858295e+03 -2.878232629154650057e-01
1.030000000000000000e+02 2.663612365722656250e-03 7.192494330384325622e+03 -2.865971844579457972e-01
1.040000000000000000e+02 2.579212188720703125e-03 7.191040376164915870e+03 -2.876829025919599436e-01
1.050000000000000000e+02 7.602453231811523438e-03 7.189881779852787076e+03 -2.881133155582143446e-01
1.060000000000000000e+02 2.581834793090820312e-03 7.189110062968364218e+03 -2.876635704623254353e-01
1.070000000000000000e+02 2.663850784301757812e-03 7.187771769075696284e+03 -2.886358918640358207e-01
1.080000000000000000e+02 2.616882324218750000e-03 7.187154563472156951e+03 -2.878965819546348004e-01
1.090000000000000000e+02 2.647161483764648438e-03 7.185584925502617807e+03 -2.895426380938687649e-01
1.100000000000000000e+02 2.580642700195312500e-03 7.185093424594076168e+03 -2.885676313570526563e-01
1.110000000000000000e+02 2.644777297973632812e-03 7.184354149058627627e+03 -2.882550427188940723e-01
1.120000000000000000e+02 2.592563629150390625e-03 7.182784640484552256e+03 -2.900634054663894790e-01
1.130000000000000000e+02 2.635478973388671875e-03 7.181367256869137236e+03 -2.915268158661988296e-01
1.140000000000000000e+02 2.571105957031250000e-03 7.181508717377323592e+03 -2.890786246517346725e-01
1.150000000000000000e+02 2.668619155883789062e-03 7.180579113932491964e+03 -2.894059612111808399e-01
1.160000000000000000e+02 2.865076065063476562e-03 7.179294552377124091e+03 -2.906817797741307330e-01
1.170000000000000000e+02 2.659320831298828125e-03 7.178720449281544461e+03 -2.901597230674251016e-01
1.180000000000000000e+02 2.600908279418945312e-03 7.176795247434537487e+03 -2.931825063502803697e-01
1.190000000000000000e+02 2.689599990844726562e-03 7.176585806230335038e+03 -2.917560753532673079e-01
1.200000000000000000e+02 8.106286525726318359e-01 7.812819226766207976e+03 1.380779470081942906e+00
1.200000000000000000e+02 1.793861389160156250e-03 6.917648698361035713e+03 0.000000000000000000e+00
1.210000000000000000e+02 2.642393112182617188e-03 7.829191599982007574e+03 -3.344031674679938115e-01
1.220000000000000000e+02 2.605438232421875000e-03 7.674979847258518930e+03 -3.901662598988361874e-01
1.230000000000000000e+02 2.619743347167968750e-03 7.656452849989760580e+03 -3.608898796474501736e-01
1.240000000000000000e+02 2.565860748291015625e-03 7.630782025446676926e+03 -3.470961662009836024e-01
1.250000000000000000e+02 2.583026885986328125e-03 7.598527836141904118e+03 -3.462695612054869643e-01
1.260000000000000000e+02 2.554416656494140625e-03 7.564033092909160587e+03 -3.529952636908834651e-01
1.270000000000000000e+02 2.549409866333007812e-03 7.529891989001665024e+03 -3.636361451163857006e-01
1.280000000000000000e+02 2.606153488159179688e-03 7.497992885740043675e+03 -3.753810198392564246e-01
1.290000000000000000e+02 2.530813217163085938e-03 7.467662623977213116e+03 -3.882454885832101188e-01
1.300000000000000000e+02 2.575397491455078125e-03 7.439855379948924565e+03 -4.006209886919247509e-01
1.310000000000000000e+02 2.576112747192382812e-03 7.412198483008314724e+03 -4.148522586190368511e-01
1.320000000000000000e+02 2.593517303466796875e-03 7.388295832561103452e+03 -4.262337660905645698e-01
1.330000000000000000e+02 2.634763717651367188e-03 7.367018361269321758e+03 -4.358793596388570446e-01
1.340000000000000000e+02 2.583742141723632812e-03 7.349669584228373424e+03 -4.418469026853579784e-01
1.350000000000000000e+02 2.624511718750000000e-03 7.334345995216450319e+03 -4.464501269298635777e-01
1.360000000000000000e+02 2.577066421508789062e-03 7.319742287891163869e+03 -4.512892066110606448e-01
1.370000000000000000e+02 2.614974975585937500e-03 7.307865931889637068e+03 -4.533908734782106098e-01
1.380000000000000000e+02 2.576351165771484375e-03 7.297756877594370053e+03 -4.539913202313883844e-01
1.390000000000000000e+02 2.614974975585937500e-03 7.290181606804794683e+03 -4.518384228730804031e-01
1.400000000000000000e+02 2.605915069580078125e-03 7.859872561934447731e+03 4.142887026397647499e-01
1.410000000000000000e+02 2.582550048828125000e-03 7.783388166309054213e+03 2.866278364405340229e-01
1.420000000000000000e+02 2.617835998535156250e-03 7.782455905329029520e+03 2.786377579780058844e-01
1.430000000000000000e+02 2.589941024780273438e-03 7.780935025935341400e+03 2.701436742517238088e-01
1.440000000000000000e+02 2.582550048828125000e-03 7.779121500750464293e+03 2.615638220379467027e-01
1.450000000000000000e+02 2.578735351562500000e-03 7.778219780469750731e+03 2.548441212716130999e-01
1.460000000000000000e+02 2.629995346069335938e-03 7.775678195857099126e+03 2.456620549642583029e-01
1.470000000000000000e+02 2.612590789794921875e-03 7.773846026440937749e+03 2.379826333558259510e-01
1.480000000000000000e+02 2.535343170166015625e-03 7.772437338191412891e+03 2.312933717468096950e-01
1.490000000000000000e+02 2.614498138427734375e-03 7.770566418452841390e+03 2.240055512104953128e-01
1.500000000000000000e+02 2.546310424804687500e-03 7.796165641947894983e+03 2.665455075251118022e-01
1.510000000000000000e+02 2.651453018188476562e-03 7.791441561787200953e+03 2.535186277146722067e-01
1.520000000000000000e+02 2.543926239013671875e-03 7.791088737042760840e+03 2.488623184061445337e-01
1.530000000000000000e+02 2.624511718750000000e-03 7.790289010124211927e+03 2.435473240226851965e-01
1.540000000000000000e+02 2.579450607299804688e-03 7.790289460515679821e+03 2.399382348624985728e-01
1.550000000000000000e+02 2.621173858642578125e-03 7.788997122444304296e+03 2.339747407872892204e-01
1.560000000000000000e+02 2.569913864135742188e-03 7.788513736732380494e+03 2.297535899195848053e-01
1.570000000000000000e+02 2.611398696899414062e-03 7.786717589958507233e+03 2.230505427480996561e-01
1.580000000000000000e+02 2.548217773437500000e-03 7.786584905096291550e+03 2.198365819591535375e-01
1.590000000000000000e+02 2.614021301269531250e-03 7.784780941735626584e+03 2.133203748912744779e-01
1.600000000000000000e+02 2.542495727539062500e-03 7.811751451063222703e+03 2.664538737749352904e-01
1.610000000000000000e+02 2.644777297973632812e-03 7.808791764092860831e+03 2.569185507840355820e-01
1.620000000000000000e+02 2.557754516601562500e-03 7.807548540980863436e+03 2.511545497677883931e-01
1.630000000000000000e+02 2.658605575561523438e-03 7.805321798762692197e+03 2.434035727435301111e-01
1.640000000000000000e+02 2.551078796386718750e-03 7.803615351695681966e+03 2.368922175434866051e-01
1.650000000000000000e+02 2.652406692504882812e-03 7.801604489836551693e+03 2.298180882523175594e-01
1.660000000000000000e+02 2.570152282714843750e-03 7.798013684975093383e+03 2.193495891648822582e-01
1.670000000000000000e+02 2.632856369018554688e-03 7.793203004651739320e+03 2.062523370054873129e-01
1.680000000000000000e+02 2.592563629150390625e-03 7.788705536880133877e+03 1.939497482798626937e-01
1.690000000000000000e+02 3.403663635253906250e-03 7.783679953334720267e+03 1.805219241644787642e-01
1.700000000000000000e+02 2.711296081542968750e-03 7.776128862442561513e+03 1.613557230873953197e-01
1.710000000000000000e+02 2.733469009399414062e-03 7.771253028685022400e+03 1.484650666671792629e-01
1.720000000000000000e+02 4.612922668457031250e-03 7.763694205621617584e+03 1.293349383741107528e-01
1.730000000000000000e+02 2.689361572265625000e-03 7.755503360855019309e+03 1.087532915635174846e-01
1.740000000000000000e+02 2.619028091430664062e-03 7.746855831162000868e+03 8.711520095872896108e-02
1.750000000000000000e+02 2.693414688110351562e-03 7.737830356686461528e+03 6.459088551044138427e-02
1.760000000000000000e+02 2.661228179931640625e-03 7.729510859508479371e+03 4.379900541088059540e-02
1.770000000000000000e+02 2.704858779907226562e-03 7.722740133042777416e+03 2.681521661673553353e-02
1.780000000000000000e+02 2.643346786499023438e-03 7.713462279055213912e+03 3.630915617135204668e-03
1.790000000000000000e+02 2.717256546020507812e-03 7.705536214303166162e+03 -1.618192109478021681e-02
1.800000000000000000e+02 2.666950225830078125e-03 7.697633336664958733e+03 -3.594243996636146965e-02
1.810000000000000000e+02 2.707958221435546875e-03 7.689715211592736523e+03 -5.575088939233500962e-02
1.820000000000000000e+02 2.629756927490234375e-03 7.681186419221590768e+03 -7.713346794243142179e-02
1.830000000000000000e+02 2.706766128540039062e-03 7.673214386260340689e+03 -9.709390968268587219e-02
1.840000000000000000e+02 2.630233764648437500e-03 7.666422724628743708e+03 -1.140012515839650964e-01
1.850000000000000000e+02 2.699136734008789062e-03 7.657798823576918039e+03 -1.357232513135029350e-01
1.860000000000000000e+02 2.642393112182617188e-03 7.649905383629530661e+03 -1.555324739998406591e-01
1.870000000000000000e+02 2.701282501220703125e-03 7.642712412856515584e+03 -1.734945723903127957e-01
1.880000000000000000e+02 2.671003341674804688e-03 7.633415328209636755e+03 -1.971053873207405105e-01
1.890000000000000000e+02 2.703428268432617188e-03 7.625720838424220346e+03 -2.164042820156265867e-01
1.900000000000000000e+02 2.646684646606445312e-03 7.654692013584891356e+03 -1.361732971042700913e-01
1.910000000000000000e+02 2.735137939453125000e-03 7.646106830494090900e+03 -1.586901923758888833e-01
1.920000000000000000e+02 2.663850784301757812e-03 7.638977623179461261e+03 -1.772102683505699661e-01
1.930000000000000000e+02 2.720832824707031250e-03 7.631125797309709924e+03 -1.977444806851204329e-01
1.940000000000000000e+02 2.650737762451171875e-03 7.623415522840781705e+03 -2.178927220646534879e-01
1.950000000000000000e+02 2.751111984252929688e-03 7.615705592480422638e+03 -2.380471307483456589e-01
1.960000000000000000e+02 2.638339996337890625e-03 7.608878603757165365e+03 -2.557122782953556439e-01
1.970000000000000000e+02 2.740144729614257812e-03 7.602621412613783832e+03 -2.717639144487457026e-01
1.980000000000000000e+02 2.666711807250976562e-03 7.596219897249074165e+03 -2.882345828458308112e-01
1.990000000000000000e+02 2.685070037841796875e-03 7.589673261819427353e+03 -3.051262300209752754e-01
