2.311256608491673833e+05
1.000000000000000000e+00 8.446455001831054688e-03 6.952212613982533185e+03 0.000000000000000000e+00
2.000000000000000000e+00 1.648974418640136719e-02 6.952086747148555332e+03 -7.071580008835981479e-01
3.000000000000000000e+00 8.189916610717773438e-03 6.952217777660218417e+03 -5.773163304523902806e-01
4.000000000000000000e+00 7.969379425048828125e-03 6.952335734335987581e+03 -4.999059911351295682e-01
5.000000000000000000e+00 8.048295974731445312e-03 6.952276882467031101e+03 -4.471726318568015057e-01
6.000000000000000000e+00 7.996559143066406250e-03 6.952295251321104843e+03 -4.081994445013163442e-01
7.000000000000000000e+00 8.043766021728515625e-03 6.952601048807303414e+03 -3.776876990207160834e-01
8.000000000000000000e+00 8.478879928588867188e-03 6.951904223329179331e+03 -3.538669089265630840e-01
9.000000000000000000e+00 8.043527603149414062e-03 6.952249670511009754e+03 -3.333260900875698596e-01
1.000000000000000000e+01 8.052825927734375000e-03 6.951769049385932703e+03 -3.166583173363000103e-01
1.100000000000000000e+01 8.042097091674804688e-03 6.952754979771706530e+03 -3.009768292349593310e-01
1.200000000000000000e+01 8.034229278564453125e-03 6.952392006132524330e+03 -2.885294033659248081e-01
1.300000000000000000e+01 1.187944412231445312e-02 6.952609345720199599e+03 -2.769855658814379118e-01
1.400000000000000000e+01 1.008486747741699219e-02 6.951695514552603527e+03 -2.678959415043957182e-01
1.500000000000000000e+01 1.005029678344726562e-02 6.952892004913873279e+03 -2.574755010927797794e-01
1.600000000000000000e+01 1.005840301513671875e-02 6.952779696791631068e+03 -2.494319499013341879e-01
1.700000000000000000e+01 1.016354560852050781e-02 6.951841231292214616e+03 -2.431001200284748920e-01
1.800000000000000000e+01 1.071763038635253906e-02 6.952510062871050650e+03 -2.354324140263253928e-01
1.900000000000000000e+01 1.101493835449218750e-02 6.952590600841080231e+03 -2.290528758531061027e-01
2.000000000000000000e+01 1.026797294616699219e-02 6.980803045964363264e+03 -1.869480239102876140e-01
2.100000000000000000e+01 8.017063140869140625e-03 6.981392554570635184e+03 -1.817336200528915646e-01
2.200000000000000000e+01 1.100873947143554688e-02 6.980341039317763716e+03 -1.790372474083108956e-01
2.300000000000000000e+01 8.710622787475585938e-03 6.979921231240436100e+03 -1.757351766468801257e-01
2.400000000000000000e+01 8.082151412963867188e-03 6.980014130055814348e+03 -1.719510682418840253e-01
2.500000000000000000e+01 8.014917373657226562e-03 6.979257608762012751e+03 -1.696095950116501827e-01
2.600000000000000000e+01 8.146286010742187500e-03 6.979609223242267944e+03 -1.658364345168717169e-01
2.700000000000000000e+01 8.062839508056640625e-03 6.979306289716158062e+03 -1.632245798789761226e-01
2.800000000000000000e+01 8.013486862182617188e-03 6.978322408418316627e+03 -1.618156075328630317e-01
2.900000000000000000e+01 8.150577545166015625e-03 6.979193726065329429e+03 -1.576748899900881906e-01
3.000000000000000000e+01 8.020401000976562500e-03 6.979614231379873672e+03 -1.543859952718463213e-01
3.100000000000000000e+01 8.095502853393554688e-03 6.978586383117332844e+03 -1.535507215284447058e-01
3.200000000000000000e+01 7.534265518188476562e-03 6.978282696155085432e+03 -1.516493458505328851e-01
3.300000000000000000e+01 6.127119064331054688e-03 6.977820038386453234e+03 -1.501202556991901860e-01
3.400000000000000000e+01 5.961179733276367188e-03 6.978900285968878052e+03 -1.460954398002461407e-01
3.500000000000000000e+01 5.977392196655273438e-03 6.977987185276296259e+03 -1.455697280701946650e-01
3.600000000000000000e+01 8.116483688354492188e-03 6.978528913090713104e+03 -1.426104330474024517e-01
3.700000000000000000e+01 8.174180984497070312e-03 6.977274435617627205e+03 -1.428878346037602276e-01
3.800000000000000000e+01 1.103615760803222656e-02 6.977537207204238257e+03 -1.405400520987263868e-01
3.900000000000000000e+01 8.176088333129882812e-03 6.978231387808422369e+03 -1.374866169893302903e-01
4.000000000000000000e+01 6.987845897674560547e-01 7.823060892815958141e+03 1.407385401776741096e+00
4.000000000000000000e+01 1.160383224487304688e-03 6.963321499889603729e+03 0.000000000000000000e+00
4.100000000000000000e+01 7.995605468750000000e-03 7.830638738440738962e+03 -3.548117444979662638e-01
4.200000000000000000e+01 8.119583129882812500e-03 7.647195107131326949e+03 -4.225233116129659128e-01
4.300000000000000000e+01 1.183485984802246094e-02 7.633944037906714584e+03 -3.844078361827025780e-01
4.400000000000000000e+01 7.933616638183593750e-03 7.613775305436238341e+03 -3.632487678245305829e-01
4.500000000000000000e+01 7.989406585693359375e-03 7.585825418587972308e+03 -3.567214365125226383e-01
4.600000000000000000e+01 1.479005813598632812e-02 7.551703224573628177e+03 -3.615706088653720673e-01
4.700000000000000000e+01 7.990598678588867188e-03 7.516655798584531112e+03 -3.717235273474266410e-01
4.800000000000000000e+01 8.067369461059570312e-03 7.483143214267648546e+03 -3.838321622201937844e-01
4.900000000000000000e+01 7.922172546386718750e-03 7.449532724890110330e+03 -3.989137065597702647e-01
5.000000000000000000e+01 8.448123931884765625e-03 7.468570587451959000e+03 -3.581968876495755794e-01
5.100000000000000000e+01 7.726430892944335938e-03 7.433979035480544553e+03 -3.822139726258556025e-01
5.200000000000000000e+01 5.803346633911132812e-03 7.399833418702652125e+03 -4.070967026743054773e-01
5.300000000000000000e+01 5.840063095092773438e-03 7.369301428047011541e+03 -4.287170846779049249e-01
5.400000000000000000e+01 6.472826004028320312e-03 7.341401866240228628e+03 -4.481025871260641558e-01
5.500000000000000000e+01 5.866289138793945312e-03 7.318049456752114565e+03 -4.625632038848778160e-01
5.600000000000000000e+01 5.765676498413085938e-03 7.298347979982219840e+03 -4.731429715942809811e-01
5.700000000000000000e+01 5.851507186889648438e-03 7.281765799523926034e+03 -4.804366585766601805e-01
5.800000000000000000e+01 5.785226821899414062e-03 7.267412798508177730e+03 -4.855759240353466066e-01
5.900000000000000000e+01 5.860328674316406250e-03 7.254542880438541943e+03 -4.895226699315493035e-01
6.000000000000000000e+01 5.799293518066406250e-03 7.244184910787957051e+03 -4.906668122894410344e-01
6.100000000000000000e+01 7.790088653564453125e-03 7.234355582552815576e+03 -4.918832627359785437e-01
6.200000000000000000e+01 8.031606674194335938e-03 7.226141194900136725e+03 -4.914313753021687936e-01
6.300000000000000000e+01 7.993936538696289062e-03 7.217890970905251379e+03 -4.917902425444072856e-01
6.400000000000000000e+01 8.831739425659179688e-03 7.211406023882446789e+03 -4.900540359467095430e-01
6.500000000000000000e+01 7.990598678588867188e-03 7.205041278506647359e+03 -4.887910808429348775e-01
6.600000000000000000e+01 8.757352828979492188e-03 7.199680616986856876e+03 -4.865072504673235709e-01
6.700000000000000000e+01 8.030176162719726562e-03 7.194785843643569024e+03 -4.840362290581020632e-01
6.800000000000000000e+01 7.982730865478515625e-03 7.190063097982244471e+03 -4.818187612978861445e-01
6.900000000000000000e+01 8.008003234863281250e-03 7.185664521442255136e+03 -4.795522977062759429e-01
7.000000000000000000e+01 7.940292358398437500e-03 7.181893597331260025e+03 -4.766767110333070545e-01
7.100000000000000000e+01 6.605863571166992188e-03 7.177546987383441774e+03 -4.752440144153505241e-01
7.200000000000000000e+01 6.004571914672851562e-03 7.174907377228892074e+03 -4.712089823087007301e-01
7.300000000000000000e+01 5.889415740966796875e-03 7.171254363340099189e+03 -4.693806997013494353e-01
7.400000000000000000e+01 5.879163742065429688e-03 7.168491562617091404e+03 -4.663038785551349430e-01
7.500000000000000000e+01 5.915641784667968750e-03 7.165288804456303296e+03 -4.643744078321558333e-01
7.600000000000000000e+01 5.810499191284179688e-03 7.163502431066108329e+03 -4.601525462456882987e-01
7.700000000000000000e+01 5.931138992309570312e-03 7.159807771880397922e+03 -4.598007800070269546e-01
7.800000000000000000e+01 5.792856216430664062e-03 7.157352521606852861e+03 -4.573816878736350344e-01
7.900000000000000000e+01 5.913496017456054688e-03 7.155031487311704950e+03 -4.549775309536396306e-01
8.000000000000000000e+01 5.813598632812500000e-03 7.152914681062542513e+03 -4.524370516544440335e-01
8.100000000000000000e+01 6.016492843627929688e-03 7.150694525087594229e+03 -4.503404004733896904e-01
8.200000000000000000e+01 5.825281143188476562e-03 7.149343873135713693e+03 -4.467699916405887817e-01
8.300000000000000000e+01 5.890130996704101562e-03 7.147758404903817791e+03 -4.438921260701111371e-01
8.400000000000000000e+01 5.809545516967773438e-03 7.145830929562043821e+03 -4.419073677802275446e-01
8.500000000000000000e+01 5.886077880859375000e-03 7.143640632189666576e+03 -4.406452122426015028e-01
8.600000000000000000e+01 7.683753967285156250e-03 7.142561721794342702e+03 -4.373070529351595348e-01
8.700000000000000000e+01 8.121967315673828125e-03 7.140917609479117345e+03 -4.353132352892961077e-01
8.800000000000000000e+01 9.695768356323242188e-03 7.138532388936515417e+03 -4.350182388921908783e-01
8.900000000000000000e+01 1.212549209594726562e-02 7.137398705199378128e+03 -4.322665461151904975e-01
9.000000000000000000e+01 8.188486099243164062e-03 7.136162834008560822e+03 -4.298897955254925574e-01
9.100000000000000000e+01 8.391141891479492188e-03 7.134949511856196295e+03 -4.276161909252478299e-01
9.200000000000000000e+01 1.279616355895996094e-02 7.132750812785280687e+03 -4.275884947052696616e-01
9.300000000000000000e+01 8.990049362182617188e-03 7.131720471381874631e+03 -4.251723336218338756e-01
9.400000000000000000e+01 3.359913825988769531e-02 7.130749945121672681e+03 -4.227606050609941657e-01
9.500000000000000000e+01 1.729750633239746094e-02 7.130197818660385565e+03 -4.195640878760993342e-01
9.600000000000000000e+01 7.839202880859375000e-03 7.127894539118598004e+03 -4.203468970813812877e-01
9.700000000000000000e+01 7.873535156250000000e-03 7.126731377960751161e+03 -4.187038092851555482e-01
9.800000000000000000e+01 7.821559906005859375e-03 7.126093127964617452e+03 -4.159999341251238714e-01
9.900000000000000000e+01 7.900714874267578125e-03 7.124556735849299912e+03 -4.154266864879402887e-01
1.000000000000000000e+02 7.815837860107421875e-03 7.173143021648187641e+03 -3.015248348572233672e-01
1.010000000000000000e+02 8.037090301513671875e-03 7.172348105569441941e+03 -3.007132040084207203e-01
1.020000000000000000e+02 7.813453674316406250e-03 7.170620890728580889e+03 -3.021058172097475514e-01
1.030000000000000000e+02 1.084327697753906250e-02 7.170179346907524632e+03 -3.005787494371013890e-01
1.040000000000000000e+02 1.640295982360839844e-02 7.168608381953381468e+03 -3.017446424939103644e-01
1.050000000000000000e+02 8.164167404174804688e-03 7.167697717903607554e+03 -3.014130542718829187e-01
1.060000000000000000e+02 7.824420928955078125e-03 7.167050333854691416e+03 -3.005137607016480916e-01
1.070000000000000000e+02 7.933616638183593750e-03 7.166105948222077132e+03 -3.003753879256865211e-01
1.080000000000000000e+02 7.842063903808593750e-03 7.165401976026455486e+03 -2.997117838872377371e-01
1.090000000000000000e+02 7.941961288452148438e-03 7.164278334447509224e+03 -3.001107010894644156e-01
1.100000000000000000e+02 8.006572723388671875e-03 7.163526511065252635e+03 -2.996535631675243394e-01
1.110000000000000000e+02 8.002281188964843750e-03 7.162965593370107854e+03 -2.987772380224535951e-01
1.120000000000000000e+02 7.841348648071289062e-03 7.161502141794914678e+03 -3.001668346427484590e-01
1.130000000000000000e+02 8.442401885986328125e-03 7.160176824745562044e+03 -3.012550561928141191e-01
1.140000000000000000e+02 7.916688919067382812e-03 7.160673579377478745e+03 -2.978471726489752003e-01
1.150000000000000000e+02 7.972002029418945312e-03 7.159645995285854042e+03 -2.983065764488068150e-01
1.160000000000000000e+02 9.753942489624023438e-03 7.158555438214352762e+03 -2.989637267687448308e-01
1.170000000000000000e+02 7.966995239257812500e-03 7.158026704346246333e+03 -2.982342745190208477e-01
1.180000000000000000e+02 1.603794097900390625e-02 7.156344202405389296e+03 -3.004867081190774059e-01
1.190000000000000000e+02 9.470224380493164062e-03 7.156234494343965707e+03 -2.987375389787737534e-01
1.200000000000000000e+02 8.535673618316650391e-01 7.801371447673859620e+03 1.367479477428730661e+00
1.200000000000000000e+02 8.590221405029296875e-04 6.944797021436075738e+03 0.000000000000000000e+00
1.210000000000000000e+02 7.714986801147460938e-03 7.854560586859723117e+03 -3.365848008309644812e-01
1.220000000000000000e+02 8.656740188598632812e-03 7.685989871750343809e+03 -3.996110941871199307e-01
1.230000000000000000e+02 7.741212844848632812e-03 7.668318684294022205e+03 -3.682212645687084063e-01
1.240000000000000000e+02 7.682800292968750000e-03 7.642183642981346566e+03 -3.537486635387334100e-01
1.250000000000000000e+02 7.734060287475585938e-03 7.611191997101735979e+03 -3.510092695502270987e-01
1.260000000000000000e+02 8.404970169067382812e-03 7.580164950315096576e+03 -3.539789424602608481e-01
1.270000000000000000e+02 7.780790328979492188e-03 7.549498354085819301e+03 -3.609696385995525003e-01
1.280000000000000000e+02 7.784605026245117188e-03 7.520676360612265853e+03 -3.695473256270968010e-01
1.290000000000000000e+02 7.698774337768554688e-03 7.493341138979337302e+03 -3.793735349266612045e-01
1.300000000000000000e+02 7.761716842651367188e-03 7.470100037523044193e+03 -3.869835321117157667e-01
1.310000000000000000e+02 7.740736007690429688e-03 7.448089342280301025e+03 -3.952274422641720020e-01
1.320000000000000000e+02 7.704257965087890625e-03 7.429070899159707551e+03 -4.016230042364223318e-01
1.330000000000000000e+02 7.799863815307617188e-03 7.411759946065937584e+03 -4.074645250395864116e-01
1.340000000000000000e+02 7.774591445922851562e-03 7.395897283408381554e+03 -4.128388802612906749e-01
1.350000000000000000e+02 7.784366607666015625e-03 7.379601096801204221e+03 -4.200449044556603950e-01
1.360000000000000000e+02 9.463310241699218750e-03 7.361972418376624773e+03 -4.301611731436314479e-01
1.370000000000000000e+02 7.811307907104492188e-03 7.345119323091425031e+03 -4.401193652446157567e-01
1.380000000000000000e+02 7.747650146484375000e-03 7.328906965974631021e+03 -4.500028843235610032e-01
1.390000000000000000e+02 7.839441299438476562e-03 7.315219539237678873e+03 -4.569545918367176607e-01
1.400000000000000000e+02 7.834196090698242188e-03 7.844116948970423437e+03 3.471920206124188280e-01
1.410000000000000000e+02 7.774114608764648438e-03 7.771960418135618056e+03 2.283070012567680607e-01
1.420000000000000000e+02 7.828474044799804688e-03 7.762133370941379326e+03 2.078955955659843036e-01
1.430000000000000000e+02 1.032495498657226562e-02 7.749429939775086496e+03 1.832374745085677270e-01
1.440000000000000000e+02 1.661825180053710938e-02 7.735201459220836114e+03 1.563763653693003575e-01
1.450000000000000000e+02 1.635885238647460938e-02 7.722102673299683374e+03 1.316097131997847614e-01
1.460000000000000000e+02 1.599526405334472656e-02 7.707826880916069058e+03 1.050055913546587977e-01
1.470000000000000000e+02 8.044719696044921875e-03 7.695542711235316347e+03 8.195007298442438803e-02
1.480000000000000000e+02 7.976770401000976562e-03 7.684654310924453966e+03 6.142096863332476703e-02
1.490000000000000000e+02 8.032798767089843750e-03 7.674482330689045739e+03 4.221941060627994874e-02
1.500000000000000000e+02 7.999897003173828125e-03 7.804398211687895127e+03 2.779862953569887662e-01
1.510000000000000000e+02 8.066177368164062500e-03 7.786031540993319140e+03 2.394744557132408302e-01
1.520000000000000000e+02 7.977962493896484375e-03 7.784129909986042549e+03 2.321554467599001026e-01
1.530000000000000000e+02 8.214950561523437500e-03 7.781296363107262550e+03 2.232417662543217107e-01
1.540000000000000000e+02 8.035182952880859375e-03 7.778780161666393724e+03 2.151064718785795915e-01
1.550000000000000000e+02 8.052587509155273438e-03 7.774460580162409315e+03 2.035901257531756992e-01
1.560000000000000000e+02 8.080244064331054688e-03 7.770143506521013478e+03 1.922178231404953197e-01
1.570000000000000000e+02 8.066892623901367188e-03 7.763815430790861683e+03 1.769260476647757929e-01
1.580000000000000000e+02 8.015155792236328125e-03 7.758325987055358382e+03 1.634535191848328073e-01
1.590000000000000000e+02 8.382797241210937500e-03 7.750752105753855176e+03 1.457763728274141246e-01
1.600000000000000000e+02 8.212804794311523438e-03 7.769868506072073615e+03 1.839077290250637209e-01
1.610000000000000000e+02 1.113438606262207031e-02 7.759858544529355640e+03 1.605334476563194945e-01
1.620000000000000000e+02 8.029937744140625000e-03 7.751477998287218725e+03 1.407350436662894444e-01
1.630000000000000000e+02 8.083343505859375000e-03 7.742037437264983055e+03 1.187147197580715463e-01
1.640000000000000000e+02 8.012771606445312500e-03 7.733256048798955817e+03 9.819145298957952794e-02
1.650000000000000000e+02 1.232910156250000000e-02 7.724475324510346582e+03 7.771004647734257309e-02
1.660000000000000000e+02 7.798194885253906250e-03 7.714295748538469525e+03 5.412881450947427953e-02
1.670000000000000000e+02 7.989645004272460938e-03 7.703566519804624477e+03 2.932151261218097008e-02
1.680000000000000000e+02 7.837533950805664062e-03 7.693762331427816207e+03 6.632397740186214349e-03
1.690000000000000000e+02 7.864952087402343750e-03 7.684031835293910262e+03 -1.588930255568260161e-02
1.700000000000000000e+02 7.806777954101562500e-03 7.672498102720198403e+03 -4.262401718816310331e-02
1.710000000000000000e+02 7.874250411987304688e-03 7.664493523174385700e+03 -6.106566830499601806e-02
1.720000000000000000e+02 7.816314697265625000e-03 7.654066246106335711e+03 -8.528464584745930332e-02
1.730000000000000000e+02 7.890701293945312500e-03 7.643763304953338775e+03 -1.092264294154446647e-01
1.740000000000000000e+02 7.819175720214843750e-03 7.633248969744203350e+03 -1.337028574035853956e-01
1.750000000000000000e+02 7.882356643676757812e-03 7.622790278142667376e+03 -1.580659723309068010e-01
1.760000000000000000e+02 7.801294326782226562e-03 7.612934011121364165e+03 -1.809654354423909928e-01
1.770000000000000000e+02 7.874011993408203125e-03 7.604925590624890901e+03 -1.992904520837054105e-01
1.780000000000000000e+02 7.867097854614257812e-03 7.594307214434120397e+03 -2.241839146176365372e-01
1.790000000000000000e+02 7.877826690673828125e-03 7.585158783006655540e+03 -2.453738685263665564e-01
1.800000000000000000e+02 7.814407348632812500e-03 7.575976614630893891e+03 -2.666642285111629485e-01
1.810000000000000000e+02 7.932901382446289062e-03 7.566966037757386403e+03 -2.875244152874554260e-01
1.820000000000000000e+02 7.843971252441406250e-03 7.557933108843772970e+03 -3.084495755350339929e-01
1.830000000000000000e+02 7.908105850219726562e-03 7.549930062311947950e+03 -3.266932903233098484e-01
1.840000000000000000e+02 7.825851440429687500e-03 7.543029813542073498e+03 -3.420486013497530675e-01
1.850000000000000000e+02 7.956743240356445312e-03 7.534584141886721227e+03 -3.614990908289759663e-01
1.860000000000000000e+02 7.869720458984375000e-03 7.527328746818523541e+03 -3.777768989125078747e-01
1.870000000000000000e+02 7.925033569335937500e-03 7.521208632511607902e+03 -3.910166354733298211e-01
1.880000000000000000e+02 7.879972457885742188e-03 7.513107875931194030e+03 -4.096032554094453104e-01
1.890000000000000000e+02 7.915258407592773438e-03 7.506929360144811653e+03 -4.229631658328716348e-01
1.900000000000000000e+02 7.863521575927734375e-03 7.536993038687870467e+03 -3.375085377544682630e-01
1.910000000000000000e+02 7.922172546386718750e-03 7.530074558437790984e+03 -3.539043364905165578e-01
1.920000000000000000e+02 7.869005203247070312e-03 7.524979981781195420e+03 -3.652650356891762873e-01
1.930000000000000000e+02 7.962703704833984375e-03 7.519167826267806049e+03 -3.786333712617471203e-01
1.940000000000000000e+02 7.875204086303710938e-03 7.513816977246758142e+03 -3.907187902634079446e-01
1.950000000000000000e+02 6.628751754760742188e-03 7.508360608060999766e+03 -4.031092117125669172e-01
1.960000000000000000e+02 7.906436920166015625e-03 7.503703542902261688e+03 -4.132469067008527341e-01
1.970000000000000000e+02 7.960319519042968750e-03 7.499715145070989820e+03 -4.214983081778812535e-01
1.980000000000000000e+02 7.914543151855468750e-03 7.495935113780403299e+03 -4.291745943811728914e-01
1.990000000000000000e+02 1.067733764648437500e-02 7.491808001815672469e+03 -4.378685421258566857e-01
