2.246727862714286020e+05
1.000000000000000000e+00 1.350688934326171875e-02 6.940915222310898571e+03 0.000000000000000000e+00
2.000000000000000000e+00 1.427030563354492188e-02 6.940704912999867702e+03 -7.071925100970762879e-01
3.000000000000000000e+00 1.501441001892089844e-02 6.940713304892698034e+03 -5.773985753342053551e-01
4.000000000000000000e+00 1.919317245483398438e-02 6.941102964709144544e+03 -4.998125636039075226e-01
5.000000000000000000e+00 1.648998260498046875e-02 6.941387452899355594e+03 -4.468730634018776571e-01
6.000000000000000000e+00 1.710343360900878906e-02 6.940651757774361613e+03 -4.084692871993311214e-01
7.000000000000000000e+00 1.799511909484863281e-02 6.941324594302316655e+03 -3.776502764615968233e-01
8.000000000000000000e+00 1.883149147033691406e-02 6.940214254491265820e+03 -3.541707131889097471e-01
9.000000000000000000e+00 1.938366889953613281e-02 6.940943665955066535e+03 -3.332755041563795206e-01
1.000000000000000000e+01 1.996588706970214844e-02 6.940648420062185323e+03 -3.164426940099812624e-01
1.100000000000000000e+01 2.137064933776855469e-02 6.941279826623920599e+03 -3.011106146659771055e-01
1.200000000000000000e+01 4.097604751586914062e-02 6.940963897950708997e+03 -2.886100800930260779e-01
1.300000000000000000e+01 3.110194206237792969e-02 6.941190533071458958e+03 -2.770524969254545833e-01
1.400000000000000000e+01 2.306079864501953125e-02 6.940156860824162322e+03 -2.680909734307296843e-01
1.500000000000000000e+01 2.328062057495117188e-02 6.941309959232316032e+03 -2.577091356032570335e-01
1.600000000000000000e+01 2.436757087707519531e-02 6.941125463509189103e+03 -2.497406142395555972e-01
1.700000000000000000e+01 2.410840988159179688e-02 6.940514772611008084e+03 -2.430107363035028112e-01
1.800000000000000000e+01 2.705073356628417969e-02 6.941266820778214424e+03 -2.352427118795128724e-01
1.900000000000000000e+01 2.565169334411621094e-02 6.941389467413736384e+03 -2.288157246772840603e-01
2.000000000000000000e+01 2.658057212829589844e-02 6.970315349877921108e+03 -1.857365379314769027e-01
2.100000000000000000e+01 2.842330932617187500e-02 6.970905253195906880e+03 -1.805510903082575280e-01
2.200000000000000000e+01 2.942728996276855469e-02 6.969320174840808249e+03 -1.786076352530251432e-01
2.300000000000000000e+01 2.778458595275878906e-02 6.968516281876221001e+03 -1.758479865223676608e-01
2.400000000000000000e+01 2.915167808532714844e-02 6.968898830398820792e+03 -1.716516058117466270e-01
2.500000000000000000e+01 3.114342689514160156e-02 6.968020422649547982e+03 -1.694942811804490690e-01
2.600000000000000000e+01 4.722428321838378906e-02 6.968327962526876945e+03 -1.657874735164802382e-01
2.700000000000000000e+01 6.277680397033691406e-02 6.967767398860716639e+03 -1.635639977236748588e-01
2.800000000000000000e+01 3.341221809387207031e-02 6.966529792321111017e+03 -1.625390619383714208e-01
2.900000000000000000e+01 3.275775909423828125e-02 6.967232102928209315e+03 -1.586458597063405973e-01
3.000000000000000000e+01 3.575348854064941406e-02 6.967541098082749158e+03 -1.555153393206264723e-01
3.100000000000000000e+01 3.318428993225097656e-02 6.966387290429608584e+03 -1.548664805006491896e-01
3.200000000000000000e+01 3.497004508972167969e-02 6.966140195278046122e+03 -1.528518692668047185e-01
3.300000000000000000e+01 3.466486930847167969e-02 6.965503469284461062e+03 -1.515940794104198297e-01
3.400000000000000000e+01 3.522801399230957031e-02 6.966202071058998627e+03 -1.481869411670938552e-01
3.500000000000000000e+01 4.060006141662597656e-02 6.965482898992674563e+03 -1.473009151151775942e-01
3.600000000000000000e+01 4.789924621582031250e-02 6.966381718259331137e+03 -1.436953835776119681e-01
3.700000000000000000e+01 3.817772865295410156e-02 6.964594089836836247e+03 -1.448991013128257954e-01
3.800000000000000000e+01 3.898859024047851562e-02 6.965291324317589897e+03 -1.417483310147980013e-01
3.900000000000000000e+01 1.309423446655273438e-01 6.965652064051967500e+03 -1.392790533351456750e-01
4.000000000000000000e+01 8.235006332397460938e-01 7.823851613698898291e+03 1.432609354929641032e+00
4.000000000000000000e+01 1.885175704956054688e-03 6.984184860555266823e+03 0.000000000000000000e+00
4.100000000000000000e+01 1.391410827636718750e-02 7.825735473955086491e+03 -3.662989948362870285e-01
4.200000000000000000e+01 1.571035385131835938e-02 7.652474414010464898e+03 -4.259383855093794025e-01
4.300000000000000000e+01 1.485347747802734375e-02 7.637507257767824740e+03 -3.883157484967351136e-01
4.400000000000000000e+01 1.555085182189941406e-02 7.594834620113970232e+03 -3.831253033796091501e-01
4.500000000000000000e+01 1.631689071655273438e-02 7.498025555711259585e+03 -4.301134136274799014e-01
4.600000000000000000e+01 1.679158210754394531e-02 7.381225954877924778e+03 -4.997344197512711417e-01
4.700000000000000000e+01 1.773738861083984375e-02 7.264437214627843787e+03 -5.722817828471085111e-01
4.800000000000000000e+01 1.845192909240722656e-02 7.146107343876738014e+03 -6.478445803923011947e-01
4.900000000000000000e+01 1.903533935546875000e-02 7.049333454457427251e+03 -7.018020292465745325e-01
5.000000000000000000e+01 1.964354515075683594e-02 7.055220958318803241e+03 -6.502825186044541850e-01
5.100000000000000000e+01 2.120399475097656250e-02 7.022275711355893691e+03 -6.485433806340129559e-01
5.200000000000000000e+01 2.103948593139648438e-02 7.003623375943776409e+03 -6.349419512135960897e-01
5.300000000000000000e+01 2.397918701171875000e-02 6.994002281144277731e+03 -6.151046207663927179e-01
5.400000000000000000e+01 2.232122421264648438e-02 6.986641542180619581e+03 -5.962950754214011440e-01
5.500000000000000000e+01 2.331328392028808594e-02 6.982757410648804580e+03 -5.764440913703398062e-01
5.600000000000000000e+01 2.399873733520507812e-02 6.979945602425897050e+03 -5.579548101258350323e-01
5.700000000000000000e+01 2.389883995056152344e-02 6.977767687679091978e+03 -5.409246667666602892e-01
5.800000000000000000e+01 2.495288848876953125e-02 6.975434975121239404e+03 -5.259862202926400832e-01
5.900000000000000000e+01 2.520942687988281250e-02 6.973516742113754844e+03 -5.121225457586514596e-01
6.000000000000000000e+01 2.900242805480957031e-02 6.971940083892198345e+03 -4.992022325415987338e-01
6.100000000000000000e+01 2.643418312072753906e-02 6.970026998403626749e+03 -4.879382518567462190e-01
6.200000000000000000e+01 2.755975723266601562e-02 6.968576916492284909e+03 -4.770955934878133298e-01
6.300000000000000000e+01 2.754759788513183594e-02 6.966267239333250473e+03 -4.683651982115403789e-01
6.400000000000000000e+01 2.892279624938964844e-02 6.964003943068830267e+03 -4.603748397869660836e-01
6.500000000000000000e+01 2.890038490295410156e-02 6.961726633786525781e+03 -4.531237325032477781e-01
6.600000000000000000e+01 3.041577339172363281e-02 6.959382610645436216e+03 -4.466142274431093573e-01
6.700000000000000000e+01 3.846359252929687500e-02 6.956295818376636817e+03 -4.417734848852537533e-01
6.800000000000000000e+01 1.174657344818115234e-01 6.953209717806725166e+03 -4.374453528484887332e-01
6.900000000000000000e+01 3.251838684082031250e-02 6.950173951856315398e+03 -4.335103785188567649e-01
7.000000000000000000e+01 3.213024139404296875e-02 6.947094612652268552e+03 -4.300728256273246286e-01
7.100000000000000000e+01 3.502893447875976562e-02 6.943175247356059117e+03 -4.283321461320593326e-01
7.200000000000000000e+01 3.468084335327148438e-02 6.940860263542893335e+03 -4.244256998638303302e-01
7.300000000000000000e+01 3.428792953491210938e-02 6.937988436368618750e+03 -4.217558151936920963e-01
7.400000000000000000e+01 3.499174118041992188e-02 6.935951125230558318e+03 -4.180605414003131237e-01
7.500000000000000000e+01 3.591060638427734375e-02 6.933775160289204905e+03 -4.148984452252685307e-01
7.600000000000000000e+01 3.725171089172363281e-02 6.932204375142821846e+03 -4.110232475044131584e-01
7.700000000000000000e+01 5.341339111328125000e-02 6.929144339444887009e+03 -4.099030976051526998e-01
7.800000000000000000e+01 5.277681350708007812e-02 6.926594298106989299e+03 -4.081587869251929734e-01
7.900000000000000000e+01 4.016995429992675781e-02 6.924067634346209161e+03 -4.066025516163569442e-01
8.000000000000000000e+01 3.937697410583496094e-02 6.922130853701379237e+03 -4.042453689285899765e-01
8.100000000000000000e+01 4.016232490539550781e-02 6.920845939250176343e+03 -4.009637938049039341e-01
8.200000000000000000e+01 7.970523834228515625e-02 6.919387055026065354e+03 -3.981932517530871740e-01
8.300000000000000000e+01 4.884696006774902344e-02 6.918080760754444782e+03 -3.953430133455712592e-01
8.400000000000000000e+01 4.359483718872070312e-02 6.916643203799395451e+03 -3.929100692536560691e-01
8.500000000000000000e+01 4.601812362670898438e-02 6.914738932627045870e+03 -3.914920165418178111e-01
8.600000000000000000e+01 4.683470726013183594e-02 6.913549098253349257e+03 -3.889253365116100425e-01
8.700000000000000000e+01 4.745244979858398438e-02 6.912154600561418192e+03 -3.868918489451469989e-01
8.800000000000000000e+01 4.865217208862304688e-02 6.909144545546801055e+03 -3.880085695534760126e-01
8.900000000000000000e+01 4.840087890625000000e-02 6.907629693446140664e+03 -3.864418502244287290e-01
9.000000000000000000e+01 4.944062232971191406e-02 6.906254741255148474e+03 -3.847423939179542285e-01
9.100000000000000000e+01 8.415126800537109375e-02 6.904555216477841896e+03 -3.837895535128084679e-01
9.200000000000000000e+01 5.277609825134277344e-02 6.902554040759489908e+03 -3.835352598394761725e-01
9.300000000000000000e+01 5.302739143371582031e-02 6.902037593324401314e+03 -3.805105045504900696e-01
9.400000000000000000e+01 5.254936218261718750e-02 6.901360299908577872e+03 -3.779199299067886875e-01
9.500000000000000000e+01 5.830860137939453125e-02 6.900828335995732232e+03 -3.751553258938870594e-01
9.600000000000000000e+01 5.539917945861816406e-02 6.899054493229617947e+03 -3.749662136542910584e-01
9.700000000000000000e+01 5.902886390686035156e-02 6.898893822220188667e+03 -3.716406935297025260e-01
9.800000000000000000e+01 1.265561580657958984e-01 6.898832648414534560e+03 -3.682177397571004818e-01
9.900000000000000000e+01 6.603288650512695312e-02 6.897290907621199949e+03 -3.679021266804811119e-01
1.000000000000000000e+02 6.162190437316894531e-02 6.946010815449825714e+03 -2.648080211348137203e-01
1.010000000000000000e+02 5.773091316223144531e-02 6.945930741353577105e+03 -2.627133256919454984e-01
1.020000000000000000e+02 6.067037582397460938e-02 6.944894178337177436e+03 -2.626628321748286088e-01
1.030000000000000000e+02 6.530380249023437500e-02 6.944776908263536825e+03 -2.607384134259729813e-01
1.040000000000000000e+02 6.390738487243652344e-02 6.943596931918237715e+03 -2.611077137042632779e-01
1.050000000000000000e+02 6.711030006408691406e-02 6.942942420226338982e+03 -2.604072623676679243e-01
1.060000000000000000e+02 6.604766845703125000e-02 6.942467678555432940e+03 -2.593692512294258345e-01
1.070000000000000000e+02 8.929705619812011719e-02 6.941311439949436135e+03 -2.598456646270219661e-01
1.080000000000000000e+02 6.658864021301269531e-02 6.941467446835899864e+03 -2.575172889691519917e-01
1.090000000000000000e+02 6.748414039611816406e-02 6.940178045726761411e+03 -2.583917306767778976e-01
1.100000000000000000e+02 6.672501564025878906e-02 6.939864942462260842e+03 -2.571580130025502564e-01
1.110000000000000000e+02 7.036113739013671875e-02 6.939084885334820683e+03 -2.569991635831700427e-01
1.120000000000000000e+02 7.494974136352539062e-02 6.938321984232756222e+03 -2.568402790507521294e-01
1.130000000000000000e+02 7.188010215759277344e-02 6.936856781324351687e+03 -2.582934845157712767e-01
1.140000000000000000e+02 7.524180412292480469e-02 6.937373982421080655e+03 -2.553063298005037729e-01
1.150000000000000000e+02 7.421493530273437500e-02 6.936423246756970912e+03 -2.556926721598887786e-01
1.160000000000000000e+02 7.367491722106933594e-02 6.935412476608013094e+03 -2.562494474157566704e-01
1.170000000000000000e+02 7.943105697631835938e-02 6.934852638012778698e+03 -2.558016413118404664e-01
1.180000000000000000e+02 1.824932098388671875e-01 6.933420690427929003e+03 -2.574040077770390900e-01
1.190000000000000000e+02 8.195996284484863281e-02 6.933777868263123310e+03 -2.548723356382104899e-01
1.200000000000000000e+02 1.001079082489013672e+00 7.839985086712008524e+03 1.867867140853250785e+00
1.200000000000000000e+02 1.787185668945312500e-03 6.919131841443986559e+03 0.000000000000000000e+00
1.210000000000000000e+02 1.336550712585449219e-02 7.851490862366534202e+03 -3.259737712641948559e-01
1.220000000000000000e+02 1.402378082275390625e-02 7.690904451530133883e+03 -3.867045870074399816e-01
1.230000000000000000e+02 1.478481292724609375e-02 7.674627043959377261e+03 -3.564888759122634698e-01
1.240000000000000000e+02 2.076029777526855469e-02 7.637653641166892157e+03 -3.518236326446828599e-01
1.250000000000000000e+02 4.178047180175781250e-02 7.563590866715499942e+03 -3.854621164169773073e-01
1.260000000000000000e+02 2.567148208618164062e-02 7.464702365843354528e+03 -4.466924061042608085e-01
1.270000000000000000e+02 1.772713661193847656e-02 7.370869405756774540e+03 -5.063663710342852786e-01
1.280000000000000000e+02 1.846194267272949219e-02 7.274281691778143795e+03 -5.712205247638547645e-01
1.290000000000000000e+02 1.914453506469726562e-02 7.189666542200515323e+03 -6.246908944550081388e-01
1.300000000000000000e+02 3.167462348937988281e-02 7.113006282142066084e+03 -6.706653509745480468e-01
1.310000000000000000e+02 3.935146331787109375e-02 7.062205294001318180e+03 -6.887656456967116148e-01
1.320000000000000000e+02 4.084014892578125000e-02 7.036687889337021261e+03 -6.804817974165495720e-01
1.330000000000000000e+02 6.074953079223632812e-02 7.018674958129810875e+03 -6.673275124901230093e-01
1.340000000000000000e+02 2.295899391174316406e-02 7.005803871807119322e+03 -6.516797701679902799e-01
1.350000000000000000e+02 6.859612464904785156e-02 6.995418422009375718e+03 -6.362880765260724436e-01
1.360000000000000000e+02 2.448248863220214844e-02 6.985157866592780010e+03 -6.235870627829639412e-01
1.370000000000000000e+02 2.488446235656738281e-02 6.978442715468549977e+03 -6.087549672608524309e-01
1.380000000000000000e+02 2.536940574645996094e-02 6.972965796246855462e+03 -5.944913355579690695e-01
1.390000000000000000e+02 2.561044692993164062e-02 6.969979207774730639e+03 -5.788416751832554663e-01
1.400000000000000000e+02 3.047490119934082031e-02 7.923727886393052358e+03 7.179820727769806732e-01
1.400000000000000000e+02 6.350469589233398438e-02 7.922139435894915550e+03 0.000000000000000000e+00
1.410000000000000000e+02 4.884743690490722656e-02 7.788929997569821353e+03 0.000000000000000000e+00
1.420000000000000000e+02 2.790999412536621094e-02 7.788712926984546357e+03 -7.094113038205915878e-01
1.430000000000000000e+02 2.812862396240234375e-02 7.787954035584917619e+03 -5.886191855027832487e-01
1.440000000000000000e+02 3.033804893493652344e-02 7.786927175578723109e+03 -5.240175512553483239e-01
1.450000000000000000e+02 3.714942932128906250e-02 7.786791867208712574e+03 -4.695188130562253925e-01
1.460000000000000000e+02 3.158783912658691406e-02 7.785118656654480219e+03 -4.582553724387335436e-01
1.470000000000000000e+02 3.071427345275878906e-02 7.784336184465914812e+03 -4.380986057174890425e-01
1.480000000000000000e+02 3.404092788696289062e-02 7.784030575787136513e+03 -4.147658742148738198e-01
1.490000000000000000e+02 3.327107429504394531e-02 7.783586613590735396e+03 -3.997194371017994685e-01
1.500000000000000000e+02 3.288817405700683594e-02 7.792672500223006864e+03 -1.669400624587972781e-01
1.510000000000000000e+02 3.318190574645996094e-02 7.789944788873028301e+03 -2.265039235055928413e-01
1.520000000000000000e+02 3.582739830017089844e-02 7.789816378394917592e+03 -2.205407237968769196e-01
1.530000000000000000e+02 4.861903190612792969e-02 7.789246963396314641e+03 -2.273943276763224497e-01
1.540000000000000000e+02 7.366824150085449219e-02 7.789510400320522422e+03 -2.120313606692507125e-01
1.550000000000000000e+02 4.071331024169921875e-02 7.788465009038609423e+03 -2.350661652918691891e-01
1.560000000000000000e+02 3.875660896301269531e-02 7.788388543744344133e+03 -2.299579391988780530e-01
1.570000000000000000e+02 3.781843185424804688e-02 7.786900124241419689e+03 -2.687085379822271025e-01
1.580000000000000000e+02 3.997302055358886719e-02 7.787153635805376325e+03 -2.530551622635882070e-01
1.590000000000000000e+02 4.340124130249023438e-02 7.785857309932247517e+03 -2.881610579103030534e-01
1.600000000000000000e+02 4.159426689147949219e-02 7.812587848576366014e+03 6.053642735929307683e-01
1.600000000000000000e+02 8.048439025878906250e-02 7.808946990953882050e+03 0.000000000000000000e+00
1.610000000000000000e+02 4.081511497497558594e-02 7.808238049100524222e+03 0.000000000000000000e+00
1.620000000000000000e+02 4.351019859313964844e-02 7.808102454386690624e+03 -9.775942441305425223e-01
1.630000000000000000e+02 4.468584060668945312e-02 7.806859989824380136e+03 -3.459788658629050495e+00
1.640000000000000000e+02 4.365324974060058594e-02 7.806145306091772909e+03 -2.180250128080780225e+00
1.650000000000000000e+02 1.059517860412597656e-01 7.805274345248678401e+03 -2.107251928409740405e+00
1.660000000000000000e+02 5.034255981445312500e-02 7.802845507222900778e+03 -3.144827821711984939e+00
1.670000000000000000e+02 4.503154754638671875e-02 7.799555157744677672e+03 -3.362145663715314647e+00
1.680000000000000000e+02 6.820011138916015625e-02 7.796755597518885224e+03 -2.835486897374221549e+00
1.690000000000000000e+02 7.509088516235351562e-02 7.793677278823858614e+03 -2.625465143017652991e+00
1.700000000000000000e+02 8.162164688110351562e-02 7.788170635221885277e+03 -2.920530894548392986e+00
1.710000000000000000e+02 4.905009269714355469e-02 7.785562581475599472e+03 -2.431605799454896299e+00
1.720000000000000000e+02 4.854559898376464844e-02 7.780323707456769625e+03 -2.527989957446042268e+00
1.730000000000000000e+02 6.904029846191406250e-02 7.774317710981817072e+03 -2.589881996549791676e+00
1.740000000000000000e+02 5.217409133911132812e-02 7.767344571889329927e+03 -2.642236296578304167e+00
1.750000000000000000e+02 5.276870727539062500e-02 7.759572947500883856e+03 -2.665761461667536469e+00
1.760000000000000000e+02 5.781984329223632812e-02 7.751251683081359261e+03 -2.655812538231620223e+00
1.770000000000000000e+02 5.462670326232910156e-02 7.742882018836228781e+03 -2.604714015130112248e+00
1.780000000000000000e+02 5.522966384887695312e-02 7.730011567746810215e+03 -2.752570445526323795e+00
1.790000000000000000e+02 5.702638626098632812e-02 7.715389182145029736e+03 -2.847848096554039365e+00
1.800000000000000000e+02 5.633068084716796875e-02 7.697288436915054262e+03 -2.962261222864813526e+00
1.810000000000000000e+02 5.907964706420898438e-02 7.675663036641466533e+03 -3.062151172496399454e+00
1.820000000000000000e+02 6.706261634826660156e-02 7.649191724561343108e+03 -3.167053284653281953e+00
1.830000000000000000e+02 9.405946731567382812e-02 7.621262522016405455e+03 -3.175115604516349332e+00
1.840000000000000000e+02 6.054663658142089844e-02 7.595650388421828211e+03 -3.067279008486526237e+00
1.850000000000000000e+02 7.451653480529785156e-02 7.570383609253854956e+03 -2.953443519684483043e+00
1.860000000000000000e+02 6.489586830139160156e-02 7.548512411087007422e+03 -2.802762439959158858e+00
1.870000000000000000e+02 6.753230094909667969e-02 7.528549550249137610e+03 -2.662596911436529545e+00
1.880000000000000000e+02 6.586599349975585938e-02 7.505754355959657914e+03 -2.588044100939935088e+00
1.890000000000000000e+02 9.203958511352539062e-02 7.480559263840561471e+03 -2.548329429110993694e+00
1.900000000000000000e+02 7.106924057006835938e-02 7.484558036216996697e+03 -2.227473717978268208e+00
1.910000000000000000e+02 2.205612659454345703e-01 7.448786103505897700e+03 -2.354010447527888683e+00
1.920000000000000000e+02 7.106947898864746094e-02 7.412623325593590380e+03 -2.440896002037030943e+00
1.930000000000000000e+02 7.133150100708007812e-02 7.375937326734881935e+03 -2.497331498171821540e+00
1.940000000000000000e+02 7.242083549499511719e-02 7.341747952229187831e+03 -2.508442786291076310e+00
1.950000000000000000e+02 1.032848358154296875e-01 7.309353504937618709e+03 -2.493878130382521263e+00
1.960000000000000000e+02 7.272553443908691406e-02 7.280346494081009041e+03 -2.452474857127416641e+00
1.970000000000000000e+02 8.036017417907714844e-02 7.255571465704711954e+03 -2.388968603888959041e+00
1.980000000000000000e+02 7.478594779968261719e-02 7.233303695358596087e+03 -2.321195091576414793e+00
1.990000000000000000e+02 7.761836051940917969e-02 7.211929640399441269e+03 -2.259916635226382198e+00
