2.190328120680789277e+07
1.000000000000000000e+00 1.829550266265869141e-01 1.433718603170480637e+05 0.000000000000000000e+00
2.000000000000000000e+00 1.289412975311279297e-01 1.461399809001867834e+05 7.766428960389870628e-01
3.000000000000000000e+00 9.104394912719726562e-02 8.879838190969047719e+04 -1.101978882518612313e+00
4.000000000000000000e+00 9.134864807128906250e-02 1.310712913290441356e+05 4.485029372556870730e-01
5.000000000000000000e+00 1.653773784637451172e-01 1.081210626352204563e+05 -3.827236396425228171e-01
6.000000000000000000e+00 1.831161975860595703e-01 1.236705634978936287e+05 2.355135338882417273e-01
7.000000000000000000e+00 1.305522918701171875e-01 1.412027593594823265e+05 9.414118798620277895e-01
8.000000000000000000e+00 1.379723548889160156e-01 1.413221320109117660e+05 8.422646443830648089e-01
9.000000000000000000e+00 1.181082725524902344e-01 1.402416979464305623e+05 7.203249979608731257e-01
1.000000000000000000e+01 2.321796417236328125e-01 1.475922078774258262e+05 9.928842282019848531e-01
1.100000000000000000e+01 9.370541572570800781e-02 1.568494992524917470e+05 1.318155659816531156e+00
1.200000000000000000e+01 9.230971336364746094e-02 1.660789986898307397e+05 1.575984033111901272e+00
1.300000000000000000e+01 9.230184555053710938e-02 1.515775452624444442e+05 7.866050450968626873e-01
1.400000000000000000e+01 9.136486053466796875e-02 1.600173248814227991e+05 1.095127778749238168e+00
1.500000000000000000e+01 9.211492538452148438e-02 1.417106764969329524e+05 2.565211247957819296e-01
1.600000000000000000e+01 9.425616264343261719e-02 1.570429617698912916e+05 9.068936732288033209e-01
1.700000000000000000e+01 9.252405166625976562e-02 1.929469329495502461e+05 2.412692071164944885e+00
1.800000000000000000e+01 9.229469299316406250e-02 2.168489530344535597e+05 2.945720661738959745e+00
1.900000000000000000e+01 9.338355064392089844e-02 2.726700100859248196e+05 4.171563127070306187e+00
1.900000000000000000e+01 1.854929924011230469e-01 2.247764947193110711e+05 0.000000000000000000e+00
2.000000000000000000e+01 9.676766395568847656e-02 3.300746529087655945e+05 0.000000000000000000e+00
2.100000000000000000e+01 1.090199947357177734e-01 2.380984174729337392e+05 -5.281858564618948648e-01
2.200000000000000000e+01 9.108495712280273438e-02 3.154187963916204753e+05 8.912704610908814828e-01
2.300000000000000000e+01 9.159326553344726562e-02 3.292978260541805066e+05 9.788470443007002419e-01
2.400000000000000000e+01 1.363360881805419922e-01 2.619082761371278029e+05 -4.951309565083137909e-01
2.500000000000000000e+01 9.368729591369628906e-02 3.091072409995610942e+05 5.445890815728634538e-01
2.600000000000000000e+01 9.344077110290527344e-02 3.262709407788029057e+05 8.853012258310092308e-01
2.700000000000000000e+01 9.451794624328613281e-02 2.740628767863899120e+05 -4.102619492545434010e-01
2.800000000000000000e+01 9.186053276062011719e-02 3.432343110391439404e+05 1.300099920381110552e+00
2.900000000000000000e+01 9.209823608398437500e-02 3.593322841843898059e+05 1.519062868069256167e+00
3.000000000000000000e+01 9.310293197631835938e-02 3.498503999219195102e+05 1.097609110908529084e+00
3.100000000000000000e+01 9.274077415466308594e-02 3.375922501638919930e+05 7.269772109426768658e-01
3.200000000000000000e+01 9.175467491149902344e-02 3.111327377760846284e+05 8.043630958264985642e-02
3.300000000000000000e+01 1.035194396972656250e-01 3.053721837124557351e+05 -5.943261834211215067e-02
3.400000000000000000e+01 9.268569946289062500e-02 3.312892015099390410e+05 5.827172942701863700e-01
3.500000000000000000e+01 9.450864791870117188e-02 3.146830190111013944e+05 1.392460155000596889e-01
3.600000000000000000e+01 9.467172622680664062e-02 2.497527654663068533e+05 -1.559370865290265806e+00
3.700000000000000000e+01 9.382343292236328125e-02 2.099368497420201893e+05 -2.421275449039066885e+00
3.800000000000000000e+01 9.351134300231933594e-02 2.118775584393358149e+05 -2.005597410993889440e+00
3.900000000000000000e+01 9.470415115356445312e-02 2.687283408541595563e+05 -5.856341768185018282e-01
4.000000000000000000e+01 1.377282142639160156e-01 2.945250042101840954e+05 -1.703894059175448464e-02
4.100000000000000000e+01 1.184206008911132812e-01 2.721985849262795527e+05 -5.047325423254453991e-01
4.200000000000000000e+01 9.418725967407226562e-02 2.610524962154965906e+05 -7.392651090725894658e-01
4.300000000000000000e+01 9.311628341674804688e-02 2.785883866040483117e+05 -3.217030722426362788e-01
4.400000000000000000e+01 9.425592422485351562e-02 2.613927582943680172e+05 -7.088232195283341586e-01
4.500000000000000000e+01 9.530138969421386719e-02 3.041386440636261250e+05 3.010580723234866363e-01
4.600000000000000000e+01 9.308004379272460938e-02 2.910353573360616574e+05 -1.374061534944354124e-02
4.700000000000000000e+01 9.475660324096679688e-02 3.302370946778021753e+05 9.281736811767297146e-01
4.800000000000000000e+01 9.457159042358398438e-02 3.053788715518599492e+05 2.999436139508009358e-01
4.900000000000000000e+01 9.491944313049316406e-02 3.029860625705700368e+05 2.360391669658732094e-01
5.000000000000000000e+01 9.450936317443847656e-02 2.970622701290908735e+05 8.474426621497838097e-02
5.100000000000000000e+01 9.503293037414550781e-02 2.956975769123375067e+05 4.893582171444570139e-02
5.200000000000000000e+01 9.430217742919921875e-02 2.794214188177393517e+05 -3.699173705937512380e-01
5.300000000000000000e+01 9.550333023071289062e-02 2.703645557775911293e+05 -5.996356901697408315e-01
5.400000000000000000e+01 9.479951858520507812e-02 3.090107860667327186e+05 4.277227248310659924e-01
5.500000000000000000e+01 9.608769416809082031e-02 3.489326500511138001e+05 1.482773473538636200e+00
5.600000000000000000e+01 1.594719886779785156e-01 3.223139417954784585e+05 7.232607072172273499e-01
5.700000000000000000e+01 9.647774696350097656e-02 3.089515227787470212e+05 3.566408558389666528e-01
5.800000000000000000e+01 1.262958049774169922e-01 3.346033542378548882e+05 1.035822027497305786e+00
5.900000000000000000e+01 9.624147415161132812e-02 3.983212465089589241e+05 2.707968616013909813e+00
6.000000000000000000e+01 1.043310165405273438e-01 3.500770541254492127e+05 1.262167695292170988e+00
6.100000000000000000e+01 9.486770629882812500e-02 3.041244947683743085e+05 9.105895353050844077e-02
6.200000000000000000e+01 9.405851364135742188e-02 2.867745651030114386e+05 -3.428329634005454762e-01
6.300000000000000000e+01 9.586262702941894531e-02 2.839256082562358934e+05 -4.103621891243860453e-01
6.400000000000000000e+01 9.554481506347656250e-02 2.918764886110441294e+05 -2.027458140514027951e-01
6.500000000000000000e+01 9.473729133605957031e-02 3.186416131275100634e+05 4.881053155555061807e-01
6.600000000000000000e+01 9.633684158325195312e-02 3.650913791520787054e+05 1.686864244541212532e+00
6.700000000000000000e+01 9.490108489990234375e-02 4.066169590697909007e+05 2.678651703955639007e+00
6.800000000000000000e+01 9.457182884216308594e-02 4.341273543860160280e+05 3.133570904735532903e+00
6.800000000000000000e+01 2.653615474700927734e-01 1.956849695895624172e+05 0.000000000000000000e+00
6.900000000000000000e+01 1.675987243652343750e-01 1.508401995619923691e+05 0.000000000000000000e+00
7.000000000000000000e+01 1.612625122070312500e-01 2.159965119217423780e+05 1.347646550288371214e+00
7.100000000000000000e+01 9.478926658630371094e-02 2.239034632912875386e+05 1.091699561776131144e+00
7.200000000000000000e+01 9.568095207214355469e-02 2.976991559096784331e+05 3.087374825961391345e+00
7.200000000000000000e+01 2.003848552703857422e-01 1.767430200191324402e+05 0.000000000000000000e+00
7.300000000000000000e+01 9.496951103210449219e-02 1.947038114850809798e+05 0.000000000000000000e+00
7.400000000000000000e+01 4.629111289978027344e-01 2.795308052485032240e+05 7.386293790456472053e+00
7.400000000000000000e+01 3.266334533691406250e-04 4.602190055410650530e+04 0.000000000000000000e+00
7.500000000000000000e+01 9.668660163879394531e-02 1.604830352582411724e+05 2.810185792875937949e+00
7.600000000000000000e+01 9.028649330139160156e-02 1.219779415994242008e+05 3.899919786208384531e-01
7.700000000000000000e+01 9.506964683532714844e-02 1.281029512420981628e+05 4.751155780509804250e-01
7.800000000000000000e+01 8.940291404724121094e-02 1.310429335276351921e+05 4.944433971679564888e-01
7.900000000000000000e+01 1.642284393310546875e-01 1.561950806064592034e+05 1.085626628057102749e+00
8.000000000000000000e+01 1.816089153289794922e-01 1.541795255573477480e+05 8.788030799119254111e-01
8.100000000000000000e+01 1.827299594879150391e-01 1.538498927897370304e+05 7.788739824600297013e-01
8.200000000000000000e+01 1.846315860748291016e-01 1.814832266030919563e+05 1.449893571657243196e+00
8.300000000000000000e+01 1.906504631042480469e-01 2.572989949139603123e+05 3.172685953625225430e+00
8.300000000000000000e+01 3.190369606018066406e-01 2.486362293445903342e+05 0.000000000000000000e+00
8.400000000000000000e+01 9.350132942199707031e-02 2.180433236625311547e+05 0.000000000000000000e+00
8.500000000000000000e+01 9.087038040161132812e-02 3.294432324956823140e+05 4.442559731574871940e+00
8.500000000000000000e+01 1.823992729187011719e-01 3.027039817784558982e+05 0.000000000000000000e+00
8.600000000000000000e+01 1.564159393310546875e-01 2.418170817022388510e+05 0.000000000000000000e+00
8.700000000000000000e+01 9.457898139953613281e-02 2.597581403344061109e+05 -2.903917175327727085e-01
8.800000000000000000e+01 2.060720920562744141e-01 3.130008271942029824e+05 1.435326449377383851e+00
8.900000000000000000e+01 1.894443035125732422e-01 3.217910175777786644e+05 1.248725423578837201e+00
9.000000000000000000e+01 2.058608531951904297e-01 3.982862797906444757e+05 3.152046437027162362e+00
9.000000000000000000e+01 2.963974475860595703e-01 2.757324613493622164e+05 0.000000000000000000e+00
9.100000000000000000e+01 9.012055397033691406e-02 2.457639479027206253e+05 0.000000000000000000e+00
9.200000000000000000e+01 9.263253211975097656e-02 2.712232865153754828e+05 4.943189091191030338e-01
9.300000000000000000e+01 3.179895877838134766e-01 4.484396798061329755e+05 1.139941520069739056e+01
9.300000000000000000e+01 2.985000610351562500e-04 7.145651049013060401e+04 0.000000000000000000e+00
9.400000000000000000e+01 8.928728103637695312e-02 2.181362656169655675e+05 2.195868715421072981e+00
9.500000000000000000e+01 9.115076065063476562e-02 1.565493440803793492e+05 1.687947255384720235e-01
9.600000000000000000e+01 1.620872020721435547e-01 1.236130834296234825e+05 -3.928203506512926713e-01
9.700000000000000000e+01 2.241201400756835938e-01 1.506745416616156290e+05 1.530154092583827508e-01
9.800000000000000000e+01 1.018884181976318359e-01 1.401622424478563771e+05 -7.815606014054822526e-02
9.900000000000000000e+01 9.040117263793945312e-02 1.265948566682129022e+05 -3.847480577464190699e-01
1.000000000000000000e+02 9.228539466857910156e-02 1.427477290383335494e+05 3.642994631532667227e-02
1.010000000000000000e+02 9.071707725524902344e-02 1.368602559428073000e+05 -1.197497946673373864e-01
1.020000000000000000e+02 9.115076065063476562e-02 1.347327028300513630e+05 -1.733392385706239991e-01
1.030000000000000000e+02 9.175586700439453125e-02 1.470050580507276754e+05 1.930637154053632953e-01
1.040000000000000000e+02 8.986401557922363281e-02 1.612275481311134063e+05 6.208064056081882276e-01
1.050000000000000000e+02 9.052467346191406250e-02 1.015060517923458974e+05 -1.290819829826781895e+00
1.060000000000000000e+02 9.534645080566406250e-02 1.680820511299711361e+05 8.787459863517487202e-01
1.070000000000000000e+02 1.005907058715820312e-01 1.598412558004913735e+05 5.717854573340902524e-01
1.080000000000000000e+02 9.080791473388671875e-02 1.668917848931504122e+05 7.737554946178899495e-01
1.090000000000000000e+02 1.200113296508789062e-01 1.648082713797006581e+05 6.710059706847677496e-01
1.100000000000000000e+02 9.068655967712402344e-02 1.513705219287813525e+05 2.026331872149842728e-01
1.110000000000000000e+02 9.135103225708007812e-02 1.932137795637438539e+05 1.612197426530059596e+00
1.120000000000000000e+02 2.174410820007324219e-01 1.556221849829326966e+05 2.509424052980750441e-01
1.130000000000000000e+02 9.132647514343261719e-02 2.019196058174024511e+05 1.789834109832555864e+00
1.140000000000000000e+02 9.150004386901855469e-02 2.180971802877104201e+05 2.145673624512251632e+00
1.150000000000000000e+02 9.193038940429687500e-02 1.924227196503652667e+05 1.149022685084886364e+00
1.160000000000000000e+02 9.131050109863281250e-02 1.995499325103891897e+05 1.304875864641392269e+00
1.170000000000000000e+02 9.160518646240234375e-02 2.676584505697062123e+05 3.217437613208011360e+00
1.170000000000000000e+02 1.831207275390625000e-01 1.356632936919842905e+05 0.000000000000000000e+00
1.180000000000000000e+02 9.206676483154296875e-02 1.245879524791604345e+05 0.000000000000000000e+00
1.190000000000000000e+02 3.646500110626220703e-01 1.801992157291124749e+05 6.393911706417272356e+00
1.190000000000000000e+02 3.025531768798828125e-04 5.167226681900706899e+04 0.000000000000000000e+00
1.200000000000000000e+02 8.990001678466796875e-02 1.744821791283076745e+05 2.654066518796826202e+00
1.210000000000000000e+02 9.104847908020019531e-02 1.047595551657534234e+05 -8.227882771733219247e-02
1.220000000000000000e+02 1.422076225280761719e-01 9.841291065663490735e+04 -2.013819571197913438e-01
1.230000000000000000e+02 1.626615524291992188e-01 9.819166551329802314e+04 -1.900715267965943645e-01
1.240000000000000000e+02 9.736299514770507812e-02 1.306847133396923455e+05 6.481517917703467635e-01
1.250000000000000000e+02 9.122705459594726562e-02 1.202154670728256024e+05 3.066959770231284521e-01
1.260000000000000000e+02 9.072160720825195312e-02 1.297585451209962193e+05 5.627673969144835198e-01
1.270000000000000000e+02 1.650047302246093750e-01 1.298815446833621390e+05 5.280504372804446511e-01
1.280000000000000000e+02 1.730928421020507812e-01 1.359965284131062508e+05 6.891655268307604887e-01
1.290000000000000000e+02 1.851105690002441406e-01 1.559662500036412675e+05 1.293482946091696117e+00
1.300000000000000000e+02 1.090762615203857422e-01 1.671784030888896377e+05 1.513448056667635822e+00
1.310000000000000000e+02 9.484720230102539062e-02 2.182630077428511868e+05 2.885790568865626682e+00
1.320000000000000000e+02 1.617927551269531250e-01 1.980550357583018776e+05 1.677496784976570510e+00
1.330000000000000000e+02 1.048500537872314453e-01 1.962978331877297896e+05 1.441002096116617004e+00
1.340000000000000000e+02 9.122323989868164062e-02 1.689424802792718983e+05 6.920022176246423129e-01
1.350000000000000000e+02 2.455556392669677734e-01 1.987173206802885397e+05 1.347532440565091694e+00
1.360000000000000000e+02 1.415224075317382812e-01 1.969139684130935057e+05 1.206095164986342283e+00
1.370000000000000000e+02 1.282277107238769531e-01 2.321629098010510788e+05 1.916715838883869649e+00
1.380000000000000000e+02 9.171104431152343750e-02 2.466335821089287056e+05 2.015510100404556582e+00
1.390000000000000000e+02 3.291304111480712891e-01 4.158043208621701924e+05 5.111789266414833222e+00
1.390000000000000000e+02 3.018379211425781250e-04 4.002626426355016156e+04 0.000000000000000000e+00
1.400000000000000000e+02 3.551502227783203125e-01 2.837605246271881042e+05 7.904546166278881181e+00
1.400000000000000000e+02 2.985000610351562500e-04 5.549395859286907216e+04 0.000000000000000000e+00
1.410000000000000000e+02 4.816284179687500000e-01 3.315625151981628733e+05 6.328251783883265702e+00
1.410000000000000000e+02 2.963542938232421875e-04 5.911815270639702067e+04 0.000000000000000000e+00
1.420000000000000000e+02 4.409244060516357422e-01 3.266875333508317126e+05 5.693638669409763153e+00
1.420000000000000000e+02 2.970695495605468750e-04 6.157722820411188877e+04 0.000000000000000000e+00
1.430000000000000000e+02 9.008049964904785156e-02 1.490693477938593132e+05 1.302281197669038271e+00
1.440000000000000000e+02 1.653535366058349609e-01 1.208235162357191584e+05 2.126451793816964142e-01
1.450000000000000000e+02 1.247615814208984375e-01 1.364012794574160362e+05 6.146664077043494379e-01
1.460000000000000000e+02 9.498953819274902344e-02 1.333887244542908447e+05 4.515951801750202610e-01
1.470000000000000000e+02 1.575646400451660156e-01 1.417531803472599131e+05 6.845021451438131344e-01
1.480000000000000000e+02 1.851058006286621094e-01 1.855552599621226545e+05 2.121863611240475400e+00
1.490000000000000000e+02 9.275603294372558594e-02 1.654911808293790673e+05 9.801313093808486920e-01
1.500000000000000000e+02 1.891989707946777344e-01 1.354544983220710710e+05 6.060940435428206416e-03
1.510000000000000000e+02 1.141912937164306641e-01 1.835031131759890704e+05 1.487395687385660414e+00
1.520000000000000000e+02 1.182346343994140625e-01 1.864593007687411155e+05 1.375463293744768167e+00
1.530000000000000000e+02 9.629082679748535156e-02 2.075763856138928968e+05 1.821568390306838703e+00
1.540000000000000000e+02 9.829854965209960938e-02 2.074603685699886701e+05 1.550185190830835280e+00
1.550000000000000000e+02 1.070332527160644531e-01 2.001459528445124452e+05 1.192039694010099460e+00
1.560000000000000000e+02 1.062114238739013672e-01 2.489252713931265753e+05 2.311094472375903930e+00
1.570000000000000000e+02 1.098618507385253906e-01 2.538059009410791623e+05 2.032410893875335578e+00
1.580000000000000000e+02 1.069858074188232422e-01 2.995627317584875855e+05 2.689565743666299191e+00
1.590000000000000000e+02 1.187415122985839844e-01 2.888894719465509406e+05 2.004870510066612876e+00
1.600000000000000000e+02 1.720256805419921875e-01 2.736377732819049270e+05 1.518038957896721275e+00
1.610000000000000000e+02 1.761033535003662109e-01 2.595521804208584072e+05 1.176367190796479445e+00
1.620000000000000000e+02 2.290716171264648438e-01 2.426116361667855526e+05 8.458727833250544448e-01
1.630000000000000000e+02 1.124520301818847656e-01 1.958351318085404637e+05 7.439737513607057318e-02
1.640000000000000000e+02 1.222803592681884766e-01 2.006483697362459206e+05 1.506700388350924735e-01
1.650000000000000000e+02 2.149205207824707031e-01 1.930512815423052816e+05 2.200153808716012391e-02
1.660000000000000000e+02 1.069936752319335938e-01 2.070834606770192622e+05 2.584816635513775274e-01
1.670000000000000000e+02 1.161146163940429688e-01 2.039593511869297072e+05 1.995660579027052350e-01
1.680000000000000000e+02 1.900420188903808594e-01 3.668050330062032444e+05 3.051415630820811131e+00
1.680000000000000000e+02 2.968327999114990234e-01 2.141521466673595714e+05 0.000000000000000000e+00
1.690000000000000000e+02 1.060805320739746094e-01 2.207716968732529785e+05 0.000000000000000000e+00
1.700000000000000000e+02 4.050457477569580078e-01 3.579984873179853894e+05 3.002450481150767914e+01
1.700000000000000000e+02 3.242492675781250000e-04 6.801936654230910062e+04 0.000000000000000000e+00
1.710000000000000000e+02 1.548583507537841797e-01 2.904352177678419976e+05 3.917216103300391605e+00
1.710000000000000000e+02 2.601957321166992188e-01 2.827096312754334649e+05 0.000000000000000000e+00
1.720000000000000000e+02 1.745314598083496094e-01 1.032750306996126455e+05 0.000000000000000000e+00
1.730000000000000000e+02 1.880285739898681641e-01 1.168314269588753086e+05 -6.002620623573488023e-01
1.740000000000000000e+02 1.752929687500000000e-01 1.377488210321453225e+05 -2.988241876631410054e-01
1.750000000000000000e+02 1.065137386322021484e-01 1.397029811929967254e+05 -2.464411402730366241e-01
1.760000000000000000e+02 1.048014163970947266e-01 1.618532489685384498e+05 8.010389752734888014e-02
1.770000000000000000e+02 1.116504669189453125e-01 1.775780274815042794e+05 3.172434437521642892e-01
1.780000000000000000e+02 1.957340240478515625e-01 1.637297529385772068e+05 6.323345876931435461e-02
1.790000000000000000e+02 1.691691875457763672e-01 2.053076260366143833e+05 8.122344700179979782e-01
1.800000000000000000e+02 1.842973232269287109e-01 2.059108891018070281e+05 7.526164860789460453e-01
1.810000000000000000e+02 3.724341392517089844e-01 4.373369139438280254e+05 5.119813036326778644e+00
1.810000000000000000e+02 3.345012664794921875e-04 6.536915257584631763e+04 0.000000000000000000e+00
1.820000000000000000e+02 3.221209049224853516e-01 5.010463030830128118e+05 8.718448098822115355e+00
1.820000000000000000e+02 3.073215484619140625e-04 9.868586500294928555e+04 0.000000000000000000e+00
1.830000000000000000e+02 1.071541309356689453e-01 3.645128715138717671e+05 3.102315752035941010e+00
1.830000000000000000e+02 1.989583969116210938e-01 3.610007777457279735e+05 0.000000000000000000e+00
1.840000000000000000e+02 9.086227416992187500e-02 2.034887971479879052e+05 0.000000000000000000e+00
1.850000000000000000e+02 9.303188323974609375e-02 1.994390237911567965e+05 -7.434674718720022391e-01
1.860000000000000000e+02 1.685039997100830078e-01 2.824422318614418618e+05 3.017376719247686356e-01
1.870000000000000000e+02 9.338760375976562500e-02 2.881041319460148225e+05 3.465638252061483127e-01
1.880000000000000000e+02 1.338951587677001953e-01 3.612705957404409419e+05 1.402275845888481198e+00
1.890000000000000000e+02 1.058211326599121094e-01 3.522865877821329632e+05 9.746960562381696835e-01
1.900000000000000000e+02 1.100168228149414062e-01 2.765378452681695344e+05 -2.279568210345750967e-01
1.910000000000000000e+02 1.131887435913085938e-01 2.336625525609188189e+05 -8.703827873226764877e-01
1.920000000000000000e+02 1.636481285095214844e-01 2.675092878028024570e+05 -2.614005896770474346e-01
1.930000000000000000e+02 9.356069564819335938e-02 2.991411908675180748e+05 2.733634374528046140e-01
1.940000000000000000e+02 9.181737899780273438e-02 2.858740097235642024e+05 3.108139079956630593e-02
1.950000000000000000e+02 1.719410419464111328e-01 2.759344188441633014e+05 -1.507485545267142624e-01
1.960000000000000000e+02 9.509396553039550781e-02 1.833230649165115901e+05 -1.901361732684120565e+00
1.970000000000000000e+02 9.523010253906250000e-02 1.974554010376739316e+05 -1.377857595114262423e+00
1.980000000000000000e+02 1.866347789764404297e-01 2.246531796904266812e+05 -7.899956432086697733e-01
1.990000000000000000e+02 9.961152076721191406e-02 3.275560503734169761e+05 1.021405744114229686e+00
2.000000000000000000e+02 1.814522743225097656e-01 3.622764461647537537e+05 1.560259650070687787e+00
2.010000000000000000e+02 1.746890544891357422e-01 3.840662729949878994e+05 1.782269495896002365e+00
2.020000000000000000e+02 9.598755836486816406e-02 4.020423483196576708e+05 1.884667970029037631e+00
2.030000000000000000e+02 9.395265579223632812e-02 4.307972389353993349e+05 2.115204653410905689e+00
2.040000000000000000e+02 9.563159942626953125e-02 4.078878697455506190e+05 1.552388288302714026e+00
2.050000000000000000e+02 1.685221195220947266e-01 3.611488475765447947e+05 8.132397634099821637e-01
2.060000000000000000e+02 9.552597999572753906e-02 3.590363220827028272e+05 7.559836040525168555e-01
2.070000000000000000e+02 1.049211025238037109e-01 4.080177263506447780e+05 1.398545540762841544e+00
2.080000000000000000e+02 1.883935928344726562e-01 3.814322320136772469e+05 9.632153887687614491e-01
2.090000000000000000e+02 1.336359977722167969e-01 3.298796243025921867e+05 2.373379190576693776e-01
2.100000000000000000e+02 9.296798706054687500e-02 3.072464852960329736e+05 -7.614780113242176907e-02
2.110000000000000000e+02 9.354543685913085938e-02 2.895849488347654697e+05 -3.204862110920180807e-01
2.120000000000000000e+02 1.724245548248291016e-01 2.714864623934743577e+05 -5.704311990019775847e-01
2.130000000000000000e+02 1.301901340484619141e-01 3.031559894297909341e+05 -1.048872073285082446e-01
2.140000000000000000e+02 9.484004974365234375e-02 3.448502939313103561e+05 5.034781331360052015e-01
2.150000000000000000e+02 1.019103527069091797e-01 3.213665040077415761e+05 1.478393938256602758e-01
2.160000000000000000e+02 9.362959861755371094e-02 2.968090522537220968e+05 -2.218267443256597415e-01
2.170000000000000000e+02 1.023669242858886719e-01 4.185235144196185283e+05 1.629479786803275099e+00
2.180000000000000000e+02 1.622607707977294922e-01 3.682695412667579949e+05 8.015262320016753872e-01
2.190000000000000000e+02 1.499972343444824219e-01 3.813400716844812268e+05 9.785152768087223007e-01
2.200000000000000000e+02 1.225488185882568359e-01 4.796782238558688550e+05 2.421788716139571473e+00
2.210000000000000000e+02 9.864735603332519531e-02 4.572808457093180623e+05 1.905833622783681403e+00
2.220000000000000000e+02 9.736752510070800781e-02 3.830407656308513833e+05 7.867233789024125068e-01
2.230000000000000000e+02 1.530930995941162109e-01 3.468757471717399312e+05 2.758943031916082922e-01
2.240000000000000000e+02 9.686040878295898438e-02 3.261190674608320696e+05 -1.516539165730610567e-02
2.250000000000000000e+02 1.406240463256835938e-01 3.708468479736148729e+05 6.122299941999728157e-01
2.260000000000000000e+02 1.731534004211425781e-01 3.528957068185448297e+05 3.489059992407403388e-01
2.270000000000000000e+02 9.843063354492187500e-02 3.643355977308746660e+05 5.078521533543052247e-01
2.280000000000000000e+02 9.436631202697753906e-02 3.586073873984267120e+05 4.183548992397645994e-01
2.290000000000000000e+02 1.095700263977050781e-01 3.794175685187436175e+05 7.155458803376895105e-01
2.300000000000000000e+02 9.503579139709472656e-02 3.996497591666258522e+05 9.998212691648131756e-01
2.310000000000000000e+02 9.456562995910644531e-02 4.952489527207608917e+05 2.376603205825217557e+00
2.320000000000000000e+02 1.823906898498535156e-01 6.452053501066711033e+05 4.320629396474461537e+00
2.320000000000000000e+02 3.477036952972412109e-01 2.640893315326414886e+05 0.000000000000000000e+00
2.330000000000000000e+02 1.114146709442138672e-01 2.448271357490805676e+05 0.000000000000000000e+00
2.340000000000000000e+02 1.711862087249755859e-01 3.166667073889077292e+05 4.567291717806146956e+00
2.340000000000000000e+02 2.836048603057861328e-01 1.797215400996018434e+05 0.000000000000000000e+00
2.350000000000000000e+02 1.338961124420166016e-01 2.593292941909966466e+05 0.000000000000000000e+00
2.360000000000000000e+02 1.221094131469726562e-01 3.930108086966336705e+05 3.081928342355089168e+00
2.360000000000000000e+02 2.182683944702148438e-01 2.106965378728265932e+05 0.000000000000000000e+00
2.370000000000000000e+02 1.014888286590576172e-01 3.336912213384066708e+05 0.000000000000000000e+00
2.380000000000000000e+02 9.954643249511718750e-02 4.728452625763454707e+05 2.307123357779392148e+00
2.390000000000000000e+02 9.731268882751464844e-02 4.398930353455648292e+05 7.686596753745198463e-01
2.400000000000000000e+02 1.153333187103271484e-01 4.226839347384255962e+05 4.934301992754527855e-01
2.410000000000000000e+02 4.615409374237060547e-01 1.104220925005272729e+06 6.884783728935374825e+00
2.410000000000000000e+02 3.695487976074218750e-04 5.326972641807443142e+04 0.000000000000000000e+00
2.420000000000000000e+02 4.489016532897949219e-01 9.119426622615529923e+05 2.208908522442025557e+01
2.420000000000000000e+02 3.256797790527343750e-04 8.538208196902062627e+04 0.000000000000000000e+00
2.430000000000000000e+02 6.432759761810302734e-01 8.433076095214462839e+05 1.184668126912512953e+01
2.430000000000000000e+02 3.297328948974609375e-04 7.374544604928702756e+04 0.000000000000000000e+00
2.440000000000000000e+02 3.901023864746093750e-01 7.986326572971881833e+05 1.319402719056334483e+01
2.440000000000000000e+02 3.213882446289062500e-04 9.415640693688763713e+04 0.000000000000000000e+00
2.450000000000000000e+02 1.027221679687500000e-01 2.117039497847287275e+05 1.058437749739288281e+00
2.460000000000000000e+02 1.138486862182617188e-01 1.971486097917868756e+05 5.210993858345707164e-01
2.470000000000000000e+02 2.123935222625732422e-01 1.965370669481045334e+05 4.445383053553818575e-01
2.480000000000000000e+02 2.896194458007812500e-01 2.711907240704745636e+05 1.975699772033617130e+00
2.490000000000000000e+02 2.148599624633789062e-01 2.386948899342535296e+05 7.976097613344337312e-01
2.500000000000000000e+02 1.037931442260742188e-01 3.253601200522739673e+05 2.290741069884258074e+00
2.510000000000000000e+02 1.047585010528564453e-01 2.257399857414979779e+05 1.533880266784179713e-01
2.520000000000000000e+02 1.055769920349121094e-01 2.566697030726064986e+05 6.347511910128209589e-01
2.530000000000000000e+02 1.440100669860839844e-01 3.023632289656015346e+05 1.342409757212163379e+00
2.540000000000000000e+02 1.099331378936767578e-01 2.946228045807019225e+05 1.060058299986197161e+00
2.550000000000000000e+02 1.071085929870605469e-01 2.818822717091769446e+05 7.679856712385002560e-01
2.560000000000000000e+02 1.045935153961181641e-01 3.213169257443891838e+05 1.361501324345397057e+00
2.570000000000000000e+02 1.088984012603759766e-01 2.681196710023201886e+05 3.918691534428356826e-01
2.580000000000000000e+02 1.316075325012207031e-01 3.019167798127850983e+05 9.274103704850773511e-01
2.590000000000000000e+02 1.915566921234130859e-01 2.871987132488040370e+05 6.340666480598678989e-01
2.600000000000000000e+02 1.332249641418457031e-01 3.329267145277615637e+05 1.372616210623525124e+00
2.610000000000000000e+02 1.409611701965332031e-01 3.563874073155028163e+05 1.650861121957290623e+00
2.620000000000000000e+02 1.073224544525146484e-01 3.374518414548863657e+05 1.202912876051718039e+00
2.630000000000000000e+02 1.054990291595458984e-01 3.593856653935835930e+05 1.471842728319909588e+00
2.640000000000000000e+02 1.058015823364257812e-01 3.565174815817134804e+05 1.322573807250606581e+00
2.650000000000000000e+02 1.072809696197509766e-01 3.714563701326922164e+05 1.465048591563678393e+00
2.660000000000000000e+02 1.050257682800292969e-01 4.197634595060716383e+05 2.071050708887880898e+00
2.670000000000000000e+02 1.962387561798095703e-01 4.730319131905421382e+05 2.589398993775812841e+00
2.680000000000000000e+02 1.191360950469970703e-01 5.158349763364600367e+05 2.771747030735888462e+00
2.690000000000000000e+02 9.529805183410644531e-02 5.408006099436973454e+05 2.652991734447250227e+00
2.700000000000000000e+02 1.330993175506591797e-01 4.467815277615058585e+05 1.376025268886609254e+00
2.710000000000000000e+02 2.477686405181884766e-01 3.664525076702891965e+05 5.202825997503559563e-01
2.720000000000000000e+02 1.557619571685791016e-01 3.423462014425367233e+05 2.698218707022348450e-01
2.730000000000000000e+02 9.844923019409179688e-02 3.682914080414550845e+05 5.268741830809695603e-01
2.740000000000000000e+02 9.330248832702636719e-02 3.913844167414203403e+05 7.520888310749276329e-01
2.750000000000000000e+02 9.264802932739257812e-02 4.019422428015450714e+05 8.425929975243193759e-01
2.760000000000000000e+02 1.757991313934326172e-01 4.427412872109599411e+05 1.242932043352234617e+00
2.770000000000000000e+02 1.237592697143554688e-01 5.097491519753284520e+05 1.885030966951781739e+00
2.780000000000000000e+02 9.781789779663085938e-02 4.335961055268212804e+05 1.013721459440879213e+00
2.790000000000000000e+02 9.520792961120605469e-02 4.064532679719123407e+05 7.165440252576615876e-01
2.800000000000000000e+02 1.175565719604492188e-01 3.408755051249175449e+05 4.752302196818126989e-02
2.810000000000000000e+02 9.343624114990234375e-02 3.415449289688665303e+05 5.368293861328755912e-02
2.820000000000000000e+02 9.415960311889648438e-02 3.335689946039915667e+05 -2.877958992567565891e-02
2.830000000000000000e+02 1.726789474487304688e-01 3.419754070414894377e+05 5.889964484024440977e-02
2.840000000000000000e+02 1.461360454559326172e-01 3.712210070466343896e+05 3.658543583266055110e-01
2.850000000000000000e+02 1.797976493835449219e-01 3.947653722980241873e+05 6.113447051213674044e-01
2.860000000000000000e+02 1.447012424468994141e-01 4.765327324645790504e+05 1.477794724532675907e+00
2.870000000000000000e+02 1.840832233428955078e-01 5.323818642972996458e+05 2.016189549928269376e+00
2.880000000000000000e+02 1.930584907531738281e-01 5.043538950577709475e+05 1.621060811081750597e+00
2.890000000000000000e+02 1.031658649444580078e-01 4.261104002250112826e+05 7.715966967656973097e-01
2.900000000000000000e+02 9.455752372741699219e-02 3.601630947689062450e+05 9.206567296268282352e-02
2.910000000000000000e+02 9.507203102111816406e-02 3.351947309683019994e+05 -1.639593243099842779e-01
2.920000000000000000e+02 9.841108322143554688e-02 3.841250601485504303e+05 3.427463029673893380e-01
2.930000000000000000e+02 9.447097778320312500e-02 3.782975976843943354e+05 2.782697212794033037e-01
2.940000000000000000e+02 9.482002258300781250e-02 3.313521575229014852e+05 -2.181747189299865219e-01
2.950000000000000000e+02 2.574307918548583984e-01 3.182926489311110927e+05 -3.546055475759138376e-01
2.960000000000000000e+02 1.930513381958007812e-01 3.154791108393410104e+05 -3.809995671823363517e-01
2.970000000000000000e+02 1.002535820007324219e-01 3.362618506170375040e+05 -1.527383757504170436e-01
2.980000000000000000e+02 9.559869766235351562e-02 3.923225373698959011e+05 4.591666578407178068e-01
2.990000000000000000e+02 9.559416770935058594e-02 3.736460353339467547e+05 2.493835065398735396e-01
