2.705430689337907732e+07
1.000000000000000000e+00 1.381397247314453125e-03 1.402954489343088644e+05 0.000000000000000000e+00
2.000000000000000000e+00 1.667499542236328125e-03 1.501157494407447812e+05 8.719381346805973321e-01
3.000000000000000000e+00 1.372575759887695312e-03 8.716813813414305332e+04 -5.475435608218531813e-01
4.000000000000000000e+00 1.362562179565429688e-03 1.377127294175760471e+05 6.580985479741976452e-01
5.000000000000000000e+00 1.360416412353515625e-03 1.226270973099102703e+05 2.052517441983150170e-01
6.000000000000000000e+00 1.358032226562500000e-03 1.103367158182938147e+05 -1.454660688973335170e-01
7.000000000000000000e+00 1.364231109619140625e-03 1.292089746814327664e+05 4.275933645806144767e-01
8.000000000000000000e+00 1.469135284423828125e-03 1.405229715188873815e+05 7.592342659879665057e-01
9.000000000000000000e+00 1.361608505249023438e-03 1.223925464516772481e+05 1.004603804124327149e-01
1.000000000000000000e+01 2.149581909179687500e-03 1.208517474984310393e+05 4.215441627765057625e-02
1.100000000000000000e+01 1.365423202514648438e-03 1.000584681022900768e+05 -7.232874779081805983e-01
1.200000000000000000e+01 1.369476318359375000e-03 1.208430410320225928e+05 1.028072746972417406e-01
1.300000000000000000e+01 1.381158828735351562e-03 1.113408562109066843e+05 -2.742080667906164337e-01
1.400000000000000000e+01 1.365184783935546875e-03 1.275222902946335817e+05 3.954587248221184681e-01
1.500000000000000000e+01 1.419305801391601562e-03 1.123985289253503870e+05 -2.554070275190376549e-01
1.600000000000000000e+01 1.361608505249023438e-03 1.239993193788260396e+05 2.568027597846717081e-01
1.700000000000000000e+01 1.367092132568359375e-03 1.662451810510261275e+05 2.141193982928759620e+00
1.800000000000000000e+01 1.366376876831054688e-03 1.666022346450866607e+05 1.863841444649169343e+00
1.900000000000000000e+01 1.616716384887695312e-03 2.217468113312618225e+05 3.790228292627918272e+00
1.900000000000000000e+01 2.936363220214843750e-03 2.090902536106315965e+05 0.000000000000000000e+00
2.000000000000000000e+01 1.397371292114257812e-03 3.012671552346600220e+05 0.000000000000000000e+00
2.100000000000000000e+01 1.370668411254882812e-03 1.901413333025739412e+05 -9.978284220731673537e-01
2.200000000000000000e+01 1.463651657104492188e-03 2.394823879702579579e+05 1.006388547555254059e-01
2.300000000000000000e+01 1.368522644042968750e-03 1.923843698755083024e+05 -8.762014398782140834e-01
2.400000000000000000e+01 1.364946365356445312e-03 1.386700566227723612e+05 -1.899405152657126061e+00
2.500000000000000000e+01 1.363039016723632812e-03 1.364625715161834669e+05 -1.377466619184410046e+00
2.600000000000000000e+01 1.380443572998046875e-03 1.471984032682876277e+05 -9.368099910823971532e-01
2.700000000000000000e+01 1.368761062622070312e-03 1.446951834292856511e+05 -8.779145387855168403e-01
2.800000000000000000e+01 1.371622085571289062e-03 1.676346964631360315e+05 -3.822836197986578255e-01
2.900000000000000000e+01 1.368045806884765625e-03 1.204453417100574297e+05 -1.257746899594331502e+00
3.000000000000000000e+01 1.376867294311523438e-03 1.616240115290699759e+05 -3.540485876699127066e-01
3.100000000000000000e+01 1.379728317260742188e-03 2.490566339541652706e+05 1.355647403571944798e+00
3.200000000000000000e+01 1.372814178466796875e-03 2.885854898071287898e+05 1.961172426431299742e+00
3.300000000000000000e+01 1.390933990478515625e-03 2.224434707773406117e+05 5.255320905302101053e-01
3.400000000000000000e+01 1.377820968627929688e-03 1.778524342626870202e+05 -2.846337557482662706e-01
3.500000000000000000e+01 1.374483108520507812e-03 1.467948306353270600e+05 -8.425176193213009812e-01
3.600000000000000000e+01 1.406908035278320312e-03 1.134560730248085893e+05 -1.416430153909352008e+00
3.700000000000000000e+01 1.371860504150390625e-03 1.174086603935833118e+05 -1.232783873412198528e+00
3.800000000000000000e+01 1.378774642944335938e-03 1.463912726776516647e+05 -6.389394933069116878e-01
3.900000000000000000e+01 1.386880874633789062e-03 1.711551524953610788e+05 -1.697558321652250790e-01
4.000000000000000000e+01 1.376152038574218750e-03 1.423877362209793937e+05 -6.984308535715116895e-01
4.100000000000000000e+01 1.388072967529296875e-03 1.606502691641169658e+05 -3.327829960662759268e-01
4.200000000000000000e+01 1.373767852783203125e-03 1.844916280316878692e+05 1.315773348291084943e-01
4.300000000000000000e+01 1.393556594848632812e-03 2.047391555373305164e+05 5.251868103078243255e-01
4.400000000000000000e+01 1.381874084472656250e-03 1.915565299065845029e+05 2.500139598760395265e-01
4.500000000000000000e+01 1.370429992675781250e-03 1.854077895462883171e+05 1.204472430422670604e-01
4.600000000000000000e+01 1.388072967529296875e-03 1.613923333885743923e+05 -3.779109476128639233e-01
4.700000000000000000e+01 1.382350921630859375e-03 1.570582471591636713e+05 -4.613839365799676240e-01
4.800000000000000000e+01 1.379489898681640625e-03 1.454636203574948013e+05 -6.989261906660546586e-01
4.900000000000000000e+01 1.405954360961914062e-03 1.818147682975535863e+05 9.965223902743132467e-02
5.000000000000000000e+01 1.379251480102539062e-03 1.952661423827506951e+05 3.921565014757878997e-01
5.100000000000000000e+01 1.379251480102539062e-03 2.155617812299870129e+05 8.351671508033314817e-01
5.200000000000000000e+01 1.399278640747070312e-03 1.921663633760658849e+05 2.926816689454141418e-01
5.300000000000000000e+01 1.390695571899414062e-03 1.795542212460649316e+05 3.088926423012496210e-03
5.400000000000000000e+01 1.387119293212890625e-03 1.951657147187318187e+05 3.611468702274968079e-01
5.500000000000000000e+01 1.372575759887695312e-03 1.549270246850845870e+05 -5.791622432452497860e-01
5.600000000000000000e+01 1.399040222167968750e-03 1.371668052594032197e+05 -9.853398112927541641e-01
5.700000000000000000e+01 1.383543014526367188e-03 1.201760118029801233e+05 -1.358853723313373729e+00
5.800000000000000000e+01 1.374721527099609375e-03 2.052935723817364196e+05 6.665283495741769482e-01
5.900000000000000000e+01 1.377344131469726562e-03 2.915541337325210334e+05 2.672739167978202435e+00
6.000000000000000000e+01 1.413583755493164062e-03 2.333488939422970871e+05 1.162117546055932316e+00
6.100000000000000000e+01 1.392126083374023438e-03 1.858098610726965126e+05 9.660122354926432842e-02
6.200000000000000000e+01 1.379489898681640625e-03 1.947162498793612467e+05 2.914321539277051620e-01
6.300000000000000000e+01 1.382350921630859375e-03 1.829578410761053383e+05 2.640172403140017901e-02
6.400000000000000000e+01 1.378059387207031250e-03 2.049483642477736867e+05 5.208067483238052464e-01
6.500000000000000000e+01 1.374721527099609375e-03 2.417446140753948130e+05 1.348295623110922214e+00
6.600000000000000000e+01 1.389503479003906250e-03 2.226073769879634201e+05 8.781376200934756238e-01
6.700000000000000000e+01 1.383304595947265625e-03 2.413655282014037948e+05 1.285103774002004151e+00
6.800000000000000000e+01 1.385450363159179688e-03 2.667556499132475001e+05 1.819771473958675001e+00
6.900000000000000000e+01 1.379489898681640625e-03 2.214089901340694341e+05 7.502925109512068591e-01
7.000000000000000000e+01 1.374721527099609375e-03 2.328591266925152158e+05 9.909114496834383612e-01
7.100000000000000000e+01 1.389265060424804688e-03 2.274489802519723598e+05 8.530900102228224924e-01
7.200000000000000000e+01 1.385927200317382812e-03 2.368448827053030254e+05 1.046750580390963803e+00
7.300000000000000000e+01 1.391410827636718750e-03 1.991967478912131628e+05 1.960199733625952456e-01
7.400000000000000000e+01 1.383304595947265625e-03 2.241476891996064805e+05 7.496483814685971359e-01
7.500000000000000000e+01 1.382112503051757812e-03 2.194800553668807261e+05 6.349431911108075477e-01
7.600000000000000000e+01 1.379728317260742188e-03 2.192899156999398547e+05 6.229216136882136379e-01
7.700000000000000000e+01 1.394271850585937500e-03 2.540743169407900132e+05 1.401574371985676359e+00
7.800000000000000000e+01 1.377582550048828125e-03 2.866422659179127659e+05 2.097010318791602490e+00
7.900000000000000000e+01 2.500057220458984375e-03 3.136832608957308112e+05 2.596141151158176008e+00
8.000000000000000000e+01 1.623630523681640625e-03 3.840278670285869739e+05 3.908703518234333263e+00
8.000000000000000000e+01 2.967834472656250000e-03 1.780455707669759868e+05 0.000000000000000000e+00
8.100000000000000000e+01 1.380920410156250000e-03 2.764001245909159188e+05 0.000000000000000000e+00
8.200000000000000000e+01 1.379489898681640625e-03 3.565422938726847060e+05 1.859449385669908583e+00
8.300000000000000000e+01 1.621961593627929688e-03 5.912043444880609168e+05 3.589082277124894915e+00
8.300000000000000000e+01 2.949476242065429688e-03 3.795200028195987688e+05 0.000000000000000000e+00
8.400000000000000000e+01 1.378059387207031250e-03 4.847972569292799453e+05 0.000000000000000000e+00
8.500000000000000000e+01 1.411914825439453125e-03 4.491956790426453226e+05 2.288625990509996766e-01
8.600000000000000000e+01 1.394987106323242188e-03 4.715138297090589767e+05 6.288762458045890069e-01
8.700000000000000000e+01 1.380681991577148438e-03 3.805963933016720694e+05 -1.401398997306649852e+00
8.800000000000000000e+01 1.382827758789062500e-03 3.381268667147053056e+05 -1.896663536753776302e+00
8.900000000000000000e+01 1.384019851684570312e-03 3.105797188247599406e+05 -1.800922065673638217e+00
9.000000000000000000e+01 1.392364501953125000e-03 3.607106842128047720e+05 -6.126336950958595207e-01
9.100000000000000000e+01 1.388549804687500000e-03 3.221671815409712144e+05 -1.164569230373390774e+00
9.200000000000000000e+01 1.421451568603515625e-03 3.092630642753627035e+05 -1.220730901000083968e+00
9.300000000000000000e+01 1.389503479003906250e-03 4.216957775827096775e+05 6.201286253226612200e-01
9.400000000000000000e+01 1.726865768432617188e-03 3.143730721950532170e+05 -1.093752710658245642e+00
9.500000000000000000e+01 1.393556594848632812e-03 3.157230179994242499e+05 -9.772336819743356884e-01
9.600000000000000000e+01 1.409292221069335938e-03 2.767149490204208996e+05 -1.516360196892329482e+00
9.700000000000000000e+01 1.388072967529296875e-03 2.511467164471765282e+05 -1.733652168284426143e+00
9.800000000000000000e+01 1.383781433105468750e-03 2.517675311357163300e+05 -1.514111018701173039e+00
9.900000000000000000e+01 1.385211944580078125e-03 2.526742930365560751e+05 -1.355708162497240910e+00
1.000000000000000000e+02 1.393318176269531250e-03 2.364785948155503720e+05 -1.463201682543990412e+00
1.010000000000000000e+02 1.388549804687500000e-03 2.395461550252448069e+05 -1.302535965210573687e+00
1.020000000000000000e+02 1.414537429809570312e-03 2.619042626334842353e+05 -9.296471973545258338e-01
1.030000000000000000e+02 1.407384872436523438e-03 2.584676409041876032e+05 -9.312186494635031897e-01
1.040000000000000000e+02 1.387834548950195312e-03 2.740369617591410060e+05 -6.911646695453323996e-01
1.050000000000000000e+02 1.386642456054687500e-03 2.654872379105372820e+05 -7.795172030633299443e-01
1.060000000000000000e+02 1.381874084472656250e-03 2.624461068317719619e+05 -7.927078813546371006e-01
1.070000000000000000e+02 1.382827758789062500e-03 2.703245013254226651e+05 -6.621070097530389331e-01
1.080000000000000000e+02 1.392364501953125000e-03 2.969681870591081097e+05 -2.866189782754091642e-01
1.090000000000000000e+02 1.388549804687500000e-03 2.967007790993229719e+05 -2.844653972525621466e-01
1.100000000000000000e+02 1.406192779541015625e-03 2.639462366247200407e+05 -7.340251431334758880e-01
1.110000000000000000e+02 1.383304595947265625e-03 2.691807365669886931e+05 -6.408066689261393556e-01
1.120000000000000000e+02 1.689672470092773438e-03 2.100899859468507348e+05 -1.462997730974003208e+00
1.130000000000000000e+02 1.396417617797851562e-03 2.394346185371384781e+05 -9.804144747402399052e-01
1.140000000000000000e+02 1.382112503051757812e-03 2.184580689427694888e+05 -1.242207887603321570e+00
1.150000000000000000e+02 1.392364501953125000e-03 1.886517312137215922e+05 -1.605981003600185142e+00
1.160000000000000000e+02 1.413345336914062500e-03 2.179697499228190572e+05 -1.125879393950101282e+00
1.170000000000000000e+02 1.389265060424804688e-03 2.661802093280579429e+05 -4.398088377502322177e-01
1.180000000000000000e+02 1.386642456054687500e-03 3.218387044394281111e+05 3.261275136204877523e-01
1.190000000000000000e+02 1.386642456054687500e-03 3.944808519636407145e+05 1.324174264332999673e+00
1.200000000000000000e+02 1.386165618896484375e-03 4.693252789994736668e+05 2.299319302138697729e+00
1.210000000000000000e+02 1.382112503051757812e-03 4.133802934179121512e+05 1.397591967883115016e+00
1.220000000000000000e+02 1.383543014526367188e-03 3.400173848290874157e+05 4.057363796543401180e-01
1.230000000000000000e+02 1.387596130371093750e-03 2.964084320285756257e+05 -1.650261417046603729e-01
1.240000000000000000e+02 1.734256744384765625e-03 2.964618555146340514e+05 -1.622959829127241238e-01
1.250000000000000000e+02 1.389503479003906250e-03 3.163036044403631240e+05 1.030323073099105174e-01
1.260000000000000000e+02 1.345396041870117188e-03 3.026241418388987659e+05 -8.191676334091081702e-02
1.270000000000000000e+02 1.061439514160156250e-03 2.963554427904856275e+05 -1.661952193796207844e-01
1.280000000000000000e+02 2.397537231445312500e-03 2.934410084894491010e+05 -2.043850949604963108e-01
1.290000000000000000e+02 3.462791442871093750e-03 4.107964638969991356e+05 1.428295510973280891e+00
1.300000000000000000e+02 1.383066177368164062e-03 4.665698435950183193e+05 2.149596505599041585e+00
1.310000000000000000e+02 1.610755920410156250e-03 5.491164130107193487e+05 3.124366678201162095e+00
1.310000000000000000e+02 2.940416336059570312e-03 3.232527525743650040e+05 0.000000000000000000e+00
1.320000000000000000e+02 1.372337341308593750e-03 5.294054259168409044e+05 0.000000000000000000e+00
1.330000000000000000e+02 1.385688781738281250e-03 3.695661637002966600e+05 -3.893953827743375506e-01
1.340000000000000000e+02 1.371145248413085938e-03 3.077952082330767298e+05 -9.209711894868786164e-01
1.350000000000000000e+02 1.377582550048828125e-03 2.712527522907996317e+05 -1.097274039557561309e+00
1.360000000000000000e+02 1.405239105224609375e-03 2.581163136571510113e+05 -1.012048374933891548e+00
1.370000000000000000e+02 1.393079757690429688e-03 2.804599461560490890e+05 -6.312939934826030663e-01
1.380000000000000000e+02 1.390218734741210938e-03 2.657392060788636445e+05 -7.303944324543342193e-01
1.390000000000000000e+02 1.588344573974609375e-03 6.442665750210847473e+05 3.532775884413467349e+00
1.390000000000000000e+02 2.914905548095703125e-03 4.811444254222003510e+05 0.000000000000000000e+00
1.400000000000000000e+02 1.353263854980468750e-03 6.375031295362976380e+05 0.000000000000000000e+00
1.410000000000000000e+02 1.353263854980468750e-03 4.900602189176182146e+05 -6.264663323418397933e-01
1.420000000000000000e+02 1.347780227661132812e-03 3.782035024367916631e+05 -1.799643149405004694e+00
1.430000000000000000e+02 1.353502273559570312e-03 4.109266037184738088e+05 -8.041547532074433402e-01
1.440000000000000000e+02 1.348495483398437500e-03 4.378609414638223243e+05 -4.168450616959583077e-01
1.450000000000000000e+02 1.368045806884765625e-03 3.689612151735243388e+05 -1.137873701306932661e+00
1.460000000000000000e+02 1.361131668090820312e-03 4.106880956237526261e+05 -5.125956151255454118e-01
1.470000000000000000e+02 1.357793807983398438e-03 4.070774669753454509e+05 -5.170696831245890079e-01
1.480000000000000000e+02 1.362323760986328125e-03 3.848847564154328429e+05 -7.522654492633843448e-01
1.490000000000000000e+02 1.360177993774414062e-03 3.530176814559386694e+05 -1.093601523799552666e+00
1.500000000000000000e+02 1.355171203613281250e-03 3.212612318652168033e+05 -1.384095181258719442e+00
1.510000000000000000e+02 1.356601715087890625e-03 3.647063971513785655e+05 -7.055852962495525738e-01
1.520000000000000000e+02 1.355886459350585938e-03 3.807648049054406583e+05 -4.691660583318520428e-01
1.530000000000000000e+02 1.352071762084960938e-03 3.412564403985757963e+05 -9.506809518409924387e-01
1.540000000000000000e+02 1.345396041870117188e-03 3.270244389854479814e+05 -1.073811623952532379e+00
1.550000000000000000e+02 1.348733901977539062e-03 2.974766375837510568e+05 -1.379818797915021822e+00
1.560000000000000000e+02 1.348733901977539062e-03 3.027917856928473921e+05 -1.201669313884853985e+00
1.570000000000000000e+02 1.347064971923828125e-03 2.765562877477972070e+05 -1.445261888593912580e+00
1.580000000000000000e+02 1.346826553344726562e-03 3.256809080383699620e+05 -7.456915092365921094e-01
1.590000000000000000e+02 1.344203948974609375e-03 3.752991391342732823e+05 -1.162252964581830944e-01
1.600000000000000000e+02 1.344442367553710938e-03 4.143769519422943122e+05 3.720492145511356541e-01
1.610000000000000000e+02 1.338481903076171875e-03 3.725105622518110322e+05 -1.686106709402908632e-01
1.620000000000000000e+02 1.340150833129882812e-03 4.225621178223981406e+05 4.847588212360379178e-01
1.630000000000000000e+02 1.351594924926757812e-03 4.080260453276759363e+05 2.806328091544231240e-01
1.640000000000000000e+02 1.343250274658203125e-03 5.037397922867695452e+05 1.563765495609794609e+00
1.650000000000000000e+02 1.346349716186523438e-03 4.569139491215005983e+05 8.503200484915890422e-01
1.660000000000000000e+02 1.346826553344726562e-03 3.946930618415075587e+05 2.657119619351022179e-03
1.670000000000000000e+02 1.337766647338867188e-03 3.654608629510324681e+05 -3.904507386605580721e-01
1.680000000000000000e+02 1.343011856079101562e-03 5.319456956169010373e+05 1.890614327138921968e+00
1.690000000000000000e+02 1.342296600341796875e-03 5.814487691518071806e+05 2.403900503564138535e+00
1.700000000000000000e+02 1.590490341186523438e-03 6.759043086518731434e+05 3.319804331478003245e+00
1.700000000000000000e+02 2.919197082519531250e-03 4.455410943856475060e+05 0.000000000000000000e+00
1.710000000000000000e+02 1.338005065917968750e-03 8.604056529881668976e+05 0.000000000000000000e+00
1.720000000000000000e+02 1.341819763183593750e-03 7.415824103281428106e+05 3.020554510343484433e-01
1.730000000000000000e+02 1.345396041870117188e-03 7.112777343790408922e+05 1.346516522529215831e-01
1.740000000000000000e+02 1.348733901977539062e-03 7.120197742201158544e+05 1.275064830716631237e-01
1.750000000000000000e+02 1.354932785034179688e-03 6.406393658417264232e+05 -3.523469342201590027e-01
1.760000000000000000e+02 1.345634460449218750e-03 5.952588930952580413e+05 -6.538653199534442129e-01
1.770000000000000000e+02 1.351356506347656250e-03 5.725561964280641405e+05 -7.670471527981372883e-01
1.780000000000000000e+02 1.350879669189453125e-03 5.785505151054783491e+05 -6.479693661072220001e-01
1.790000000000000000e+02 1.048088073730468750e-03 5.307363388882012805e+05 -9.966152251230744330e-01
1.800000000000000000e+02 1.349449157714843750e-03 4.845965698250067653e+05 -1.287332746839093600e+00
1.810000000000000000e+02 1.405477523803710938e-03 7.293538617328467080e+05 8.509593091415322830e-01
1.820000000000000000e+02 1.343250274658203125e-03 7.024717510836328147e+05 5.699623183305579932e-01
1.830000000000000000e+02 1.350879669189453125e-03 6.318678525189989014e+05 -5.945707449647781584e-02
1.840000000000000000e+02 1.346111297607421875e-03 5.501159663034022087e+05 -7.824272490125373514e-01
1.850000000000000000e+02 1.349925994873046875e-03 5.897393922351152869e+05 -3.848240190300760699e-01
1.860000000000000000e+02 1.346826553344726562e-03 5.839361282563246787e+05 -4.254346795442774387e-01
1.870000000000000000e+02 2.056360244750976562e-03 5.923271091668038862e+05 -3.312679050565036087e-01
1.880000000000000000e+02 1.374959945678710938e-03 5.910986719528649701e+05 -3.334786856210838479e-01
1.890000000000000000e+02 1.359462738037109375e-03 7.623760090743630426e+05 1.395836060187944261e+00
1.900000000000000000e+02 1.355409622192382812e-03 7.083523717472151620e+05 7.665757509146375881e-01
1.910000000000000000e+02 1.352310180664062500e-03 6.258844328408918809e+05 -8.100110543137527264e-02
1.920000000000000000e+02 1.353740692138671875e-03 5.665056531495123636e+05 -6.835639308732722741e-01
1.930000000000000000e+02 1.355171203613281250e-03 4.856536357516220305e+05 -1.495661933127658383e+00
1.940000000000000000e+02 1.347541809082031250e-03 5.295526118540909374e+05 -9.573070426207229700e-01
1.950000000000000000e+02 1.350402832031250000e-03 8.107208249226602493e+05 1.914647578253504845e+00
1.960000000000000000e+02 1.349449157714843750e-03 7.689472526081061224e+05 1.352983335367627271e+00
1.970000000000000000e+02 1.360654830932617188e-03 6.462238152202090714e+05 1.214074073228359474e-01
1.980000000000000000e+02 1.353740692138671875e-03 6.599544204278258840e+05 2.518039458823833621e-01
1.990000000000000000e+02 1.371145248413085938e-03 7.034720394979232224e+05 6.745809166267695556e-01
2.000000000000000000e+02 1.359462738037109375e-03 7.336351811395552941e+05 9.575445444495531699e-01
2.010000000000000000e+02 1.368999481201171875e-03 6.446774135875109350e+05 4.474722606134173830e-02
2.020000000000000000e+02 1.360177993774414062e-03 5.519503164432288613e+05 -8.922278345406634559e-01
2.030000000000000000e+02 1.367092132568359375e-03 4.992918091561137117e+05 -1.401902904666163741e+00
2.040000000000000000e+02 1.347541809082031250e-03 5.662670261609202716e+05 -6.727915288710351049e-01
2.050000000000000000e+02 1.353740692138671875e-03 6.009743340406481875e+05 -3.091603637490352163e-01
2.060000000000000000e+02 1.355648040771484375e-03 5.498064075275568757e+05 -8.271508900249645579e-01
2.070000000000000000e+02 1.358270645141601562e-03 5.238772926289340248e+05 -1.074625081302318375e+00
2.080000000000000000e+02 1.358270645141601562e-03 5.020568953942970256e+05 -1.268120687930290424e+00
2.090000000000000000e+02 1.361131668090820312e-03 5.726040813911764417e+05 -5.091291802727625493e-01
2.100000000000000000e+02 1.353740692138671875e-03 5.829807541185126174e+05 -3.946849980917740974e-01
2.110000000000000000e+02 1.368999481201171875e-03 6.115957222853086423e+05 -9.224118924948002118e-02
2.120000000000000000e+02 1.363277435302734375e-03 6.058475096727008931e+05 -1.515436838121867469e-01
2.130000000000000000e+02 1.363277435302734375e-03 5.412716779390792362e+05 -8.362291802411763175e-01
2.140000000000000000e+02 1.352787017822265625e-03 6.009538013586280867e+05 -1.834654504643858097e-01
2.150000000000000000e+02 1.357555389404296875e-03 6.076286738573240582e+05 -1.093789904026827575e-01
2.160000000000000000e+02 1.357078552246093750e-03 5.232180753450806951e+05 -1.029054430711980439e+00
2.170000000000000000e+02 1.356601715087890625e-03 5.172607073821882368e+05 -1.071726024423054868e+00
2.180000000000000000e+02 1.358270645141601562e-03 4.701566655627064174e+05 -1.560997186331143149e+00
2.190000000000000000e+02 1.362562179565429688e-03 5.077104778793303412e+05 -1.104318049315052619e+00
2.200000000000000000e+02 1.370429992675781250e-03 6.059638856447304133e+05 -2.727851340276218547e-02
2.210000000000000000e+02 1.373767852783203125e-03 6.520052024615574628e+05 4.713318532081390289e-01
2.220000000000000000e+02 1.363515853881835938e-03 5.950143949747303268e+05 -1.557944899727088384e-01
2.230000000000000000e+02 1.034021377563476562e-03 5.850500360554902581e+05 -2.640349551126707772e-01
2.240000000000000000e+02 1.566648483276367188e-03 5.810151210487557109e+05 -3.062804280282601099e-01
2.250000000000000000e+02 1.554727554321289062e-03 6.378721574888096657e+05 3.337756962683801065e-01
2.260000000000000000e+02 1.368522644042968750e-03 6.112548241950104712e+05 2.982726699390669117e-02
2.270000000000000000e+02 1.378059387207031250e-03 5.855077935878002318e+05 -2.639046115922918934e-01
2.280000000000000000e+02 1.366376876831054688e-03 6.020129803987853229e+05 -7.181193662853967152e-02
2.290000000000000000e+02 1.469850540161132812e-03 5.764092651471006684e+05 -3.680193523263765032e-01
2.300000000000000000e+02 1.611471176147460938e-03 5.955393037980828667e+05 -1.411614434668787554e-01
2.310000000000000000e+02 1.375913619995117188e-03 6.847697507492726436e+05 9.107115822062099575e-01
2.320000000000000000e+02 1.621246337890625000e-03 9.121957897246556822e+05 3.579414385320752512e+00
2.320000000000000000e+02 2.984523773193359375e-03 4.980185086093822028e+05 0.000000000000000000e+00
2.330000000000000000e+02 1.396656036376953125e-03 8.174436585143663688e+05 0.000000000000000000e+00
2.340000000000000000e+02 1.387596130371093750e-03 7.752602349860690301e+05 5.203451261359302027e-01
2.350000000000000000e+02 1.388549804687500000e-03 6.941623127300802153e+05 -1.581953074849928170e-02
2.360000000000000000e+02 1.384735107421875000e-03 6.527271985502870521e+05 -3.069595763698687585e-01
2.370000000000000000e+02 1.392126083374023438e-03 6.082660599515655776e+05 -6.379205639441589692e-01
2.380000000000000000e+02 1.389265060424804688e-03 6.051542586317672394e+05 -5.975358479522444588e-01
2.390000000000000000e+02 1.384973526000976562e-03 5.966524899462641915e+05 -6.227491633156843065e-01
2.400000000000000000e+02 1.378297805786132812e-03 5.580220571195334196e+05 -9.455571949712620050e-01
2.410000000000000000e+02 1.638650894165039062e-03 1.109313198404692113e+06 4.540629386342338591e+00
2.410000000000000000e+02 3.003835678100585938e-03 9.851106104679366108e+05 0.000000000000000000e+00
2.420000000000000000e+02 1.381158828735351562e-03 1.465427148555544904e+06 0.000000000000000000e+00
2.430000000000000000e+02 1.391887664794921875e-03 1.190927857945975615e+06 -1.011115266557692238e-01
2.440000000000000000e+02 1.379966735839843750e-03 5.531443670719068032e+05 -2.741681409368989630e+00
2.450000000000000000e+02 1.384735107421875000e-03 5.530752393262523692e+05 -1.288904219436212362e+00
2.460000000000000000e+02 1.399517059326171875e-03 6.410546939610722475e+05 -7.712138778325429156e-01
2.470000000000000000e+02 1.394987106323242188e-03 6.579575423299859976e+05 -6.332056198440261241e-01
2.480000000000000000e+02 1.381397247314453125e-03 8.501889928019668441e+05 -3.806481232775925372e-02
2.490000000000000000e+02 1.388072967529296875e-03 8.248026073311071377e+05 -1.125696241865341424e-01
2.500000000000000000e+02 1.385927200317382812e-03 7.781740547896745848e+05 -2.571697185465091073e-01
2.510000000000000000e+02 1.397848129272460938e-03 7.358871991772417678e+05 -3.886087947372648399e-01
2.520000000000000000e+02 1.393556594848632812e-03 6.526224975350985769e+05 -6.662585504442889439e-01
2.530000000000000000e+02 1.393795013427734375e-03 6.537647482124231756e+05 -6.237146142318519271e-01
2.540000000000000000e+02 1.394033432006835938e-03 7.219290014295320725e+05 -3.351109770998594306e-01
2.550000000000000000e+02 1.401901245117187500e-03 6.806881287928342354e+05 -4.834010468290946272e-01
2.560000000000000000e+02 1.403331756591796875e-03 6.586578991893378552e+05 -5.527930191101925184e-01
2.570000000000000000e+02 1.407146453857421875e-03 6.405050922848359914e+05 -6.057210451262746709e-01
2.580000000000000000e+02 1.391887664794921875e-03 7.149084183664361481e+05 -2.695127863864208995e-01
2.590000000000000000e+02 1.396179199218750000e-03 7.914652140653984388e+05 6.903759356497451982e-02
2.600000000000000000e+02 1.414060592651367188e-03 7.275358287617630558e+05 -2.169602759032432937e-01
2.610000000000000000e+02 1.401901245117187500e-03 6.172201140821470181e+05 -7.148144646706819927e-01
2.620000000000000000e+02 1.394987106323242188e-03 5.700207179196758661e+05 -9.078508725800588097e-01
2.630000000000000000e+02 1.402139663696289062e-03 5.636675504886501003e+05 -9.005351272914227101e-01
2.640000000000000000e+02 1.410007476806640625e-03 5.658975315148896771e+05 -8.553928677765338939e-01
2.650000000000000000e+02 1.404523849487304688e-03 5.595674135771746514e+05 -8.548824819870324276e-01
2.660000000000000000e+02 1.394271850585937500e-03 5.039988442552384804e+05 -1.088669200275768301e+00
2.670000000000000000e+02 1.409292221069335938e-03 4.858183067721535917e+05 -1.129638880703343284e+00
2.680000000000000000e+02 1.407146453857421875e-03 5.147022741758563789e+05 -9.474031805002683937e-01
2.690000000000000000e+02 1.405954360961914062e-03 5.867978084872333566e+05 -5.764373456720762734e-01
2.700000000000000000e+02 1.393556594848632812e-03 5.513691944158381084e+05 -7.322880258606481174e-01
2.710000000000000000e+02 1.409530639648437500e-03 5.160218380286567262e+05 -8.837126156899525187e-01
2.720000000000000000e+02 1.419305801391601562e-03 5.229221676115693990e+05 -8.254091979816523539e-01
2.730000000000000000e+02 1.419544219970703125e-03 4.975254369413972599e+05 -9.272723828818970615e-01
2.740000000000000000e+02 2.260923385620117188e-03 4.786801105242152698e+05 -9.932018364415056144e-01
2.750000000000000000e+02 1.446247100830078125e-03 4.695095457125789835e+05 -1.009256684315338770e+00
2.760000000000000000e+02 1.418590545654296875e-03 5.293652881964932894e+05 -6.891359141354808093e-01
2.770000000000000000e+02 1.442193984985351562e-03 6.838968477749970043e+05 8.305881980010597354e-02
2.780000000000000000e+02 1.431465148925781250e-03 6.700053003584622638e+05 1.282835511297783851e-02
2.790000000000000000e+02 1.435518264770507812e-03 6.649642896961437073e+05 -1.276690499703067583e-02
2.800000000000000000e+02 1.418828964233398438e-03 6.465128298066129209e+05 -1.069361969058377076e-01
2.810000000000000000e+02 1.423835754394531250e-03 6.700544308656376088e+05 1.629724860410337178e-02
2.820000000000000000e+02 1.425504684448242188e-03 6.727732783862202195e+05 3.036081172838072870e-02
2.830000000000000000e+02 1.423835754394531250e-03 6.454997792262863368e+05 -1.148009140037943993e-01
2.840000000000000000e+02 1.424074172973632812e-03 6.064982652935060905e+05 -3.230254919213010889e-01
2.850000000000000000e+02 1.445055007934570312e-03 6.290810987811111845e+05 -1.964094568759130188e-01
2.860000000000000000e+02 1.432895660400390625e-03 6.489780024758188520e+05 -8.493968247129421445e-02
2.870000000000000000e+02 1.432418823242187500e-03 6.578991142711201683e+05 -3.449618584454972048e-02
2.880000000000000000e+02 1.427173614501953125e-03 6.113199402135269484e+05 -2.955922740703832985e-01
2.890000000000000000e+02 1.438140869140625000e-03 5.926912494399092393e+05 -3.978900925421144930e-01
2.900000000000000000e+02 1.420497894287109375e-03 5.785964316573119722e+05 -4.738567709380158699e-01
2.910000000000000000e+02 1.436233520507812500e-03 5.575210656636374770e+05 -5.896244273583353124e-01
2.920000000000000000e+02 1.442432403564453125e-03 5.630271340201332932e+05 -5.499565604399520025e-01
2.930000000000000000e+02 1.435756683349609375e-03 5.260108214543501381e+05 -7.594638429513398403e-01
2.940000000000000000e+02 1.428842544555664062e-03 5.143871066607148387e+05 -8.164789961115649364e-01
2.950000000000000000e+02 1.447200775146484375e-03 5.388426743339407258e+05 -6.599952682544095728e-01
2.960000000000000000e+02 1.436471939086914062e-03 5.442638202971494757e+05 -6.193675537199015979e-01
2.970000000000000000e+02 1.433372497558593750e-03 6.532668916172046447e+05 3.712303879572712711e-02
2.980000000000000000e+02 1.462936401367187500e-03 6.704303096860353835e+05 1.399003907331769214e-01
2.990000000000000000e+02 1.461744308471679688e-03 6.510851485320937354e+05 2.146927965107450764e-02
