2.705349499228444323e+07
1.000000000000000000e+00 1.456737518310546875e-03 1.420252478444341687e+05 0.000000000000000000e+00
2.000000000000000000e+00 1.250743865966796875e-03 1.636762285400208784e+05 1.059196666812124210e+00
3.000000000000000000e+00 1.208305358886718750e-03 9.070200583577623183e+04 -5.140668034641926454e-01
4.000000000000000000e+00 1.210927963256835938e-03 1.406068012358952255e+05 5.637306886983901588e-01
5.000000000000000000e+00 1.199245452880859375e-03 1.144261809135309595e+05 -8.985297339697090324e-02
6.000000000000000000e+00 1.216650009155273438e-03 1.128521366947623028e+05 -1.232610590728539512e-01
7.000000000000000000e+00 1.206398010253906250e-03 1.423216245618598477e+05 6.958420734413637287e-01
8.000000000000000000e+00 1.201391220092773438e-03 1.505610658566338243e+05 8.724162926326057832e-01
9.000000000000000000e+00 1.210212707519531250e-03 1.275221823386542383e+05 1.156322324515165478e-01
1.000000000000000000e+01 1.212358474731445312e-03 1.177191731475753477e+05 -1.945651059683943807e-01
1.100000000000000000e+01 1.216650009155273438e-03 9.497230264067411190e+04 -9.303389794166750937e-01
1.200000000000000000e+01 1.209735870361328125e-03 1.182547562884605431e+05 -9.190495938191460545e-02
1.300000000000000000e+01 1.220464706420898438e-03 1.088556060093271954e+05 -4.127239433607364782e-01
1.400000000000000000e+01 1.217365264892578125e-03 1.222618481393279508e+05 8.178874212350818740e-02
1.500000000000000000e+01 1.205682754516601562e-03 1.079237874451848038e+05 -4.512828637142200505e-01
1.600000000000000000e+01 1.213312149047851562e-03 1.197094241778416472e+05 1.333357030459962796e-02
1.700000000000000000e+01 1.211643218994140625e-03 1.634756284923613421e+05 1.732337238158649484e+00
1.800000000000000000e+01 1.214981079101562500e-03 1.702915937518092105e+05 1.808781706428607805e+00
1.900000000000000000e+01 1.259088516235351562e-03 2.249827235367376998e+05 3.553332118274879825e+00
1.900000000000000000e+01 2.604722976684570312e-03 2.093600519337812148e+05 0.000000000000000000e+00
2.000000000000000000e+01 1.221418380737304688e-03 2.996885760845598415e+05 0.000000000000000000e+00
2.100000000000000000e+01 1.213073730468750000e-03 1.924105203166175052e+05 -9.724743128075968857e-01
2.200000000000000000e+01 1.211166381835937500e-03 2.438624038602165820e+05 1.741399920006037327e-01
2.300000000000000000e+01 1.214027404785156250e-03 1.921941060881395533e+05 -9.320399341697149787e-01
2.400000000000000000e+01 1.226186752319335938e-03 1.394795109729328833e+05 -1.934029980337147903e+00
2.500000000000000000e+01 1.217842102050781250e-03 1.366020617827401438e+05 -1.403871120461720023e+00
2.600000000000000000e+01 1.228570938110351562e-03 1.453562625511797378e+05 -9.869482004185329282e-01
2.700000000000000000e+01 1.222372055053710938e-03 1.417960510995989025e+05 -9.355977159657322684e-01
2.800000000000000000e+01 1.234769821166992188e-03 1.536335294026671327e+05 -6.317903371124149459e-01
2.900000000000000000e+01 1.221895217895507812e-03 1.061017956134294072e+05 -1.471749843597767393e+00
3.000000000000000000e+01 1.223087310791015625e-03 1.578690082456667151e+05 -3.605671278510426125e-01
3.100000000000000000e+01 1.221656799316406250e-03 2.454096151763372181e+05 1.272015632233382210e+00
3.200000000000000000e+01 1.244306564331054688e-03 2.758222774113476044e+05 1.701169650348271389e+00
3.300000000000000000e+01 1.218318939208984375e-03 2.102433473195403640e+05 3.695192953078155207e-01
3.400000000000000000e+01 1.669645309448242188e-03 1.630860102694237139e+05 -4.730591239831136163e-01
3.500000000000000000e+01 1.688718795776367188e-03 1.413026274978086876e+05 -8.492057871656536472e-01
3.600000000000000000e+01 1.632690429687500000e-03 1.123153726579099311e+05 -1.336434795164874956e+00
3.700000000000000000e+01 1.237869262695312500e-03 1.169089197148554813e+05 -1.155247342518495701e+00
3.800000000000000000e+01 1.240491867065429688e-03 1.425844972644214868e+05 -6.304259485586102274e-01
3.900000000000000000e+01 1.239299774169921875e-03 1.698665129681049730e+05 -1.162197090641810954e-01
4.000000000000000000e+01 1.245021820068359375e-03 1.407586732395083818e+05 -6.527163386469090334e-01
4.100000000000000000e+01 1.246452331542968750e-03 1.588323869913362141e+05 -2.924101948926074446e-01
4.200000000000000000e+01 1.241922378540039062e-03 1.814005070542067115e+05 1.475001904752556159e-01
4.300000000000000000e+01 1.238107681274414062e-03 2.019455936635175603e+05 5.475240457087742207e-01
4.400000000000000000e+01 1.219749450683593750e-03 1.901581130324285768e+05 2.988393314084092367e-01
4.500000000000000000e+01 1.229047775268554688e-03 1.941419537128400698e+05 3.735817709541940368e-01
4.600000000000000000e+01 1.257658004760742188e-03 1.708741596344715217e+05 -1.142890211512225251e-01
4.700000000000000000e+01 1.236915588378906250e-03 1.725344836568117898e+05 -7.737115093313616521e-02
4.800000000000000000e+01 1.235961914062500000e-03 1.540898625586705748e+05 -4.709377758577132367e-01
4.900000000000000000e+01 1.244068145751953125e-03 1.832186559350953321e+05 1.706922208900058247e-01
5.000000000000000000e+01 1.235246658325195312e-03 2.001737021290360135e+05 5.420386879020743232e-01
5.100000000000000000e+01 1.235246658325195312e-03 2.149891533981414104e+05 8.620046787442467995e-01
5.200000000000000000e+01 1.234054565429687500e-03 1.874538162556952739e+05 2.221587593654396897e-01
5.300000000000000000e+01 1.248836517333984375e-03 1.791942014149430324e+05 3.087586561684178485e-02
5.400000000000000000e+01 1.230716705322265625e-03 2.110177703721420257e+05 7.653941939122639315e-01
5.500000000000000000e+01 1.263141632080078125e-03 2.297244677179164719e+05 1.183455159715187222e+00
5.600000000000000000e+01 1.275539398193359375e-03 1.864172445545227674e+05 1.443775942822193015e-01
5.700000000000000000e+01 1.244544982910156250e-03 1.657053864022188063e+05 -3.428844047369009607e-01
5.800000000000000000e+01 1.283645629882812500e-03 1.973616544926939241e+05 4.125753353320628647e-01
5.900000000000000000e+01 1.216888427734375000e-03 2.606057727090810076e+05 1.922566475661418028e+00
6.000000000000000000e+01 9.453296661376953125e-04 1.846330752579547989e+05 5.294458370295719585e-02
6.100000000000000000e+01 9.455680847167968750e-04 1.565582959698843479e+05 -6.077877429899410933e-01
6.200000000000000000e+01 9.424686431884765625e-04 1.722873543125562719e+05 -2.255443750341889764e-01
6.300000000000000000e+01 9.481906890869140625e-04 1.584677687851831433e+05 -5.540102737772280017e-01
6.400000000000000000e+01 9.617805480957031250e-04 1.824146530816427839e+05 3.232292131703107252e-02
6.500000000000000000e+01 9.551048278808593750e-04 2.262965871769316145e+05 1.103808839089611249e+00
6.600000000000000000e+01 9.603500366210937500e-04 2.187330769667508721e+05 8.937143865103325258e-01
6.700000000000000000e+01 9.443759918212890625e-04 2.417807507114246837e+05 1.440211459272646266e+00
6.800000000000000000e+01 9.567737579345703125e-04 2.680262526821288047e+05 2.030318943705343049e+00
6.900000000000000000e+01 9.469985961914062500e-04 2.222761807149887027e+05 8.576101414102594855e-01
7.000000000000000000e+01 9.648799896240234375e-04 2.362475167794255540e+05 1.171779730187938462e+00
7.100000000000000000e+01 9.701251983642578125e-04 2.269697520700205932e+05 9.278679855047244907e-01
7.200000000000000000e+01 9.710788726806640625e-04 2.372848910274090595e+05 1.153895255606893988e+00
7.300000000000000000e+01 9.589195251464843750e-04 1.990900475516514562e+05 2.351350775575812013e-01
7.400000000000000000e+01 9.958744049072265625e-04 2.239871031525844592e+05 8.209113556314591165e-01
7.500000000000000000e+01 9.529590606689453125e-04 2.152872108355840028e+05 6.026390134901253859e-01
7.600000000000000000e+01 9.639263153076171875e-04 2.178691765847977658e+05 6.570180000136973675e-01
7.700000000000000000e+01 9.510517120361328125e-04 2.486228974525227386e+05 1.385490901120354446e+00
7.800000000000000000e+01 9.484291076660156250e-04 2.780018813099399558e+05 2.049982757611747530e+00
7.900000000000000000e+01 9.508132934570312500e-04 3.011382011389770196e+05 2.500203115982676749e+00
8.000000000000000000e+01 1.014709472656250000e-03 3.629209659252192941e+05 3.733280346840638586e+00
8.000000000000000000e+01 2.113580703735351562e-03 1.673417210132155160e+05 0.000000000000000000e+00
8.100000000000000000e+01 9.577274322509765625e-04 2.587715992655663867e+05 0.000000000000000000e+00
8.200000000000000000e+01 9.460449218750000000e-04 3.388196665922566317e+05 1.945269454253972352e+00
8.300000000000000000e+01 9.989738464355468750e-04 5.752160445825224742e+05 3.732299205013765775e+00
8.300000000000000000e+01 2.081632614135742188e-03 3.761275359826567001e+05 0.000000000000000000e+00
8.400000000000000000e+01 9.505748748779296875e-04 4.701870261032735580e+05 0.000000000000000000e+00
8.500000000000000000e+01 9.448528289794921875e-04 4.441962193480405258e+05 3.163269527701466632e-01
8.600000000000000000e+01 9.613037109375000000e-04 4.735949176401078003e+05 8.940069544944396762e-01
8.700000000000000000e+01 9.653568267822265625e-04 3.845174998323578620e+05 -1.249805925486738634e+00
8.800000000000000000e+01 9.794235229492187500e-04 3.396999004584982176e+05 -1.931713739100895610e+00
8.900000000000000000e+01 9.617805480957031250e-04 3.111139692532290355e+05 -1.864363395590592276e+00
9.000000000000000000e+01 9.534358978271484375e-04 3.570205471943747834e+05 -6.693975025699986370e-01
9.100000000000000000e+01 1.117706298828125000e-03 3.188169417632276891e+05 -1.236776541769846416e+00
9.200000000000000000e+01 1.659154891967773438e-03 3.055625077079837793e+05 -1.287175093320951591e+00
9.300000000000000000e+01 1.671791076660156250e-03 4.181645101270836894e+05 6.234673271785223791e-01
9.400000000000000000e+01 1.240730285644531250e-03 3.108578272674837499e+05 -1.139864002571419732e+00
9.500000000000000000e+01 2.036571502685546875e-03 3.155094061859173817e+05 -9.617450561767273420e-01
9.600000000000000000e+01 1.263141632080078125e-03 2.775169811980875675e+05 -1.502778270213270817e+00
9.700000000000000000e+01 1.246690750122070312e-03 2.545824311374865938e+05 -1.693398570107194745e+00
9.800000000000000000e+01 1.243114471435546875e-03 2.555992584518191579e+05 -1.478802296399587046e+00
9.900000000000000000e+01 1.264095306396484375e-03 2.584548007730261015e+05 -1.300060156918999787e+00
1.000000000000000000e+02 1.240968704223632812e-03 2.394557182814998669e+05 -1.464226397505772548e+00
1.010000000000000000e+02 1.245975494384765625e-03 2.376724618654319493e+05 -1.366930218872328684e+00
1.020000000000000000e+02 1.261949539184570312e-03 2.610641631918109197e+05 -9.606372791012156576e-01
1.030000000000000000e+02 1.253843307495117188e-03 2.570721520799894643e+05 -9.682309968437466940e-01
1.040000000000000000e+02 1.243352890014648438e-03 2.753443588726848247e+05 -6.829700844819477368e-01
1.050000000000000000e+02 1.249313354492187500e-03 2.668441333042584010e+05 -7.746348340678281819e-01
1.060000000000000000e+02 1.253843307495117188e-03 2.631491889499386889e+05 -7.982429835804840668e-01
1.070000000000000000e+02 1.242637634277343750e-03 2.713549366697122459e+05 -6.595318277505328730e-01
1.080000000000000000e+02 1.248121261596679688e-03 2.981369864078814862e+05 -2.708792399521476324e-01
1.090000000000000000e+02 1.269817352294921875e-03 3.005908195362396655e+05 -2.308842567688155767e-01
1.100000000000000000e+02 1.247644424438476562e-03 2.707506664386522025e+05 -6.546284471682127792e-01
1.110000000000000000e+02 1.250743865966796875e-03 2.758494205524862627e+05 -5.642606032687014217e-01
1.120000000000000000e+02 1.249790191650390625e-03 2.157801074129052577e+05 -1.434000602867399721e+00
1.130000000000000000e+02 1.248598098754882812e-03 2.397319365479434491e+05 -1.017203531970974018e+00
1.140000000000000000e+02 1.245260238647460938e-03 2.192579999615018314e+05 -1.280100261462001621e+00
1.150000000000000000e+02 1.300811767578125000e-03 1.895244796243748569e+05 -1.653978875008556448e+00
1.160000000000000000e+02 1.244544982910156250e-03 2.216274607564838370e+05 -1.116027940647241978e+00
1.170000000000000000e+02 1.249313354492187500e-03 2.687744154190319241e+05 -4.239966914591009606e-01
1.180000000000000000e+02 1.263141632080078125e-03 3.240471528722551302e+05 3.613515524635849685e-01
1.190000000000000000e+02 1.275539398193359375e-03 3.996647843979765894e+05 1.434127718536948315e+00
1.200000000000000000e+02 1.248836517333984375e-03 4.736648274494216894e+05 2.417267379554942863e+00
1.210000000000000000e+02 1.253128051757812500e-03 4.183702173698915285e+05 1.484591307938484261e+00
1.220000000000000000e+02 1.254796981811523438e-03 3.439506943253038335e+05 4.535514282686953225e-01
1.230000000000000000e+02 1.261711120605468750e-03 2.948389808927006088e+05 -2.010573128823269218e-01
1.240000000000000000e+02 1.243829727172851562e-03 2.929315170308440574e+05 -2.240225962958844463e-01
1.250000000000000000e+02 1.249313354492187500e-03 3.135611591638815589e+05 5.745180685102754814e-02
1.260000000000000000e+02 1.340627670288085938e-03 2.996037928503177245e+05 -1.340590260399979472e-01
1.270000000000000000e+02 1.245498657226562500e-03 2.907559604621799663e+05 -2.549263237793868986e-01
1.280000000000000000e+02 1.248836517333984375e-03 2.874798601508362335e+05 -2.977650337517259715e-01
1.290000000000000000e+02 1.314640045166015625e-03 4.072244470961815678e+05 1.397289528293092165e+00
1.300000000000000000e+02 1.268863677978515625e-03 4.639569877063762397e+05 2.147836325270716884e+00
1.310000000000000000e+02 1.478433609008789062e-03 5.490344017468232196e+05 3.176510270678001735e+00
1.310000000000000000e+02 2.773761749267578125e-03 3.234101825233027339e+05 0.000000000000000000e+00
1.320000000000000000e+02 1.265525817871093750e-03 5.387680025173285976e+05 0.000000000000000000e+00
1.330000000000000000e+02 1.260757446289062500e-03 3.812835033438339597e+05 -3.270637662348039321e-01
1.340000000000000000e+02 1.263856887817382812e-03 3.139694498641380924e+05 -9.018906516180004163e-01
1.350000000000000000e+02 1.248836517333984375e-03 2.758709677982874564e+05 -1.091672087157967930e+00
1.360000000000000000e+02 1.245498657226562500e-03 2.638936112443353049e+05 -9.943616677639290913e-01
1.370000000000000000e+02 1.269817352294921875e-03 2.881599399900722783e+05 -6.045742135122713634e-01
1.380000000000000000e+02 1.252412796020507812e-03 2.723182571631669416e+05 -7.165089291961225237e-01
1.390000000000000000e+02 1.475572586059570312e-03 6.455332821381886024e+05 3.417099640459059895e+00
1.390000000000000000e+02 2.943277359008789062e-03 4.823495951248687925e+05 0.000000000000000000e+00
1.400000000000000000e+02 1.489639282226562500e-03 6.395387330236330163e+05 0.000000000000000000e+00
1.410000000000000000e+02 1.268386840820312500e-03 4.917727688595745713e+05 -6.223275128836612824e-01
1.420000000000000000e+02 1.283407211303710938e-03 3.894099973021525657e+05 -1.684196978083316587e+00
1.430000000000000000e+02 1.255035400390625000e-03 4.322278770385563257e+05 -6.628266119566030845e-01
1.440000000000000000e+02 1.253604888916015625e-03 4.665871832514890120e+05 -2.162927541417225263e-01
1.450000000000000000e+02 1.257181167602539062e-03 3.978289775504991994e+05 -1.008787285258537780e+00
1.460000000000000000e+02 9.677410125732421875e-04 4.489950019537133630e+05 -2.660724683566598747e-01
1.470000000000000000e+02 1.048564910888671875e-03 4.600646568809340242e+05 -1.088384018036576278e-01
1.480000000000000000e+02 9.829998016357421875e-04 4.380770475299665122e+05 -4.032502486190506219e-01
1.490000000000000000e+02 9.629726409912109375e-04 4.018433437976062414e+05 -9.009305624691489323e-01
1.500000000000000000e+02 9.973049163818359375e-04 3.677768803028171533e+05 -1.324899796325625267e+00
1.510000000000000000e+02 9.772777557373046875e-04 4.000713678634685348e+05 -7.254974864021601633e-01
1.520000000000000000e+02 1.554012298583984375e-03 4.036175372798751341e+05 -6.332548962224879840e-01
1.530000000000000000e+02 1.019954681396484375e-03 3.582949325694454601e+05 -1.274299826689105464e+00
1.540000000000000000e+02 9.677410125732421875e-04 3.420023625985545223e+05 -1.405114821420420546e+00
1.550000000000000000e+02 9.717941284179687500e-04 3.085716943986402475e+05 -1.754677319923549028e+00
1.560000000000000000e+02 8.151531219482421875e-03 3.094329056298107025e+05 -1.549925813793989304e+00
1.570000000000000000e+02 6.321191787719726562e-03 2.814676361589468434e+05 -1.773127842668493770e+00
1.580000000000000000e+02 1.756668090820312500e-03 3.276931271095127449e+05 -1.027969990330947603e+00
1.590000000000000000e+02 1.280784606933593750e-03 3.744108174348787288e+05 -4.040081717726947685e-01
1.600000000000000000e+02 1.287221908569335938e-03 4.129003480856177048e+05 8.876289973471884753e-02
1.610000000000000000e+02 1.258611679077148438e-03 3.688022675649491139e+05 -4.788719471095198577e-01
1.620000000000000000e+02 1.277685165405273438e-03 4.170923951548139448e+05 1.643411362887475524e-01
1.630000000000000000e+02 1.260757446289062500e-03 4.034239133041573223e+05 -2.149766371341445964e-02
1.640000000000000000e+02 1.266479492187500000e-03 4.989839041165450471e+05 1.281798610175236330e+00
1.650000000000000000e+02 1.466512680053710938e-03 4.528198964811724727e+05 5.962169955054673620e-01
1.660000000000000000e+02 1.254558563232421875e-03 3.921999700012702961e+05 -2.460782906821523397e-01
1.670000000000000000e+02 1.250028610229492188e-03 3.602973608950303751e+05 -6.848897157836482119e-01
1.680000000000000000e+02 1.292943954467773438e-03 5.262851688051492674e+05 1.661776076341678232e+00
1.690000000000000000e+02 1.248359680175781250e-03 5.735421779248997336e+05 2.206989863610658187e+00
1.700000000000000000e+02 1.470088958740234375e-03 6.679488392599530052e+05 3.230113553062680776e+00
1.700000000000000000e+02 2.463579177856445312e-03 4.392920921440879465e+05 0.000000000000000000e+00
1.710000000000000000e+02 9.584426879882812500e-04 8.528696305328559829e+05 0.000000000000000000e+00
1.720000000000000000e+02 9.894371032714843750e-04 7.330931219599922188e+05 2.975353050919899989e-01
1.730000000000000000e+02 9.770393371582031250e-04 7.018727574733120855e+05 1.258805244104503340e-01
1.740000000000000000e+02 9.601116180419921875e-04 7.022604414602570469e+05 1.175112561258851857e-01
1.750000000000000000e+02 9.713172912597656250e-04 6.307038534875146579e+05 -3.649087035290362047e-01
1.760000000000000000e+02 1.242160797119140625e-03 5.860641061830888502e+05 -6.609652943645591971e-01
1.770000000000000000e+02 9.765625000000000000e-04 5.670576691842082655e+05 -7.450827651957018238e-01
1.780000000000000000e+02 1.003503799438476562e-03 5.727461339991167188e+05 -6.317558206529593212e-01
1.790000000000000000e+02 1.259803771972656250e-03 5.267512258751045447e+05 -9.697469271189401718e-01
1.800000000000000000e+02 9.779930114746093750e-04 4.856059786817674176e+05 -1.226863832470653115e+00
1.810000000000000000e+02 9.760856628417968750e-04 7.310349835799229331e+05 9.347337019464011520e-01
1.820000000000000000e+02 1.019001007080078125e-03 7.053604551457589259e+05 6.503839954962321590e-01
1.830000000000000000e+02 9.870529174804687500e-04 6.334280046638001222e+05 -9.779808743323361437e-05
1.840000000000000000e+02 9.741783142089843750e-04 5.517928138179561356e+05 -7.280926178179956132e-01
1.850000000000000000e+02 9.930133819580078125e-04 5.904024156893051695e+05 -3.414621213867890526e-01
1.860000000000000000e+02 9.784698486328125000e-04 5.843724963325206190e+05 -3.865430495873954375e-01
1.870000000000000000e+02 1.511812210083007812e-03 5.953606512892922619e+05 -2.681986510960699954e-01
1.880000000000000000e+02 1.160621643066406250e-03 5.926067979454401648e+05 -2.878127559675686120e-01
1.890000000000000000e+02 1.006126403808593750e-03 7.617351809874541359e+05 1.439517291380065345e+00
1.900000000000000000e+02 1.006364822387695312e-03 7.061330746315545402e+05 7.825641038217304724e-01
1.910000000000000000e+02 1.246690750122070312e-03 6.238211233374697622e+05 -7.172774001816510647e-02
1.920000000000000000e+02 1.283168792724609375e-03 5.642833402352789417e+05 -6.814864748548573603e-01
1.930000000000000000e+02 1.275062561035156250e-03 4.855993548839373398e+05 -1.478583269053559857e+00
1.940000000000000000e+02 1.590132713317871094e-02 5.288748194279284216e+05 -9.446715434695609481e-01
1.950000000000000000e+02 1.291751861572265625e-03 8.103047080963258632e+05 1.958626202679594197e+00
1.960000000000000000e+02 1.381635665893554688e-03 7.685751879629689502e+05 1.385406463055062209e+00
1.970000000000000000e+02 1.443386077880859375e-03 6.454412277054748265e+05 1.393883583267417348e-01
1.980000000000000000e+02 1.365661621093750000e-03 6.587681954488370102e+05 2.662996137368892624e-01
1.990000000000000000e+02 1.940250396728515625e-03 7.000605025643034605e+05 6.692090080451273959e-01
2.000000000000000000e+02 1.020908355712890625e-03 7.316226874699740438e+05 9.680473750602714977e-01
2.010000000000000000e+02 1.600265502929687500e-03 6.433850811630286044e+05 5.703696891437068373e-02
2.020000000000000000e+02 1.369476318359375000e-03 5.514844413930814480e+05 -8.767811862523120503e-01
2.030000000000000000e+02 1.366853713989257812e-03 4.997604097226886661e+05 -1.380800917716412446e+00
2.040000000000000000e+02 1.270771026611328125e-03 5.660610199918783037e+05 -6.560328331167269988e-01
2.050000000000000000e+02 1.264333724975585938e-03 6.001382761306272587e+05 -2.969063610353421812e-01
2.060000000000000000e+02 1.254081726074218750e-03 5.490841897549782880e+05 -8.176429231853454827e-01
2.070000000000000000e+02 1.422595977783203125e-02 5.229928145030170563e+05 -1.069121000871914973e+00
2.080000000000000000e+02 1.652693748474121094e-02 5.014072490647404338e+05 -1.262174474904332211e+00
2.090000000000000000e+02 1.272559165954589844e-02 5.702054844308824977e+05 -5.160440705681221818e-01
2.100000000000000000e+02 1.262187957763671875e-03 5.798534146132550668e+05 -4.081803310778905902e-01
2.110000000000000000e+02 1.178240776062011719e-02 6.069827904762697872e+05 -1.188229009972447958e-01
2.120000000000000000e+02 1.267433166503906250e-03 5.992779220459321514e+05 -1.989554483427419529e-01
2.130000000000000000e+02 1.300811767578125000e-03 5.353390796563415788e+05 -8.811383615473384889e-01
2.140000000000000000e+02 1.259326934814453125e-03 5.922706780966117512e+05 -2.522958210336677110e-01
2.150000000000000000e+02 1.243829727172851562e-03 5.979525592762667220e+05 -1.876970422140768202e-01
2.160000000000000000e+02 1.254558563232421875e-03 5.162200072012364399e+05 -1.082310408057050477e+00
2.170000000000000000e+02 1.253366470336914062e-03 5.114284989509178558e+05 -1.110084432023057177e+00
2.180000000000000000e+02 1.254320144653320312e-03 4.647042582839200622e+05 -1.595254709277202476e+00
2.190000000000000000e+02 1.254558563232421875e-03 5.042777157641583472e+05 -1.112999703722816092e+00
2.200000000000000000e+02 1.259088516235351562e-03 6.043136831647899235e+05 -1.397001964875168277e-02
2.210000000000000000e+02 1.254796981811523438e-03 6.515125726733113406e+05 4.982309359598782184e-01
2.220000000000000000e+02 1.260995864868164062e-03 5.967271183584642131e+05 -1.065169734420659403e-01
2.230000000000000000e+02 1.253843307495117188e-03 5.867285039411750622e+05 -2.158592641291402492e-01
2.240000000000000000e+02 1.255035400390625000e-03 5.838224520679742564e+05 -2.461589571893574580e-01
2.250000000000000000e+02 1.247167587280273438e-03 6.428072031307861907e+05 4.188721911030842127e-01
2.260000000000000000e+02 1.256942749023437500e-03 6.161908104178495705e+05 1.132147710159514958e-01
2.270000000000000000e+02 1.256704330444335938e-03 5.897462009529827628e+05 -1.898160866957150639e-01
2.280000000000000000e+02 1.279115676879882812e-03 6.066298145471931202e+05 6.347561204488045249e-03
2.290000000000000000e+02 1.266241073608398438e-03 5.810889871722686803e+05 -2.904909328847031236e-01
2.300000000000000000e+02 1.256942749023437500e-03 6.010978055243063718e+05 -5.356406826105339358e-02
2.310000000000000000e+02 1.249790191650390625e-03 6.905463314169895602e+05 1.003254078437167740e+00
2.320000000000000000e+02 1.482248306274414062e-03 9.155950488468066324e+05 3.645178901521455295e+00
2.320000000000000000e+02 2.723932266235351562e-03 5.009328554357411340e+05 0.000000000000000000e+00
2.330000000000000000e+02 2.089500427246093750e-03 8.200838900879001012e+05 0.000000000000000000e+00
2.340000000000000000e+02 1.005649566650390625e-03 7.768538476430294104e+05 5.155469687794435041e-01
2.350000000000000000e+02 1.260757446289062500e-03 6.953866621761594433e+05 -2.254592942156538604e-02
2.360000000000000000e+02 1.261949539184570312e-03 6.537277115490606520e+05 -3.153687261722843416e-01
2.370000000000000000e+02 1.266717910766601562e-03 6.088876827718556160e+05 -6.490013419757399982e-01
2.380000000000000000e+02 1.272916793823242188e-03 6.048099993194435956e+05 -6.150059646770783539e-01
2.390000000000000000e+02 1.269817352294921875e-03 5.967819838284241268e+05 -6.332498182785736285e-01
2.400000000000000000e+02 1.270771026611328125e-03 5.585327389037815155e+05 -9.500992565332175843e-01
2.410000000000000000e+02 1.486301422119140625e-03 1.110063287552053342e+06 4.523462870337309205e+00
2.410000000000000000e+02 2.726316452026367188e-03 9.864485818224868271e+05 0.000000000000000000e+00
2.420000000000000000e+02 1.273632049560546875e-03 1.470879439885723637e+06 0.000000000000000000e+00
2.430000000000000000e+02 1.283168792724609375e-03 1.193559602970516076e+06 -1.024813529149049135e-01
2.440000000000000000e+02 1.270294189453125000e-03 5.489708705670228228e+05 -2.748236852850439060e+00
2.450000000000000000e+02 1.260757446289062500e-03 5.482685630388916470e+05 -1.291336894679567360e+00
2.460000000000000000e+02 1.270055770874023438e-03 6.376769999533708906e+05 -7.713742657924507196e-01
2.470000000000000000e+02 1.270055770874023438e-03 6.544034112047743984e+05 -6.342781364879740424e-01
2.480000000000000000e+02 1.280307769775390625e-03 8.470320284006901784e+05 -4.380558075991582145e-02
2.490000000000000000e+02 1.258373260498046875e-03 8.210432108764795121e+05 -1.189429492184802400e-01
2.500000000000000000e+02 1.274824142456054688e-03 7.737030894900725689e+05 -2.638009114249242892e-01
2.510000000000000000e+02 1.260280609130859375e-03 7.317886648166390369e+05 -3.919779439941948329e-01
2.520000000000000000e+02 1.272439956665039062e-03 6.476704160380905960e+05 -6.690137947489509518e-01
2.530000000000000000e+02 1.273632049560546875e-03 6.478106389116228092e+05 -6.298856722278503018e-01
2.540000000000000000e+02 1.270771026611328125e-03 7.130484266196149401e+05 -3.547324363668027392e-01
2.550000000000000000e+02 1.270771026611328125e-03 6.728027105095729930e+05 -4.962654507604690179e-01
2.560000000000000000e+02 1.267433166503906250e-03 6.509381906327512115e+05 -5.631393984824929477e-01
2.570000000000000000e+02 1.281261444091796875e-03 6.326819379751520464e+05 -6.148834212563651924e-01
2.580000000000000000e+02 1.283168792724609375e-03 7.069597709588273428e+05 -2.828924385286080145e-01
2.590000000000000000e+02 1.273393630981445312e-03 7.827568089657023083e+05 4.828598074509402732e-02
2.600000000000000000e+02 1.283884048461914062e-03 7.193680521326353773e+05 -2.309006630511402092e-01
2.610000000000000000e+02 1.275062561035156250e-03 6.108972676365684019e+05 -7.130574677649337278e-01
2.620000000000000000e+02 1.296043395996093750e-03 5.641748590982775204e+05 -9.009986950673284367e-01
2.630000000000000000e+02 1.272678375244140625e-03 5.593194965223743347e+05 -8.869420134831130786e-01
2.640000000000000000e+02 1.284837722778320312e-03 5.625450491840232862e+05 -8.383270158615124812e-01
2.650000000000000000e+02 1.274824142456054688e-03 5.562386604245722992e+05 -8.384335206866240231e-01
2.660000000000000000e+02 1.303195953369140625e-03 5.017276613668223144e+05 -1.065166644270242546e+00
2.670000000000000000e+02 1.277923583984375000e-03 4.861040114248613245e+05 -1.095227010068297702e+00
2.680000000000000000e+02 1.286506652832031250e-03 5.151501509447816061e+05 -9.164302131717965150e-01
2.690000000000000000e+02 1.288414001464843750e-03 5.872386575627815910e+05 -5.503393914494328909e-01
2.700000000000000000e+02 1.303672790527343750e-03 5.512358722640151391e+05 -7.084216637337933387e-01
2.710000000000000000e+02 1.283884048461914062e-03 5.153759754161334131e+05 -8.620342689039574013e-01
2.720000000000000000e+02 1.294851303100585938e-03 5.223864336838778108e+05 -8.045592461690278530e-01
2.730000000000000000e+02 1.279592514038085938e-03 4.977778140005939640e+05 -9.028093112593476022e-01
2.740000000000000000e+02 1.232624053955078125e-03 4.798451339887372451e+05 -9.650885384438447900e-01
2.750000000000000000e+02 2.036333084106445312e-03 4.715660945568130701e+05 -9.781800232756385771e-01
2.760000000000000000e+02 1.312255859375000000e-03 5.312441609896720620e+05 -6.617850222871948240e-01
2.770000000000000000e+02 1.307487487792968750e-03 6.861096716083388310e+05 1.085772636628642707e-01
2.780000000000000000e+02 1.322269439697265625e-03 6.723689928238515276e+05 3.898710630158496587e-02
2.790000000000000000e+02 1.300334930419921875e-03 6.667883939940277487e+05 1.043001636262353045e-02
2.800000000000000000e+02 1.318454742431640625e-03 6.484336164471001830e+05 -8.320985135610484140e-02
2.810000000000000000e+02 1.296043395996093750e-03 6.734295948056922061e+05 4.681293611712430969e-02
2.820000000000000000e+02 1.330614089965820312e-03 6.762328246510615572e+05 6.090212654995898894e-02
2.830000000000000000e+02 1.303434371948242188e-03 6.492345443016446661e+05 -8.265858779051271643e-02
2.840000000000000000e+02 1.322746276855468750e-03 6.105027817427508999e+05 -2.891032381556032371e-01
2.850000000000000000e+02 1.314640045166015625e-03 6.330849702586840140e+05 -1.633669181308978202e-01
2.860000000000000000e+02 1.317501068115234375e-03 6.515543770393116865e+05 -6.043874575456528730e-02
2.870000000000000000e+02 1.305818557739257812e-03 6.601446676097388845e+05 -1.224068865082319872e-02
2.880000000000000000e+02 1.322984695434570312e-03 6.129892323621063260e+05 -2.760159802297987852e-01
2.890000000000000000e+02 1.337289810180664062e-03 5.938373586596908281e+05 -3.812199422852190489e-01
2.900000000000000000e+02 1.326322555541992188e-03 5.798571478572412161e+05 -4.565585543669232194e-01
2.910000000000000000e+02 1.320838928222656250e-03 5.589511496856466401e+05 -5.713239940118683968e-01
2.920000000000000000e+02 1.334190368652343750e-03 5.641107447222925257e+05 -5.340958160423029399e-01
2.930000000000000000e+02 1.327991485595703125e-03 5.269048647704942850e+05 -7.445207886026227184e-01
2.940000000000000000e+02 1.342296600341796875e-03 5.150394162194236415e+05 -8.031944960407474410e-01
2.950000000000000000e+02 1.326322555541992188e-03 5.389129834753221367e+05 -6.507484917561958682e-01
2.960000000000000000e+02 1.345157623291015625e-03 5.445483112006449373e+05 -6.090995462143727890e-01
2.970000000000000000e+02 1.323938369750976562e-03 6.535830690589926671e+05 4.638121076426665601e-02
2.980000000000000000e+02 1.343011856079101562e-03 6.714635323058455251e+05 1.532183417628478483e-01
2.990000000000000000e+02 1.332759857177734375e-03 6.523774351028301753e+05 3.641988691166735820e-02
