4.417951759670712054e+07
1.000000000000000000e+00 1.128673553466796875e-03 1.447931068941221747e+05 0.000000000000000000e+00
2.000000000000000000e+00 1.104116439819335938e-03 1.730805794710559421e+05 1.420171240617394526e+00
3.000000000000000000e+00 1.108646392822265625e-03 1.663971086430193973e+05 7.188387402448662700e-01
4.000000000000000000e+00 1.100063323974609375e-03 1.488964668064217549e+05 1.476095642758687432e-01
5.000000000000000000e+00 1.116752624511718750e-03 1.653203628086821118e+05 6.294627566581194600e-01
6.000000000000000000e+00 1.097679138183593750e-03 1.295524644962698076e+05 -5.912167689617846555e-01
7.000000000000000000e+00 1.106739044189453125e-03 1.495695303871261422e+05 1.484937014386860654e-01
8.000000000000000000e+00 1.097679138183593750e-03 1.723459197393619688e+05 9.839551168734830267e-01
9.000000000000000000e+00 1.099824905395507812e-03 1.799835663720058219e+05 1.167812081950610592e+00
1.000000000000000000e+01 1.100063323974609375e-03 1.840959639512110152e+05 1.189797549380903208e+00
1.100000000000000000e+01 1.097202301025390625e-03 2.353417851084823778e+05 2.931484003265381943e+00
1.200000000000000000e+01 1.097202301025390625e-03 2.507116579255141260e+05 2.546639549942110392e+00
1.300000000000000000e+01 1.101255416870117188e-03 2.301936919007089164e+05 1.483486240700732095e+00
1.400000000000000000e+01 1.347064971923828125e-03 1.754930983356354700e+05 6.254664102756492261e-02
1.500000000000000000e+01 1.375198364257812500e-03 1.364578511853256496e+05 -8.744756550401843187e-01
1.600000000000000000e+01 1.113414764404296875e-03 1.574519948881654709e+05 -3.199622349328737902e-01
1.700000000000000000e+01 1.128673553466796875e-03 1.870625207528739993e+05 4.271751554343010682e-01
1.800000000000000000e+01 1.110792160034179688e-03 2.080134110345097433e+05 9.484221642857982859e-01
1.900000000000000000e+01 1.321077346801757812e-03 3.011884180092081078e+05 3.290393945230435158e+00
1.900000000000000000e+01 2.390146255493164062e-03 2.215876656975933874e+05 0.000000000000000000e+00
2.000000000000000000e+01 1.100540161132812500e-03 3.565576494151330553e+05 0.000000000000000000e+00
2.100000000000000000e+01 1.105070114135742188e-03 2.402819660631924926e+05 -5.112281688616432396e-01
2.200000000000000000e+01 1.106500625610351562e-03 3.261168185764673399e+05 7.289625587021962838e-01
2.300000000000000000e+01 1.119375228881835938e-03 3.575866394751778571e+05 1.092718272358946141e+00
2.400000000000000000e+01 1.110076904296875000e-03 2.801380057238421869e+05 -3.120245944452996190e-01
2.500000000000000000e+01 1.103878021240234375e-03 3.431206197838325170e+05 7.843580272604427917e-01
2.600000000000000000e+01 1.111507415771484375e-03 3.403386004470385960e+05 6.511212143316742473e-01
2.700000000000000000e+01 1.113414764404296875e-03 2.815963728677697363e+05 -4.948886410985746109e-01
2.800000000000000000e+01 1.113653182983398438e-03 2.707238323818270001e+05 -6.759325612288393792e-01
2.900000000000000000e+01 1.108407974243164062e-03 2.290771018399696914e+05 -1.472459714709662526e+00
3.000000000000000000e+01 1.109123229980468750e-03 2.282210881564198353e+05 -1.294534800013946496e+00
3.100000000000000000e+01 1.113891601562500000e-03 2.940224843143430189e+05 8.324384847287691347e-02
3.200000000000000000e+01 1.384735107421875000e-03 3.267143444539937191e+05 7.245410328108398135e-01
3.300000000000000000e+01 1.111030578613281250e-03 3.272413011013687355e+05 6.970527812692680625e-01
3.400000000000000000e+01 1.124382019042968750e-03 3.608238025470780558e+05 1.352551205577016136e+00
3.500000000000000000e+01 1.116514205932617188e-03 3.655137027970992494e+05 1.332823485845014977e+00
3.600000000000000000e+01 1.119375228881835938e-03 2.697398399636704708e+05 -6.514552429707097803e-01
3.700000000000000000e+01 1.117229461669921875e-03 1.910310892465068027e+05 -2.199673785975097218e+00
3.800000000000000000e+01 1.119613647460937500e-03 2.000772631806635763e+05 -1.737915677643901535e+00
3.900000000000000000e+01 1.108407974243164062e-03 2.914522086336238426e+05 1.614036944562225601e-02
4.000000000000000000e+01 1.130580902099609375e-03 2.936782593417192111e+05 5.554920695695739208e-02
4.100000000000000000e+01 1.116514205932617188e-03 3.092686939112236141e+05 3.397802557879996965e-01
4.200000000000000000e+01 1.120328903198242188e-03 2.637542912498821970e+05 -5.189312317320845525e-01
4.300000000000000000e+01 1.114845275878906250e-03 2.861338690971850883e+05 -8.031558492373869207e-02
4.400000000000000000e+01 1.124620437622070312e-03 2.667567070394697948e+05 -4.547863828465714686e-01
4.500000000000000000e+01 1.104116439819335938e-03 3.033876296199487406e+05 2.780613151123483284e-01
4.600000000000000000e+01 1.109123229980468750e-03 2.960064771393859992e+05 1.244057801130113855e-01
4.700000000000000000e+01 1.112699508666992188e-03 3.367448572270065197e+05 9.558107445843047056e-01
4.800000000000000000e+01 1.102447509765625000e-03 3.047560997520765522e+05 2.688573833468244634e-01
4.900000000000000000e+01 1.117944717407226562e-03 2.934823169464528328e+05 2.919343851074114246e-02
5.000000000000000000e+01 1.125574111938476562e-03 2.921428919559374917e+05 3.405784117413295257e-04
5.100000000000000000e+01 1.118421554565429688e-03 2.953948831816180027e+05 7.041200886150235372e-02
5.200000000000000000e+01 1.123666763305664062e-03 2.792689405708019622e+05 -2.836627116558347317e-01
5.300000000000000000e+01 1.132488250732421875e-03 2.683754472441801918e+05 -5.211302121485361649e-01
5.400000000000000000e+01 1.121282577514648438e-03 3.119992166258847574e+05 4.674828661718508083e-01
5.500000000000000000e+01 1.130104064941406250e-03 3.608124525336998049e+05 1.568030115235418576e+00
5.600000000000000000e+01 1.118421554565429688e-03 3.094490244016890065e+05 3.526610082998407614e-01
5.700000000000000000e+01 1.108884811401367188e-03 3.136541768656705972e+05 4.423517754788382494e-01
5.800000000000000000e+01 1.104116439819335938e-03 3.385539409900101600e+05 1.003196367694559221e+00
5.900000000000000000e+01 1.103401184082031250e-03 4.096489662508075126e+05 2.599159240144061300e+00
6.000000000000000000e+01 1.107692718505859375e-03 3.686875665347400936e+05 1.500501764983760422e+00
6.100000000000000000e+01 1.111268997192382812e-03 3.371483134676957852e+05 7.799678271548053932e-01
6.200000000000000000e+01 1.127243041992187500e-03 3.314807692808901775e+05 6.456600534530883007e-01
6.300000000000000000e+01 1.105785369873046875e-03 3.269662407457315712e+05 5.392261056668024022e-01
6.400000000000000000e+01 1.120328903198242188e-03 3.078547881716277916e+05 1.211853426488511132e-01
6.500000000000000000e+01 1.113891601562500000e-03 3.291025849932437995e+05 5.812262471280686960e-01
6.600000000000000000e+01 1.124620437622070312e-03 3.311258307622854481e+05 6.172983820994364379e-01
6.700000000000000000e+01 1.106023788452148438e-03 3.561405118969528121e+05 1.159336972566030299e+00
6.800000000000000000e+01 1.107692718505859375e-03 3.696414015584912850e+05 1.428265716998632584e+00
6.900000000000000000e+01 1.125097274780273438e-03 3.115890881155349198e+05 1.243137490278714147e-01
7.000000000000000000e+01 1.106977462768554688e-03 3.223313215338196023e+05 3.588294526555874109e-01
7.100000000000000000e+01 1.122951507568359375e-03 2.802295092492704862e+05 -5.769454058241442196e-01
7.200000000000000000e+01 1.117229461669921875e-03 3.238134284698012052e+05 4.012819373791886579e-01
7.300000000000000000e+01 1.103401184082031250e-03 2.860555647721042624e+05 -4.509849916971950812e-01
7.400000000000000000e+01 1.107454299926757812e-03 3.391978569034022512e+05 7.563604813292418294e-01
7.500000000000000000e+01 1.116275787353515625e-03 3.444783559058487299e+05 8.657925890530286939e-01
7.600000000000000000e+01 1.099586486816406250e-03 3.612721868021059781e+05 1.235033738709444995e+00
7.700000000000000000e+01 1.112461090087890625e-03 4.050195120144305401e+05 2.200324618074222638e+00
7.800000000000000000e+01 1.112699508666992188e-03 4.195266373040941544e+05 2.414909713642042544e+00
7.900000000000000000e+01 1.108646392822265625e-03 4.152545264594723121e+05 2.194445613487944424e+00
8.000000000000000000e+01 1.317024230957031250e-03 4.976386473458795808e+05 3.784006110020078140e+00
8.000000000000000000e+01 2.379179000854492188e-03 2.483830923128220602e+05 0.000000000000000000e+00
8.100000000000000000e+01 1.103162765502929688e-03 3.990351656940585817e+05 0.000000000000000000e+00
8.200000000000000000e+01 1.110553741455078125e-03 4.499186699934031349e+05 1.184764607369278799e+00
8.300000000000000000e+01 1.102685928344726562e-03 6.735702665143514751e+05 2.936861196246294270e+00
8.400000000000000000e+01 1.109123229980468750e-03 6.587332072172588669e+05 1.226709550226579903e+00
8.500000000000000000e+01 1.106739044189453125e-03 6.507312231786259217e+05 9.129496612544709677e-01
8.600000000000000000e+01 1.103401184082031250e-03 6.669831726271812804e+05 8.780630642490154791e-01
8.700000000000000000e+01 1.106500625610351562e-03 6.265993865762571804e+05 5.371530925752572294e-01
8.800000000000000000e+01 1.113653182983398438e-03 6.429966982063658070e+05 5.994299065229635737e-01
8.900000000000000000e+01 1.877784729003906250e-03 5.792867601149511756e+05 1.422464343573155432e-01
9.000000000000000000e+01 1.113653182983398438e-03 6.051588737649387913e+05 3.140965165125215730e-01
9.100000000000000000e+01 1.098871231079101562e-03 5.107146281464882777e+05 -3.838105658253795349e-01
9.200000000000000000e+01 1.117944717407226562e-03 4.430639130832571536e+05 -8.764478394066380629e-01
9.300000000000000000e+01 1.092910766601562500e-03 5.244601423677172279e+05 -1.979205234963114790e-01
9.400000000000000000e+01 1.111268997192382812e-03 4.504926845713325893e+05 -7.775685667031790871e-01
9.500000000000000000e+01 1.114845275878906250e-03 4.341747578208405757e+05 -8.687587988769154279e-01
9.600000000000000000e+01 1.105785369873046875e-03 4.091452434979819809e+05 -1.026162646115763577e+00
9.700000000000000000e+01 1.381635665893554688e-03 3.949178222629264928e+05 -1.081858759116587132e+00
9.800000000000000000e+01 1.118183135986328125e-03 3.726582579555097036e+05 -1.199201882154758980e+00
9.900000000000000000e+01 1.128196716308593750e-03 3.946581967658341746e+05 -9.480968660612699717e-01
1.000000000000000000e+02 1.111745834350585938e-03 3.553462105428702198e+05 -1.221182590560434544e+00
1.010000000000000000e+02 1.110553741455078125e-03 3.760234415175937465e+05 -9.859858423543713668e-01
1.020000000000000000e+02 1.117229461669921875e-03 4.934108922691119951e+05 -4.364912941830272931e-03
1.030000000000000000e+02 1.388788223266601562e-03 5.474213148169378983e+05 4.376585054201290181e-01
1.040000000000000000e+02 1.115322113037109375e-03 5.080167378662395640e+05 9.876977219419241782e-02
1.050000000000000000e+02 1.112222671508789062e-03 5.294032491524394136e+05 2.788167797234900047e-01
1.060000000000000000e+02 1.106500625610351562e-03 5.308881317843865836e+05 2.860716174975598824e-01
1.070000000000000000e+02 1.375198364257812500e-03 5.026087442849575309e+05 3.081707630453740451e-02
1.080000000000000000e+02 1.135826110839843750e-03 6.619913816231897799e+05 1.464219645944758730e+00
1.090000000000000000e+02 1.115322113037109375e-03 6.819653922090156702e+05 1.563831487740695358e+00
1.100000000000000000e+02 1.107931137084960938e-03 6.396827975646299310e+05 1.112498164443212145e+00
1.110000000000000000e+02 1.111030578613281250e-03 5.084472911636946956e+05 -5.564833755357921630e-02
1.120000000000000000e+02 1.109361648559570312e-03 4.959669897892855806e+05 -1.639070437110106138e-01
1.130000000000000000e+02 1.116514205932617188e-03 4.918414228420605068e+05 -1.980451598574548555e-01
1.140000000000000000e+02 1.116752624511718750e-03 4.694199347413761425e+05 -3.971243760382816568e-01
1.150000000000000000e+02 1.110792160034179688e-03 4.140434446773920790e+05 -8.960030080140823916e-01
1.160000000000000000e+02 1.105308532714843750e-03 3.755181255112810759e+05 -1.226522408201956793e+00
1.170000000000000000e+02 1.119613647460937500e-03 3.777474662236981676e+05 -1.165483568935158143e+00
1.180000000000000000e+02 1.108169555664062500e-03 3.929943604515937623e+05 -9.918173440282502806e-01
1.190000000000000000e+02 1.120567321777343750e-03 4.708467855612206040e+05 -2.614740317458944530e-01
1.200000000000000000e+02 1.107692718505859375e-03 6.218291078165046638e+05 1.126715618319091172e+00
1.210000000000000000e+02 1.108884811401367188e-03 6.416586034533744678e+05 1.277301539858902713e+00
1.220000000000000000e+02 1.119375228881835938e-03 5.590171000521325041e+05 4.876673301450911158e-01
1.230000000000000000e+02 1.131772994995117188e-03 5.318821381492753280e+05 2.320973798924101383e-01
1.240000000000000000e+02 1.125574111938476562e-03 5.187030159111539251e+05 1.072476379657337081e-01
1.250000000000000000e+02 1.111030578613281250e-03 5.480895671891978709e+05 3.814655279003458244e-01
1.260000000000000000e+02 1.120567321777343750e-03 5.253712889745485736e+05 1.618127281682227581e-01
1.270000000000000000e+02 1.116275787353515625e-03 5.003522734272244852e+05 -7.921169657036677969e-02
1.280000000000000000e+02 1.116514205932617188e-03 5.420271638341353973e+05 3.244730933632123948e-01
1.290000000000000000e+02 1.110553741455078125e-03 6.182145964189878432e+05 1.064339340541621937e+00
1.300000000000000000e+02 1.109123229980468750e-03 6.335273150323533919e+05 1.191143773167743669e+00
1.310000000000000000e+02 1.117467880249023438e-03 7.119297980280517368e+05 1.924511175342225044e+00
1.320000000000000000e+02 1.118421554565429688e-03 8.183618778548565460e+05 2.848334545570370580e+00
1.330000000000000000e+02 1.327514648437500000e-03 9.527468899125236785e+05 3.819420157493605750e+00
1.330000000000000000e+02 2.408742904663085938e-03 5.035913014772018068e+05 0.000000000000000000e+00
1.340000000000000000e+02 1.112222671508789062e-03 7.266290241062811110e+05 0.000000000000000000e+00
1.350000000000000000e+02 1.114606857299804688e-03 6.374883537349465769e+05 1.418932221877400313e-01
1.360000000000000000e+02 1.109600067138671875e-03 6.249264000436341157e+05 2.099358277769945366e-02
1.370000000000000000e+02 1.111745834350585938e-03 5.422234970785359619e+05 -8.828846984785861940e-01
1.380000000000000000e+02 1.106262207031250000e-03 4.761882178506984492e+05 -1.498924205985187275e+00
1.390000000000000000e+02 1.117944717407226562e-03 7.989149151898637647e+05 2.260444792908477663e+00
1.400000000000000000e+02 1.114368438720703125e-03 7.622857960675642826e+05 1.239809297328468229e+00
1.410000000000000000e+02 1.112222671508789062e-03 5.964698580294544809e+05 -3.101563797581023962e-01
1.420000000000000000e+02 1.111030578613281250e-03 5.399583623417903436e+05 -7.887830734730741922e-01
1.430000000000000000e+02 1.202821731567382812e-03 5.329346887288851431e+05 -7.911135291893468535e-01
1.440000000000000000e+02 1.112699508666992188e-03 6.413064955642565619e+05 2.615019844262665982e-01
1.450000000000000000e+02 1.127719879150390625e-03 5.715464510428089416e+05 -4.201867307396390250e-01
1.460000000000000000e+02 1.111745834350585938e-03 6.633475373905019369e+05 5.131133345859243411e-01
1.470000000000000000e+02 1.116991043090820312e-03 7.618276616928856820e+05 1.502626639433775502e+00
1.480000000000000000e+02 1.114845275878906250e-03 7.991612210156491492e+05 1.719277413300379642e+00
1.490000000000000000e+02 1.112222671508789062e-03 7.908587893236379605e+05 1.446688720312673704e+00
1.500000000000000000e+02 1.110076904296875000e-03 7.930494598520620493e+05 1.342005067468895696e+00
1.510000000000000000e+02 2.187490463256835938e-03 7.735453764492217451e+05 1.068519743856822357e+00
1.520000000000000000e+02 1.117229461669921875e-03 7.936679684266814729e+05 1.188675453584675079e+00
1.530000000000000000e+02 1.123666763305664062e-03 8.984587586796362884e+05 2.041439903081796015e+00
1.540000000000000000e+02 1.122474670410156250e-03 1.026277324658495025e+06 2.863902487154386112e+00
1.550000000000000000e+02 1.110553741455078125e-03 9.020837769700665958e+05 1.488758456065319979e+00
1.560000000000000000e+02 1.113653182983398438e-03 7.735820427255032118e+05 4.948807549013001794e-01
1.570000000000000000e+02 1.115083694458007812e-03 7.184836439760437934e+05 9.238780047622276170e-02
1.580000000000000000e+02 1.119375228881835938e-03 7.417981021755301626e+05 2.591136829478485892e-01
1.590000000000000000e+02 1.107454299926757812e-03 7.470450692941733869e+05 2.926022265035142511e-01
1.600000000000000000e+02 1.114845275878906250e-03 8.256568065502938116e+05 8.765600719457425916e-01
1.610000000000000000e+02 1.108169555664062500e-03 8.466524861811049050e+05 1.007594470730044156e+00
1.620000000000000000e+02 1.127719879150390625e-03 8.227801430263879010e+05 7.931916002393020193e-01
1.630000000000000000e+02 1.151800155639648438e-03 6.730883861757442355e+05 -3.644208814808229668e-01
1.640000000000000000e+02 1.109123229980468750e-03 8.661579833190985955e+05 1.129576798790255854e+00
1.650000000000000000e+02 1.114845275878906250e-03 1.003873633312664228e+06 2.147129454693026851e+00
1.660000000000000000e+02 1.105308532714843750e-03 9.010898822425213875e+05 1.228288285173963823e+00
1.670000000000000000e+02 1.103878021240234375e-03 9.574314220237745903e+05 1.591736430191438068e+00
1.680000000000000000e+02 1.103401184082031250e-03 9.353254251853893511e+05 1.357364855307884310e+00
1.690000000000000000e+02 1.110076904296875000e-03 9.830456190299619921e+05 1.639500114656740282e+00
1.700000000000000000e+02 1.110553741455078125e-03 9.474999482903014868e+05 1.316803327688600644e+00
1.710000000000000000e+02 1.109123229980468750e-03 1.076400158734127413e+06 2.146228608002689331e+00
1.720000000000000000e+02 1.114130020141601562e-03 9.810588942646277137e+05 1.381370850071248046e+00
1.730000000000000000e+02 1.121044158935546875e-03 9.199475515827562194e+05 9.391373360377922586e-01
1.740000000000000000e+02 1.043558120727539062e-03 9.104769337888383307e+05 8.568100084368966973e-01
1.750000000000000000e+02 8.649826049804687500e-04 8.391903719796913210e+05 3.783856631569670337e-01
1.760000000000000000e+02 2.958774566650390625e-03 8.831189959512820933e+05 6.604202825641971586e-01
1.770000000000000000e+02 1.138687133789062500e-03 8.950265539570095716e+05 7.280778959398235273e-01
1.780000000000000000e+02 1.123666763305664062e-03 8.853022427195393248e+05 6.515162338577579204e-01
1.790000000000000000e+02 1.117229461669921875e-03 9.815666225702133961e+05 1.282350421439190313e+00
1.800000000000000000e+02 1.118421554565429688e-03 1.038882291923663695e+06 1.625872292758893334e+00
1.810000000000000000e+02 1.342058181762695312e-03 1.294327804362669354e+06 3.227224278960473036e+00
1.810000000000000000e+02 2.429962158203125000e-03 9.956941034193036612e+05 0.000000000000000000e+00
1.820000000000000000e+02 1.119613647460937500e-03 1.346846623609450180e+06 0.000000000000000000e+00
1.830000000000000000e+02 1.112937927246093750e-03 1.491771941976505099e+06 1.290771539323398942e+00
1.840000000000000000e+02 1.118898391723632812e-03 1.353441918162672780e+06 2.953455672126503173e-01
1.850000000000000000e+02 1.118421554565429688e-03 1.322995632949200226e+06 1.231114832542667681e-01
1.860000000000000000e+02 1.123905181884765625e-03 1.331094169360276777e+06 1.575898714182690785e-01
1.870000000000000000e+02 1.122474670410156250e-03 1.273584151129432954e+06 -2.027297946096501824e-01
1.880000000000000000e+02 1.120567321777343750e-03 1.330240530987039674e+06 1.858195553451411908e-01
1.890000000000000000e+02 1.112461090087890625e-03 1.410706509976752102e+06 7.497760286590048340e-01
1.900000000000000000e+02 1.122236251831054688e-03 1.352149355284441495e+06 2.564674915960495349e-01
1.910000000000000000e+02 1.119613647460937500e-03 1.216380257870786358e+06 -8.142359527255575991e-01
1.920000000000000000e+02 1.121997833251953125e-03 1.210339042805954348e+06 -8.034198455377513648e-01
1.930000000000000000e+02 1.116037368774414062e-03 1.059065444511985406e+06 -1.976638847296456447e+00
1.940000000000000000e+02 1.126050949096679688e-03 1.105187147975982865e+06 -1.314961076537523477e+00
1.950000000000000000e+02 1.115560531616210938e-03 1.353719777743566083e+06 5.912056001558292362e-01
1.960000000000000000e+02 1.123428344726562500e-03 1.439104371047907276e+06 1.194040608413141635e+00
1.970000000000000000e+02 1.123189926147460938e-03 1.290566684205068741e+06 2.581675936781739969e-02
1.980000000000000000e+02 1.118898391723632812e-03 1.337690523174912203e+06 3.793630561927959777e-01
1.990000000000000000e+02 1.130104064941406250e-03 1.467237255699276691e+06 1.367400896318503367e+00
2.000000000000000000e+02 1.125574111938476562e-03 1.439354511694596382e+06 1.057846816831944814e+00
2.010000000000000000e+02 1.117706298828125000e-03 1.197476037152768578e+06 -8.213832941622316586e-01
2.020000000000000000e+02 1.119136810302734375e-03 1.032498619291202864e+06 -2.045179040372328672e+00
2.030000000000000000e+02 1.118421554565429688e-03 9.461411913875790779e+05 -2.441410659610259160e+00
2.040000000000000000e+02 1.126766204833984375e-03 9.885948923006725963e+05 -1.845297683080559414e+00
2.050000000000000000e+02 1.149654388427734375e-03 9.482044597300057067e+05 -1.936464308957877245e+00
2.060000000000000000e+02 1.137733459472656250e-03 8.988505359050252009e+05 -2.054971801276846310e+00
2.070000000000000000e+02 1.135587692260742188e-03 9.048807994272569194e+05 -1.831721526626043151e+00
2.080000000000000000e+02 1.135349273681640625e-03 8.950687266333466396e+05 -1.744823835072316420e+00
2.090000000000000000e+02 1.618862152099609375e-03 9.069669792691593757e+05 -1.564262413402256024e+00
2.100000000000000000e+02 1.143932342529296875e-03 9.389029362845077412e+05 -1.314989424167452459e+00
2.110000000000000000e+02 1.121520996093750000e-03 9.278753646365681197e+05 -1.311265717285403642e+00
2.120000000000000000e+02 1.125574111938476562e-03 7.645238150909030810e+05 -2.054797891173902880e+00
2.130000000000000000e+02 1.128435134887695312e-03 6.737575852420354495e+05 -2.321925247362310429e+00
2.140000000000000000e+02 1.143455505371093750e-03 7.234598387365980307e+05 -1.898049199533478948e+00
2.150000000000000000e+02 1.138210296630859375e-03 7.596032769962884486e+05 -1.623365140772530024e+00
2.160000000000000000e+02 1.146078109741210938e-03 7.121085764059945941e+05 -1.738457534619269884e+00
2.170000000000000000e+02 1.140356063842773438e-03 7.166660130185863236e+05 -1.626875216955439907e+00
2.180000000000000000e+02 1.140356063842773438e-03 6.938605426196912304e+05 -1.639249136236125892e+00
2.190000000000000000e+02 1.137495040893554688e-03 7.081428603151829448e+05 -1.507252030974069790e+00
2.200000000000000000e+02 1.150131225585937500e-03 7.239717267688250868e+05 -1.385590905591134625e+00
2.210000000000000000e+02 1.122951507568359375e-03 8.103997904055396793e+05 -1.011495769787602583e+00
2.220000000000000000e+02 1.131296157836914062e-03 7.992326891892981948e+05 -1.028789665941934661e+00
2.230000000000000000e+02 1.124143600463867188e-03 7.976449711032946361e+05 -1.009849021719683160e+00
2.240000000000000000e+02 8.802413940429687500e-04 8.142209264685861999e+05 -9.241757175306839489e-01
2.250000000000000000e+02 1.125574111938476562e-03 8.682619610844731797e+05 -7.016244188332504406e-01
2.260000000000000000e+02 1.132726669311523438e-03 8.198303222498045070e+05 -8.733829714830170232e-01
2.270000000000000000e+02 1.121997833251953125e-03 8.158564484182355227e+05 -8.718960403514475210e-01
2.280000000000000000e+02 1.132249832153320312e-03 8.847726942858418915e+05 -5.934733588816252237e-01
2.290000000000000000e+02 1.127243041992187500e-03 8.270746185861811973e+05 -8.063145738894782477e-01
2.300000000000000000e+02 1.128911972045898438e-03 7.983913942304599332e+05 -9.032028372727013421e-01
2.310000000000000000e+02 1.126527786254882812e-03 8.896862773691967595e+05 -5.350406844957297237e-01
2.320000000000000000e+02 1.127958297729492188e-03 1.107194647484420566e+06 3.161637348684429027e-01
2.330000000000000000e+02 1.123189926147460938e-03 1.119526301813181490e+06 3.611722537207094907e-01
2.340000000000000000e+02 1.134157180786132812e-03 1.099731815535312984e+06 2.791627183030466752e-01
2.350000000000000000e+02 1.148939132690429688e-03 1.006932039974269574e+06 -9.345820311248430323e-02
2.360000000000000000e+02 1.149892807006835938e-03 1.028263118087643059e+06 -6.802892479986145935e-03
2.370000000000000000e+02 1.142740249633789062e-03 1.033594366456955555e+06 1.490109406880671394e-02
2.380000000000000000e+02 1.144170761108398438e-03 9.731394991576046450e+05 -2.328864545671079922e-01
2.390000000000000000e+02 1.145362854003906250e-03 9.075932138851761119e+05 -5.015698545770184147e-01
2.400000000000000000e+02 1.154661178588867188e-03 8.900946017701324308e+05 -5.690605950763275578e-01
2.410000000000000000e+02 1.129865646362304688e-03 1.330553004401081940e+06 1.279306575577539462e+00
2.420000000000000000e+02 1.163244247436523438e-03 1.737667842672097497e+06 2.946090605372948978e+00
2.430000000000000000e+02 1.135110855102539062e-03 1.333133244939180324e+06 1.146423529873908498e+00
2.440000000000000000e+02 1.147747039794921875e-03 7.714337044632296311e+05 -1.074299326026761703e+00
2.450000000000000000e+02 1.133203506469726562e-03 7.004108405779447639e+05 -1.334230282614689234e+00
2.460000000000000000e+02 1.150131225585937500e-03 7.511860323028112762e+05 -1.108559337864745808e+00
2.470000000000000000e+02 1.151561737060546875e-03 7.810922865919376491e+05 -9.738711292144784926e-01
2.480000000000000000e+02 1.151323318481445312e-03 9.201949383941697888e+05 -4.193897749673473063e-01
2.490000000000000000e+02 1.131057739257812500e-03 1.004849478405543254e+06 -8.485831440574037599e-02
2.500000000000000000e+02 1.152992248535156250e-03 1.028796460209583980e+06 1.006036116148671146e-02
2.510000000000000000e+02 1.148223876953125000e-03 1.008009775846516248e+06 -7.247089794463802692e-02
2.520000000000000000e+02 1.183748245239257812e-03 9.656517573954612017e+05 -2.412033224351756433e-01
2.530000000000000000e+02 1.160144805908203125e-03 1.001902911628255970e+06 -9.363674437800820205e-02
2.540000000000000000e+02 1.157760620117187500e-03 1.160655912590477848e+06 5.499903380983565127e-01
2.550000000000000000e+02 1.259088516235351562e-03 1.182790755260334816e+06 6.352694701082324258e-01
2.560000000000000000e+02 1.476287841796875000e-03 1.138595192874692380e+06 4.487589096808239364e-01
2.570000000000000000e+02 4.600286483764648438e-03 1.153223884011721238e+06 5.053408455247471176e-01
2.580000000000000000e+02 4.510402679443359375e-03 1.252101096377986949e+06 9.095009899941129961e-01
2.590000000000000000e+02 4.618406295776367188e-03 1.314613320166221121e+06 1.157324280829965746e+00
2.600000000000000000e+02 4.790306091308593750e-03 1.289671510072303936e+06 1.037428327285119689e+00
2.610000000000000000e+02 4.643440246582031250e-03 1.233391974180824822e+06 7.919774060664640514e-01
2.620000000000000000e+02 4.808902740478515625e-03 1.177179040736390278e+06 5.517121172741638047e-01
2.630000000000000000e+02 2.631664276123046875e-03 1.191662815370571567e+06 6.074802973602141387e-01
2.640000000000000000e+02 1.304864883422851562e-03 1.167381954063752899e+06 5.013069471423154955e-01
2.650000000000000000e+02 1.204967498779296875e-03 1.192093142800188158e+06 6.010535552295596107e-01
2.660000000000000000e+02 1.217603683471679688e-03 1.160723313787063118e+06 4.644299091893595577e-01
2.670000000000000000e+02 1.190900802612304688e-03 1.069579080302722519e+06 7.632909927654193960e-02
2.680000000000000000e+02 1.230955123901367188e-03 9.669862390616869088e+05 -3.598136960444019983e-01
2.690000000000000000e+02 1.190662384033203125e-03 9.923494078974580625e+05 -2.492614295995548290e-01
2.700000000000000000e+02 1.182079315185546875e-03 9.527904147490232717e+05 -4.175463099026439084e-01
2.710000000000000000e+02 1.178264617919921875e-03 8.959895543441474438e+05 -6.597325939067792966e-01
2.720000000000000000e+02 1.187801361083984375e-03 8.205681752846954623e+05 -9.807642583909385037e-01
2.730000000000000000e+02 1.142024993896484375e-03 7.871637937822629465e+05 -1.114879484482455663e+00
2.740000000000000000e+02 1.187562942504882812e-03 8.056403284221189097e+05 -1.021682789798772584e+00
2.750000000000000000e+02 1.144409179687500000e-03 8.499998918224509107e+05 -8.189967382005085561e-01
2.760000000000000000e+02 1.154184341430664062e-03 9.516095572685153456e+05 -3.720745380377332157e-01
2.770000000000000000e+02 1.141548156738281250e-03 1.193887448978309054e+06 6.834630244148056644e-01
2.780000000000000000e+02 1.143693923950195312e-03 1.123538196072616847e+06 3.716034186748787826e-01
2.790000000000000000e+02 1.228094100952148438e-03 1.123458961816582363e+06 3.691123525852651466e-01
2.800000000000000000e+02 1.215696334838867188e-03 1.102043081380792661e+06 2.728012850342902418e-01
2.810000000000000000e+02 1.168727874755859375e-03 1.135388559883957263e+06 4.187200612112114695e-01
2.820000000000000000e+02 1.163244247436523438e-03 1.166863025218553143e+06 5.559816002507628196e-01
2.830000000000000000e+02 1.170396804809570312e-03 1.191770163613681449e+06 6.633512670753196616e-01
2.840000000000000000e+02 1.170396804809570312e-03 1.121848005316444440e+06 3.464848440591942746e-01
2.850000000000000000e+02 1.165151596069335938e-03 1.020221557711626519e+06 -1.111553175307312263e-01
2.860000000000000000e+02 1.168727874755859375e-03 9.855457873809603043e+05 -2.668849370845376989e-01
2.870000000000000000e+02 1.180171966552734375e-03 9.843313551077280426e+05 -2.710421076559554887e-01
2.880000000000000000e+02 1.208305358886718750e-03 9.559295944575235480e+05 -3.988160717808875155e-01
2.890000000000000000e+02 1.235961914062500000e-03 9.853605125581779284e+05 -2.623542756514758434e-01
2.900000000000000000e+02 1.193523406982421875e-03 9.706375599271848332e+05 -3.285689003570451683e-01
2.910000000000000000e+02 1.185178756713867188e-03 9.449521308916717535e+05 -4.451561686513988425e-01
2.920000000000000000e+02 1.281976699829101562e-03 9.207480039254672593e+05 -5.545889989020343913e-01
2.930000000000000000e+02 1.182317733764648438e-03 8.840932715428305091e+05 -7.212440474003732893e-01
2.940000000000000000e+02 1.484870910644531250e-03 8.501603156061533373e+05 -8.740168114150417278e-01
2.950000000000000000e+02 1.191854476928710938e-03 9.081020847040426452e+05 -5.978771760854931783e-01
2.960000000000000000e+02 1.195669174194335938e-03 9.247646158556680894e+05 -5.166696087970574780e-01
2.970000000000000000e+02 1.303672790527343750e-03 9.921916272471206030e+05 -1.984520082061594082e-01
2.980000000000000000e+02 1.218318939208984375e-03 9.654151154622463509e+05 -3.233527423232706033e-01
2.990000000000000000e+02 1.203775405883789062e-03 9.419888112221306656e+05 -4.323115685031566624e-01
