1.673004459615560994e+07
1.000000000000000000e+00 1.360177993774414062e-03 1.409815240178765962e+05 0.000000000000000000e+00
2.000000000000000000e+00 9.827613830566406250e-04 1.594209839188807236e+05 1.008377558452946854e+00
3.000000000000000000e+00 9.913444519042968750e-04 9.184200382468155294e+04 -4.715156036406555895e-01
4.000000000000000000e+00 1.285791397094726562e-03 1.442177285562917532e+05 6.832183439806892578e-01
5.000000000000000000e+00 1.304149627685546875e-03 1.174963264075186453e+05 -1.556167349199764037e-02
6.000000000000000000e+00 1.285791397094726562e-03 1.149695173539977550e+05 -7.906531233787723878e-02
7.000000000000000000e+00 1.278877258300781250e-03 1.430974185506811482e+05 7.127258456601165415e-01
8.000000000000000000e+00 9.698867797851562500e-04 1.135550285456311394e+05 -2.114249896817460561e-01
9.000000000000000000e+00 9.548664093017578125e-04 1.175109549846344744e+05 -7.738078087569492947e-02
1.000000000000000000e+01 9.617805480957031250e-04 1.289329663697769138e+05 3.025929775891744167e-01
1.100000000000000000e+01 9.496212005615234375e-04 1.051908600860206934e+05 -5.323738134248944265e-01
1.200000000000000000e+01 9.813308715820312500e-04 1.280798703694951837e+05 3.142544365554961194e-01
1.300000000000000000e+01 9.465217590332031250e-04 1.188448718378232297e+05 -4.221630747111294879e-02
1.400000000000000000e+01 1.215219497680664062e-03 1.332688170529553026e+05 5.183039808310897500e-01
1.500000000000000000e+01 1.211643218994140625e-03 1.186900210473339830e+05 -8.362317260508365935e-02
1.600000000000000000e+01 9.829998016357421875e-04 1.284618519747296232e+05 3.217802144479758875e-01
1.700000000000000000e+01 9.772777557373046875e-04 1.656282245777987409e+05 1.889347805112949974e+00
1.800000000000000000e+01 9.574890136718750000e-04 1.515467172230373835e+05 1.111673051984950034e+00
1.900000000000000000e+01 9.868144989013671875e-04 2.205085691383622179e+05 3.777451656135995428e+00
1.900000000000000000e+01 2.060174942016601562e-03 2.113634358846588875e+05 0.000000000000000000e+00
2.000000000000000000e+01 9.481906890869140625e-04 3.092120432784506702e+05 0.000000000000000000e+00
2.100000000000000000e+01 9.467601776123046875e-04 1.838480594654580636e+05 -1.104788664887056404e+00
2.200000000000000000e+01 9.474754333496093750e-04 2.422178977041600447e+05 1.124639176795655809e-01
2.300000000000000000e+01 9.415149688720703125e-04 1.835845692998093436e+05 -9.842526019394157721e-01
2.400000000000000000e+01 9.486675262451171875e-04 1.378142434330682736e+05 -1.684234156391072323e+00
2.500000000000000000e+01 9.508132934570312500e-04 1.341412066128310689e+05 -1.306220682560276680e+00
2.600000000000000000e+01 9.484291076660156250e-04 1.451862241426107066e+05 -8.987400379523681204e-01
2.700000000000000000e+01 9.655952453613281250e-04 1.447163727995143854e+05 -8.112309603721893358e-01
2.800000000000000000e+01 9.515285491943359375e-04 1.583494571620289062e+05 -5.073550842638031577e-01
2.900000000000000000e+01 9.455680847167968750e-04 1.062211472650532669e+05 -1.409835672432778519e+00
3.000000000000000000e+01 9.672641754150390625e-04 1.574561059292073478e+05 -3.513646456432951148e-01
3.100000000000000000e+01 9.489059448242187500e-04 2.576301089878951898e+05 1.461620956035455166e+00
3.200000000000000000e+01 9.460449218750000000e-04 2.611941978513822542e+05 1.359168144407569834e+00
3.300000000000000000e+01 9.853839874267578125e-04 1.975301070642305131e+05 1.590081398976326554e-01
3.400000000000000000e+01 9.517669677734375000e-04 1.498206096792212338e+05 -6.772796668021404676e-01
3.500000000000000000e+01 9.515285491943359375e-04 1.345702988503412053e+05 -9.182405732115603847e-01
3.600000000000000000e+01 9.648799896240234375e-04 1.130794272887901607e+05 -1.254058692049355273e+00
3.700000000000000000e+01 9.465217590332031250e-04 1.167906285731781390e+05 -1.102417402394811896e+00
3.800000000000000000e+01 9.434223175048828125e-04 1.403319215009327454e+05 -6.267881209252403885e-01
3.900000000000000000e+01 9.551048278808593750e-04 1.755774683580028068e+05 2.364468095234947137e-02
4.000000000000000000e+01 9.460449218750000000e-04 1.426630449787820689e+05 -5.797038406451534565e-01
4.100000000000000000e+01 9.486675262451171875e-04 1.607416963491885690e+05 -2.259382507889811653e-01
4.200000000000000000e+01 1.241683959960937500e-03 1.775276053640963219e+05 9.855835917285847569e-02
4.300000000000000000e+01 1.244544982910156250e-03 1.989312632133916777e+05 5.130183924767437453e-01
4.400000000000000000e+01 1.256942749023437500e-03 1.869210876922492171e+05 2.629343547317338214e-01
4.500000000000000000e+01 1.249790191650390625e-03 1.887762058951114304e+05 2.950543804827285288e-01
4.600000000000000000e+01 1.267910003662109375e-03 1.571192229786004464e+05 -3.600861544903360412e-01
4.700000000000000000e+01 1.263141632080078125e-03 1.616484694192579482e+05 -2.585447965545205062e-01
4.800000000000000000e+01 1.392364501953125000e-03 1.458316592658445588e+05 -5.893845687830423508e-01
4.900000000000000000e+01 1.255273818969726562e-03 1.817746152529632382e+05 1.948632191454260920e-01
5.000000000000000000e+01 1.250505447387695312e-03 1.785800590506264707e+05 1.220052922813496254e-01
5.100000000000000000e+01 1.253843307495117188e-03 1.645621517183649121e+05 -1.905971363721724599e-01
5.200000000000000000e+01 1.252174377441406250e-03 1.717232276667495025e+05 -2.649473138295824204e-02
5.300000000000000000e+01 1.245498657226562500e-03 1.603316711976275546e+05 -2.864812278075050123e-01
5.400000000000000000e+01 1.240491867065429688e-03 1.797806946679509128e+05 1.685305224620283759e-01
5.500000000000000000e+01 1.255273818969726562e-03 1.724453339617421734e+05 -6.212129137250829020e-03
5.600000000000000000e+01 1.251220703125000000e-03 1.473587323788140784e+05 -6.040443626940757982e-01
5.700000000000000000e+01 1.255750656127929688e-03 1.406612795383933699e+05 -7.543771067421110033e-01
5.800000000000000000e+01 1.258373260498046875e-03 2.200259284836793086e+05 1.180181652584130214e+00
5.900000000000000000e+01 1.309156417846679688e-03 3.238586935649816296e+05 3.645347556205626116e+00
5.900000000000000000e+01 2.609252929687500000e-03 1.492177275549338374e+05 0.000000000000000000e+00
6.000000000000000000e+01 1.244544982910156250e-03 2.424064288969578629e+05 0.000000000000000000e+00
6.100000000000000000e+01 1.256465911865234375e-03 2.065381495414788951e+05 1.627767670002642497e-01
6.200000000000000000e+01 1.245021820068359375e-03 2.323227784587153292e+05 7.006912326917623668e-01
6.300000000000000000e+01 1.255273818969726562e-03 2.306262906917712535e+05 5.508535330949515529e-01
6.400000000000000000e+01 1.250982284545898438e-03 2.186314700127688411e+05 1.704473150914771473e-01
6.500000000000000000e+01 1.244068145751953125e-03 2.439464716999518569e+05 9.087549799602616662e-01
6.600000000000000000e+01 1.241445541381835938e-03 2.262841149499781604e+05 2.618098236391429579e-01
6.700000000000000000e+01 1.240491867065429688e-03 2.419020753385288699e+05 7.563731964387311324e-01
6.800000000000000000e+01 1.250982284545898438e-03 2.722637046866685851e+05 1.717695259839809641e+00
6.900000000000000000e+01 1.258850097656250000e-03 2.199887678155938047e+05 -1.990997041356600272e-01
7.000000000000000000e+01 1.252412796020507812e-03 2.252681617364040867e+05 -1.830911836348232333e-02
7.100000000000000000e+01 1.253843307495117188e-03 2.361735800231150643e+05 3.552442726554582708e-01
7.200000000000000000e+01 1.242876052856445312e-03 3.003978288242367562e+05 2.622058436885313260e+00
7.300000000000000000e+01 1.280307769775390625e-03 2.722769370900238282e+05 1.207435602591729662e+00
7.400000000000000000e+01 1.273155212402343750e-03 2.814321114900799002e+05 1.382711723536839132e+00
7.500000000000000000e+01 1.256704330444335938e-03 2.830552221723559778e+05 1.310006589118941411e+00
7.600000000000000000e+01 1.246929168701171875e-03 2.767532737455705064e+05 1.032151098783879117e+00
7.700000000000000000e+01 1.250743865966796875e-03 2.981502258826911566e+05 1.578058541328412945e+00
7.800000000000000000e+01 1.247167587280273438e-03 3.058777927086683922e+05 1.651705206440008400e+00
7.900000000000000000e+01 1.260042190551757812e-03 3.365840509343675221e+05 2.309341729906442708e+00
8.000000000000000000e+01 1.291513442993164062e-03 3.961317821531784721e+05 3.422046555264732781e+00
8.000000000000000000e+01 2.631902694702148438e-03 1.843636033461444895e+05 0.000000000000000000e+00
8.100000000000000000e+01 1.261949539184570312e-03 2.958372217037717928e+05 0.000000000000000000e+00
8.200000000000000000e+01 1.250743865966796875e-03 3.841757549043151084e+05 1.827816358689970277e+00
8.300000000000000000e+01 1.260519027709960938e-03 5.528478037587311119e+05 2.643810932522276502e+00
8.400000000000000000e+01 1.251220703125000000e-03 4.303258065737182624e+05 4.886393333563385233e-01
8.500000000000000000e+01 1.268148422241210938e-03 4.267877122378781205e+05 4.122049258754942880e-01
8.600000000000000000e+01 1.257896423339843750e-03 5.006190316963601508e+05 9.612346746116455787e-01
8.700000000000000000e+01 1.327514648437500000e-03 3.949606440593242296e+05 -1.176445596450013086e-02
8.800000000000000000e+01 1.285076141357421875e-03 3.322905644753912929e+05 -5.558978005863508542e-01
8.900000000000000000e+01 1.264810562133789062e-03 3.106327744135951507e+05 -7.156091772074737456e-01
9.000000000000000000e+01 1.276016235351562500e-03 3.617993061756084790e+05 -1.831922465331410343e-01
9.100000000000000000e+01 1.340150833129882812e-03 3.150622319434445817e+05 -6.376490995723631539e-01
9.200000000000000000e+01 1.265525817871093750e-03 3.027733959568775608e+05 -7.271297734225613540e-01
9.300000000000000000e+01 1.343250274658203125e-03 4.162645853911523009e+05 4.957867283362670241e-01
9.400000000000000000e+01 1.275300979614257812e-03 3.150466179103588802e+05 -6.120476451187805145e-01
9.500000000000000000e+01 1.276254653930664062e-03 3.215042676550862379e+05 -5.139926906276578444e-01
9.600000000000000000e+01 1.264810562133789062e-03 2.826452428971764166e+05 -9.328134518799091612e-01
9.700000000000000000e+01 1.282453536987304688e-03 2.550623417173821072e+05 -1.195902910830747290e+00
9.800000000000000000e+01 1.273632049560546875e-03 2.592844143268229091e+05 -1.070573704479196753e+00
9.900000000000000000e+01 1.292228698730468750e-03 2.541362553727140476e+05 -1.069498441997595695e+00
1.000000000000000000e+02 1.292467117309570312e-03 2.376556811705108848e+05 -1.197942334646684870e+00
1.010000000000000000e+02 1.748800277709960938e-03 2.462645775988129317e+05 -1.035215327436028288e+00
1.020000000000000000e+02 1.058816909790039062e-03 2.740108202435037820e+05 -6.804332505550083621e-01
1.030000000000000000e+02 9.906291961669921875e-04 2.669994633319076383e+05 -7.378771941297687098e-01
1.040000000000000000e+02 1.216411590576171875e-03 2.742826159791178070e+05 -6.320630263485261802e-01
1.050000000000000000e+02 9.913444519042968750e-04 2.663416943772681407e+05 -7.058971752600973204e-01
1.060000000000000000e+02 9.810924530029296875e-04 2.615131194576513954e+05 -7.419544337568659831e-01
1.070000000000000000e+02 1.412630081176757812e-03 2.688783377938402118e+05 -6.347814854448128319e-01
1.080000000000000000e+02 1.240253448486328125e-03 2.974148325556119089e+05 -2.811830955472583438e-01
1.090000000000000000e+02 1.494884490966796875e-03 3.158459855695295846e+05 -5.409321105113059497e-02
1.100000000000000000e+02 1.578092575073242188e-03 2.967170397524104919e+05 -2.876691425118965695e-01
1.110000000000000000e+02 1.223087310791015625e-03 3.061339150634746766e+05 -1.655280817619590727e-01
1.120000000000000000e+02 1.541614532470703125e-03 2.546522102148879494e+05 -8.141341348912192188e-01
1.130000000000000000e+02 1.577377319335937500e-03 2.628614542246434139e+05 -6.894831286911272672e-01
1.140000000000000000e+02 1.332759857177734375e-03 2.290227579984550830e+05 -1.108729872060165711e+00
1.150000000000000000e+02 1.322746276855468750e-03 1.942271178284152120e+05 -1.518990966736346815e+00
1.160000000000000000e+02 1.362800598144531250e-03 2.422622670898055076e+05 -8.475537810789756099e-01
1.170000000000000000e+02 1.322984695434570312e-03 2.788803933053309447e+05 -3.659736300504613515e-01
1.180000000000000000e+02 1.690626144409179688e-03 3.308178721161396825e+05 3.027187098033248813e-01
1.190000000000000000e+02 9.958744049072265625e-04 4.093561046079182415e+05 1.313854255131928550e+00
1.200000000000000000e+02 9.574890136718750000e-04 4.626389443283115397e+05 1.952791929885253186e+00
1.210000000000000000e+02 9.367465972900390625e-04 4.060870829001123784e+05 1.142209489716162318e+00
1.220000000000000000e+02 9.396076202392578125e-04 3.386828605148293427e+05 2.782115293726339922e-01
1.230000000000000000e+02 9.455680847167968750e-04 2.812120222540391842e+05 -4.434927504339293280e-01
1.240000000000000000e+02 9.546279907226562500e-04 2.857475923908752156e+05 -3.803166538583678813e-01
1.250000000000000000e+02 9.377002716064453125e-04 3.044804286635008757e+05 -1.368519435612921831e-01
1.260000000000000000e+02 9.443759918212890625e-04 2.820536235043706838e+05 -4.242945939968092439e-01
1.270000000000000000e+02 1.018524169921875000e-03 2.742967276084392215e+05 -5.198783271615448065e-01
1.280000000000000000e+02 9.663105010986328125e-04 2.761417672913463321e+05 -4.889011539751878521e-01
1.290000000000000000e+02 9.431838989257812500e-04 3.774780680365354056e+05 8.557634555007997967e-01
1.300000000000000000e+02 9.686946868896484375e-04 4.218980116879068664e+05 1.429516532233927162e+00
1.310000000000000000e+02 9.486675262451171875e-04 5.182282328210396226e+05 2.651126353908243249e+00
1.320000000000000000e+02 9.901523590087890625e-04 5.917081406082977774e+05 3.374296449562738776e+00
1.320000000000000000e+02 2.027511596679687500e-03 2.686462127231912455e+05 0.000000000000000000e+00
1.330000000000000000e+02 9.431838989257812500e-04 3.912849987573082908e+05 0.000000000000000000e+00
1.340000000000000000e+02 9.694099426269531250e-04 3.338421935402834206e+05 4.470301133780447272e-02
1.350000000000000000e+02 9.646415710449218750e-04 2.872108852050080313e+05 -7.178415027640053792e-01
1.360000000000000000e+02 9.496212005615234375e-04 2.886859750694600516e+05 -5.766785742626528988e-01
1.370000000000000000e+02 9.443759918212890625e-04 3.184469850418749847e+05 9.125844809989068496e-02
1.380000000000000000e+02 9.646415710449218750e-04 3.065681066675197799e+05 -1.833780531357782073e-01
1.390000000000000000e+02 3.131728172302246094e-01 6.438623959536693292e+05 8.150628329905423186e+00
1.390000000000000000e+02 9.720325469970703125e-04 2.764840095926236245e+04 0.000000000000000000e+00
1.400000000000000000e+02 4.150249958038330078e-01 3.916055090444445959e+05 1.790927103880175508e+01
1.400000000000000000e+02 8.187294006347656250e-04 3.240295915231978142e+04 0.000000000000000000e+00
1.410000000000000000e+02 3.890950679779052734e-01 3.327606124377749511e+05 1.240187702619008725e+01
1.410000000000000000e+02 8.816719055175781250e-04 3.061452842534237789e+04 0.000000000000000000e+00
1.420000000000000000e+02 4.010388851165771484e-01 3.934069614752276102e+05 1.605179840321505935e+01
1.420000000000000000e+02 7.860660552978515625e-04 3.230954266169239054e+04 0.000000000000000000e+00
1.430000000000000000e+02 1.454353332519531250e-03 1.620703375310013362e+05 4.972623132974903548e+00
1.430000000000000000e+02 2.669334411621093750e-03 1.643723378520031401e+05 0.000000000000000000e+00
1.440000000000000000e+02 1.224517822265625000e-03 1.111561937799819862e+05 0.000000000000000000e+00
1.450000000000000000e+02 1.215934753417968750e-03 1.108011453321845183e+05 -7.165421572163316322e-01
1.460000000000000000e+02 1.212120056152343750e-03 1.177949729556789825e+05 -3.562285599996093399e-01
1.470000000000000000e+02 1.212120056152343750e-03 1.274667297231116390e+05 5.572342177289679732e-02
1.480000000000000000e+02 1.212596893310546875e-03 1.124021005689555604e+05 -6.234817830258690963e-01
1.490000000000000000e+02 1.209259033203125000e-03 1.312844405266150134e+05 3.510023029810764306e-01
1.500000000000000000e+02 1.213788986206054688e-03 1.255199763172258681e+05 2.508358539117214875e-02
1.510000000000000000e+02 1.214981079101562500e-03 1.626534257338547322e+05 2.118396219587079354e+00
1.520000000000000000e+02 5.997180938720703125e-03 1.156340425455274526e+05 -6.564202668042656841e-01
1.530000000000000000e+02 1.215934753417968750e-03 1.134411404187685548e+05 -7.212876862680633883e-01
1.540000000000000000e+02 1.239299774169921875e-03 1.466032866017644119e+05 1.024994859080087917e+00
1.550000000000000000e+02 1.209020614624023438e-03 1.324811036090904381e+05 2.165447822312425719e-01
1.560000000000000000e+02 1.219749450683593750e-03 1.660778240906879655e+05 2.005349478656697659e+00
1.570000000000000000e+02 1.213550567626953125e-03 1.635755446971381316e+05 1.570946781748651988e+00
1.580000000000000000e+02 1.220226287841796875e-03 1.541694658170292096e+05 9.649933549070374150e-01
1.590000000000000000e+02 1.414060592651367188e-03 1.646604750679061981e+05 1.398461792641120027e+00
1.600000000000000000e+02 1.251435279846191406e-02 1.468047554660608876e+05 4.701503505346805722e-01
1.610000000000000000e+02 1.210927963256835938e-03 1.559810140135381080e+05 8.825086538145821002e-01
1.620000000000000000e+02 1.317501068115234375e-03 1.622629091738951392e+05 1.137215687643797102e+00
1.630000000000000000e+02 1.213550567626953125e-03 1.770229501432469406e+05 1.762915648689726611e+00
1.640000000000000000e+02 4.012713432312011719e-01 2.713018290308969445e+05 5.802274267657115736e+00
1.640000000000000000e+02 8.194446563720703125e-04 3.540813852683178993e+04 0.000000000000000000e+00
1.650000000000000000e+02 4.242656230926513672e-01 2.750256832026340417e+05 8.863302609475695704e+00
1.650000000000000000e+02 8.668899536132812500e-04 3.626160989727234119e+04 0.000000000000000000e+00
1.660000000000000000e+02 1.451730728149414062e-03 1.713377969259890669e+05 4.560904655449233402e+00
1.660000000000000000e+02 2.667903900146484375e-03 2.047850946206512454e+05 0.000000000000000000e+00
1.670000000000000000e+02 1.224517822265625000e-03 1.382277481749874714e+05 0.000000000000000000e+00
1.680000000000000000e+02 1.214504241943359375e-03 1.968990912012322806e+05 5.395446173648934529e-01
1.690000000000000000e+02 1.209259033203125000e-03 1.861072059335148952e+05 1.687499940939403142e-01
1.700000000000000000e+02 1.424312591552734375e-03 2.885176516156111611e+05 3.585037976122707803e+00
1.700000000000000000e+02 2.630710601806640625e-03 2.476406515674567781e+05 0.000000000000000000e+00
1.710000000000000000e+02 1.210451126098632812e-03 2.086291209583508025e+05 0.000000000000000000e+00
1.720000000000000000e+02 1.225471496582031250e-03 1.110868322695895040e+05 -4.243128706364715619e+00
1.730000000000000000e+02 1.207113265991210938e-03 1.749993880296671705e+05 -2.007418529180524935e-01
1.740000000000000000e+02 1.218557357788085938e-03 1.656436213644060772e+05 -3.447070960880477264e-01
1.750000000000000000e+02 1.207351684570312500e-03 1.620131752947171917e+05 -3.848273020185208892e-01
1.760000000000000000e+02 1.219511032104492188e-03 1.824662474320486072e+05 8.937017752829132244e-02
1.770000000000000000e+02 1.305341720581054688e-03 1.699712539156659332e+05 -2.120735681253825000e-01
1.780000000000000000e+02 1.215457916259765625e-03 1.587801868046810851e+05 -4.851291424997667412e-01
1.790000000000000000e+02 1.206874847412109375e-03 1.750242909160055860e+05 -1.794218595525777504e-02
1.800000000000000000e+02 1.213788986206054688e-03 1.617362191172598978e+05 -3.956912825273363188e-01
1.810000000000000000e+02 4.393846988677978516e-01 4.586043257189846481e+05 8.469081510464894436e+00
1.810000000000000000e+02 8.375644683837890625e-04 3.846848899092964712e+04 0.000000000000000000e+00
1.820000000000000000e+02 5.168168544769287109e-01 5.286839014114734018e+05 1.731463784447100807e+01
1.820000000000000000e+02 8.697509765625000000e-04 5.896492159207008808e+04 0.000000000000000000e+00
1.830000000000000000e+02 4.998226165771484375e-01 3.522739872165285051e+05 6.327612292006859818e+00
1.830000000000000000e+02 8.411407470703125000e-04 5.602942244877733901e+04 0.000000000000000000e+00
1.840000000000000000e+02 1.445770263671875000e-03 2.277709518233050185e+05 3.627744256876479501e+00
1.840000000000000000e+02 2.643823623657226562e-03 2.362880757682846452e+05 0.000000000000000000e+00
1.850000000000000000e+02 1.240253448486328125e-03 2.482698893392445461e+05 0.000000000000000000e+00
1.860000000000000000e+02 1.215219497680664062e-03 2.396158589880343643e+05 -3.143284981548385981e-01
1.870000000000000000e+02 1.214981079101562500e-03 2.366618346084161021e+05 -7.646547650761026382e-01
1.880000000000000000e+02 5.010933876037597656e-01 3.024438995856593247e+05 1.116059855600844486e+01
1.880000000000000000e+02 9.012222290039062500e-04 5.563709994713584456e+04 0.000000000000000000e+00
1.890000000000000000e+02 4.421360492706298828e-01 3.632361691018167767e+05 7.111610869180190697e+00
1.890000000000000000e+02 8.058547973632812500e-04 6.572534723673836561e+04 0.000000000000000000e+00
1.900000000000000000e+02 1.429796218872070312e-03 3.037407116193992551e+05 4.414274398447326497e+00
1.900000000000000000e+02 2.629756927490234375e-03 3.047809890786700998e+05 0.000000000000000000e+00
1.910000000000000000e+02 1.204490661621093750e-03 1.741930819927900156e+05 0.000000000000000000e+00
1.920000000000000000e+02 1.221656799316406250e-03 1.916111807081637089e+05 -5.184759042261317674e-01
1.930000000000000000e+02 1.206636428833007812e-03 1.770551639806795865e+05 -6.554419819717846041e-01
1.940000000000000000e+02 1.212120056152343750e-03 1.712329458098977047e+05 -6.520671267926502201e-01
1.950000000000000000e+02 1.206874847412109375e-03 1.985866407235610532e+05 -9.101041920658241302e-02
1.960000000000000000e+02 1.195669174194335938e-03 1.371208750075986027e+05 -1.289208722174459254e+00
1.970000000000000000e+02 1.207828521728515625e-03 1.465134846406407596e+05 -8.900224683677085968e-01
1.980000000000000000e+02 1.204013824462890625e-03 1.482093111882596859e+05 -7.635801880160159039e-01
1.990000000000000000e+02 1.197576522827148438e-03 1.803252310996342858e+05 -5.854877180556742472e-02
2.000000000000000000e+02 1.197576522827148438e-03 1.998221150599936082e+05 3.571673319473337993e-01
2.010000000000000000e+02 1.205682754516601562e-03 2.513185896162757999e+05 1.482719164458220273e+00
2.020000000000000000e+02 1.205921173095703125e-03 1.822173230511793518e+05 -1.665926207458424679e-01
2.030000000000000000e+02 1.210212707519531250e-03 1.741087585299497296e+05 -3.400245716648624961e-01
2.040000000000000000e+02 1.220941543579101562e-03 1.445675445150169835e+05 -1.005165180749179710e+00
2.050000000000000000e+02 1.205921173095703125e-03 1.620314746834119724e+05 -5.384394322847620984e-01
2.060000000000000000e+02 1.204729080200195312e-03 1.871693359293760732e+05 7.517370436015012591e-02
2.070000000000000000e+02 1.226425170898437500e-03 1.808276372562932665e+05 -8.133611644299404420e-02
2.080000000000000000e+02 1.208066940307617188e-03 1.505465879508290673e+05 -8.389304529884151762e-01
2.090000000000000000e+02 1.209497451782226562e-03 1.547801592111528444e+05 -6.950176939770823514e-01
2.100000000000000000e+02 1.209020614624023438e-03 1.491831171280585404e+05 -8.136874467800399024e-01
2.110000000000000000e+02 1.208305358886718750e-03 1.723082641265941784e+05 -1.824449507817454408e-01
2.120000000000000000e+02 1.214027404785156250e-03 2.003525813907627307e+05 5.663919590153901895e-01
2.130000000000000000e+02 1.205682754516601562e-03 1.544180937814832432e+05 -6.889415461514805106e-01
2.140000000000000000e+02 1.220226287841796875e-03 1.607642798660611152e+05 -4.948966988579535098e-01
2.150000000000000000e+02 1.209735870361328125e-03 1.894507032539255160e+05 3.133169517832279372e-01
2.160000000000000000e+02 1.219987869262695312e-03 1.747586971639053081e+05 -1.084844690089265679e-01
2.170000000000000000e+02 1.208305358886718750e-03 2.182664628745171067e+05 1.147579152650608503e+00
2.180000000000000000e+02 1.212358474731445312e-03 1.744851776247937232e+05 -1.546094184403635774e-01
2.190000000000000000e+02 1.206398010253906250e-03 2.365576496070322464e+05 1.660275303129740365e+00
2.200000000000000000e+02 1.425504684448242188e-03 3.219872526560071856e+05 3.986268480280198201e+00
2.200000000000000000e+02 2.621412277221679688e-03 1.608490463666607684e+05 0.000000000000000000e+00
2.210000000000000000e+02 1.219034194946289062e-03 2.328499879709562520e+05 0.000000000000000000e+00
2.220000000000000000e+02 1.206636428833007812e-03 1.695100599852275918e+05 -5.369906320035127134e-01
2.230000000000000000e+02 1.212835311889648438e-03 1.538884271974689327e+05 -8.610776475272542418e-01
2.240000000000000000e+02 1.210689544677734375e-03 1.668041004144738545e+05 -3.436835745845442935e-01
2.250000000000000000e+02 1.208066940307617188e-03 1.909241526158951747e+05 4.431846082712025958e-01
2.260000000000000000e+02 1.209974288940429688e-03 1.812580545925128390e+05 7.280935638493798989e-02
2.270000000000000000e+02 1.215934753417968750e-03 2.135962973010542337e+05 1.284166621198791436e+00
2.280000000000000000e+02 1.203060150146484375e-03 2.059369153676647111e+05 8.104252243990293092e-01
2.290000000000000000e+02 1.205682754516601562e-03 2.632457273269300349e+05 2.886013758060521184e+00
2.300000000000000000e+02 1.208066940307617188e-03 2.750281523024827475e+05 2.315737896825881936e+00
2.310000000000000000e+02 5.957670211791992188e-01 4.084091612675466458e+05 5.018837464507623913e+00
2.310000000000000000e+02 9.002685546875000000e-04 2.672484821772855867e+04 0.000000000000000000e+00
2.320000000000000000e+02 4.868979454040527344e-01 3.922358599030891201e+05 1.863484142038426228e+01
2.320000000000000000e+02 8.330345153808593750e-04 4.072788835197898879e+04 0.000000000000000000e+00
2.330000000000000000e+02 1.461029052734375000e-03 1.616567171324450755e+05 3.491961637613984593e+00
2.330000000000000000e+02 2.669811248779296875e-03 1.476844666410160426e+05 0.000000000000000000e+00
2.340000000000000000e+02 1.250982284545898438e-03 1.712768152647659008e+05 0.000000000000000000e+00
2.350000000000000000e+02 1.217126846313476562e-03 1.257648900835992972e+05 -2.021048133247113299e+00
2.360000000000000000e+02 1.222133636474609375e-03 1.692603267926980334e+05 9.234300115569380463e-01
2.370000000000000000e+02 1.218080520629882812e-03 1.682792160218453209e+05 6.923949942753836462e-01
2.380000000000000000e+02 1.218080520629882812e-03 1.810893334209038585e+05 1.254648198592184460e+00
2.390000000000000000e+02 1.212835311889648438e-03 1.729614259217420768e+05 6.127928553401991163e-01
2.400000000000000000e+02 1.426696777343750000e-03 2.523569081473467231e+05 4.723071650098142449e+00
2.400000000000000000e+02 2.627372741699218750e-03 1.222365869529629417e+05 0.000000000000000000e+00
2.410000000000000000e+02 1.209735870361328125e-03 8.644379517259157728e+05 0.000000000000000000e+00
2.420000000000000000e+02 1.207828521728515625e-03 2.208788316459363268e+05 -5.191507804448843855e-01
2.430000000000000000e+02 1.217842102050781250e-03 8.805758126191070769e+05 1.186061072469721589e+00
2.440000000000000000e+02 1.234292984008789062e-03 2.628903518240160774e+05 -6.371111684669437114e-01
2.450000000000000000e+02 1.283884048461914062e-03 2.933734546049070777e+05 -4.768551371412818041e-01
2.460000000000000000e+02 1.219749450683593750e-03 3.769511297398284078e+05 -1.878993477076021656e-01
2.470000000000000000e+02 1.222610473632812500e-03 3.238839152212652843e+05 -3.466391202123432214e-01
2.480000000000000000e+02 1.212835311889648438e-03 4.626759711738573387e+05 1.533890931112640299e-01
2.490000000000000000e+02 1.216888427734375000e-03 3.853105998254414881e+05 -1.389755947524668744e-01
2.500000000000000000e+02 1.222133636474609375e-03 3.693513840470031137e+05 -1.947055751115638889e-01
2.510000000000000000e+02 1.223087310791015625e-03 2.793578686712123454e+05 -5.551402798549965878e-01
2.520000000000000000e+02 1.209497451782226562e-03 2.457024005261360726e+05 -6.690323426316222566e-01
2.530000000000000000e+02 1.218557357788085938e-03 2.516028485593560908e+05 -6.075930505296494033e-01
2.540000000000000000e+02 1.211881637573242188e-03 2.357453163322458859e+05 -6.497733403913590333e-01
2.550000000000000000e+02 1.223564147949218750e-03 2.626491403260992956e+05 -4.972947656514591919e-01
2.560000000000000000e+02 1.217126846313476562e-03 2.697006104222003487e+05 -4.456070999738027116e-01
2.570000000000000000e+02 1.226663589477539062e-03 2.494814537953170366e+05 -5.276673011700880878e-01
2.580000000000000000e+02 1.215457916259765625e-03 2.813025263036679244e+05 -3.531316032261800353e-01
2.590000000000000000e+02 1.224279403686523438e-03 2.940828907187163131e+05 -2.786466269210431945e-01
2.600000000000000000e+02 1.212596893310546875e-03 3.786281848107049591e+05 1.654447158563944476e-01
2.610000000000000000e+02 1.221895217895507812e-03 3.135136797815050231e+05 -1.834107533101927701e-01
2.620000000000000000e+02 1.242160797119140625e-03 2.525788096382126096e+05 -5.097773526453438508e-01
2.630000000000000000e+02 1.210927963256835938e-03 2.551759578657106904e+05 -4.818256708486921003e-01
2.640000000000000000e+02 1.425266265869140625e-03 2.672658685018734541e+05 -4.018729351852871057e-01
2.650000000000000000e+02 1.301288604736328125e-03 2.997162068991009146e+05 -2.072701963631628785e-01
2.660000000000000000e+02 1.319885253906250000e-03 3.105772635609396966e+05 -1.399195409269418655e-01
2.670000000000000000e+02 1.219987869262695312e-03 3.566580536955387797e+05 1.364865971026749669e-01
2.680000000000000000e+02 1.222848892211914062e-03 3.837546843782839132e+05 2.981085443871753227e-01
2.690000000000000000e+02 1.220226287841796875e-03 4.634783222602448077e+05 7.833484487229223081e-01
2.700000000000000000e+02 1.223564147949218750e-03 4.013415380538431345e+05 3.774389964474900716e-01
2.710000000000000000e+02 1.213788986206054688e-03 3.517260705322605791e+05 5.856097115616791526e-02
2.720000000000000000e+02 1.219034194946289062e-03 3.393492749265639577e+05 -2.146337022066244216e-02
2.730000000000000000e+02 1.226186752319335938e-03 3.066285256536002853e+05 -2.336860342153354864e-01
2.740000000000000000e+02 1.224279403686523438e-03 3.234385781070015510e+05 -1.193468069090442008e-01
2.750000000000000000e+02 1.214265823364257812e-03 3.443220061545706121e+05 2.202408234334093939e-02
2.760000000000000000e+02 1.223802566528320312e-03 4.331341163851682795e+05 6.244170502379748910e-01
2.770000000000000000e+02 1.231908798217773438e-03 5.581228874410489807e+05 1.468446513926839447e+00
2.780000000000000000e+02 1.235723495483398438e-03 4.480330058902400779e+05 6.663631571122436981e-01
2.790000000000000000e+02 1.345396041870117188e-03 3.766496556501334999e+05 1.689977120451445769e-01
2.800000000000000000e+02 1.240730285644531250e-03 3.146644591604495654e+05 -2.597888862555962075e-01
2.810000000000000000e+02 1.394033432006835938e-03 3.090670811724641244e+05 -2.954506067097489863e-01
2.820000000000000000e+02 1.253604888916015625e-03 2.879092020975313499e+05 -4.407246653082837473e-01
2.830000000000000000e+02 1.338720321655273438e-03 2.849339282329661655e+05 -4.558517370849322070e-01
2.840000000000000000e+02 1.231193542480468750e-03 3.003264403204318951e+05 -3.391628525634235447e-01
2.850000000000000000e+02 1.230478286743164062e-03 3.402278487152283778e+05 -4.560430580778617599e-02
2.860000000000000000e+02 1.224040985107421875e-03 4.215723811698193313e+05 5.515552103338352552e-01
2.870000000000000000e+02 1.235485076904296875e-03 4.154577595184647944e+05 4.987906026004216842e-01
2.880000000000000000e+02 1.265525817871093750e-03 3.823313525405899854e+05 2.455206160410489946e-01
2.890000000000000000e+02 1.376628875732421875e-03 3.293648495937573607e+05 -1.557281149593600644e-01
2.900000000000000000e+02 1.232147216796875000e-03 3.007355607338026748e+05 -3.718025527358406190e-01
2.910000000000000000e+02 1.226186752319335938e-03 2.549448217860226287e+05 -7.188642271283757212e-01
2.920000000000000000e+02 1.236200332641601562e-03 2.827569810114919092e+05 -4.941494611259120151e-01
2.930000000000000000e+02 1.237154006958007812e-03 2.789554682166648563e+05 -5.179217266487756710e-01
2.940000000000000000e+02 1.239299774169921875e-03 2.847949297299396712e+05 -4.662501096816759616e-01
2.950000000000000000e+02 1.224994659423828125e-03 2.828680442869207473e+05 -4.763182622723391990e-01
2.960000000000000000e+02 1.221179962158203125e-03 2.548083246998810209e+05 -6.937069931647065202e-01
2.970000000000000000e+02 1.229047775268554688e-03 3.136837579274866730e+05 -2.155873836791404319e-01
2.980000000000000000e+02 1.307010650634765625e-03 3.224073389923153445e+05 -1.435586874631171739e-01
2.990000000000000000e+02 1.226186752319335938e-03 3.246741026675525354e+05 -1.239598583088389189e-01
