1.834196147619633004e+07
1.000000000000000000e+00 2.045130729675292969e-02 1.424671362146977335e+05 0.000000000000000000e+00
2.000000000000000000e+00 7.832813262939453125e-02 1.455736626761496882e+05 7.569201206553287653e-01
3.000000000000000000e+00 2.096772193908691406e-02 8.605615547701186733e+04 -5.410569444590530575e-01
4.000000000000000000e+00 2.069783210754394531e-02 1.281449637197106058e+05 4.721442036790083341e-01
5.000000000000000000e+00 2.141118049621582031e-02 1.025852354230016499e+05 -2.193267047239757517e-01
6.000000000000000000e+00 2.142643928527832031e-02 1.088504398030919983e+05 -2.797289901870444670e-02
7.000000000000000000e+00 2.656555175781250000e-02 1.188762462695052236e+05 2.811105341020240789e-01
8.000000000000000000e+00 4.192638397216796875e-02 1.037010695105419290e+05 -2.354890370032260982e-01
9.000000000000000000e+00 2.139830589294433594e-02 1.152614121666185820e+05 1.824935548669428531e-01
1.000000000000000000e+01 2.130532264709472656e-02 1.071410558076646266e+05 -1.276579021168295081e-01
1.100000000000000000e+01 2.127027511596679688e-02 9.239014248075449723e+04 -6.991422002004199499e-01
1.200000000000000000e+01 2.116560935974121094e-02 1.219221010685803049e+05 5.275280750825649401e-01
1.300000000000000000e+01 2.143120765686035156e-02 1.116858391561705794e+05 7.864144756136769165e-02
1.400000000000000000e+01 2.104067802429199219e-02 1.181007366304946336e+05 3.525660172207681908e-01
1.500000000000000000e+01 2.113747596740722656e-02 9.610288165782365832e+04 -6.399073513813544611e-01
1.600000000000000000e+01 2.347898483276367188e-02 1.233301509817080077e+05 6.258928576686967338e-01
1.700000000000000000e+01 2.104949951171875000e-02 1.569300405098970514e+05 2.160526298462109196e+00
1.800000000000000000e+01 2.173876762390136719e-02 1.447833195033571974e+05 1.347782085925057771e+00
1.900000000000000000e+01 2.751898765563964844e-02 2.165281277800193348e+05 4.232058621608064009e+00
1.900000000000000000e+01 5.387377738952636719e-02 2.036941980090318830e+05 0.000000000000000000e+00
2.000000000000000000e+01 4.205083847045898438e-02 2.866798222903336864e+05 0.000000000000000000e+00
2.100000000000000000e+01 4.172205924987792969e-02 1.834384344685972901e+05 -1.052298804060315618e+00
2.200000000000000000e+01 4.428267478942871094e-02 2.343185733566403796e+05 1.775789497460206201e-01
2.300000000000000000e+01 4.173040390014648438e-02 1.878148431142960908e+05 -8.728746222710630498e-01
2.400000000000000000e+01 4.172778129577636719e-02 1.429855488529739960e+05 -1.785450419282153423e+00
2.500000000000000000e+01 4.206800460815429688e-02 1.365540125000507396e+05 -1.420120262548748569e+00
2.600000000000000000e+01 3.781986236572265625e-02 1.459527411535293504e+05 -9.692261903390513300e-01
2.700000000000000000e+01 2.120399475097656250e-02 1.397134595486356411e+05 -9.802592680622915777e-01
2.800000000000000000e+01 2.361130714416503906e-02 1.385581964946696826e+05 -9.020424741401240620e-01
2.900000000000000000e+01 2.118921279907226562e-02 9.963940548601560295e+04 -1.598740429242026195e+00
3.000000000000000000e+01 2.139925956726074219e-02 1.542769934615851962e+05 -3.439595419347256655e-01
3.100000000000000000e+01 2.122640609741210938e-02 2.261647940229149826e+05 1.073611313170341530e+00
3.200000000000000000e+01 2.135515213012695312e-02 2.038229988983059302e+05 5.536674568066821678e-01
3.300000000000000000e+01 2.118039131164550781e-02 1.611906650694229465e+05 -3.244747875857252328e-01
3.400000000000000000e+01 2.130508422851562500e-02 1.409804928880292864e+05 -7.313249448474899994e-01
3.500000000000000000e+01 2.147531509399414062e-02 1.348594638236522733e+05 -8.261322867307220319e-01
3.600000000000000000e+01 2.147579193115234375e-02 1.155941706395877263e+05 -1.196457462763875768e+00
3.700000000000000000e+01 2.218747138977050781e-02 1.233207596490902652e+05 -9.556759753348673669e-01
3.800000000000000000e+01 2.803945541381835938e-02 1.470176303832222475e+05 -4.076347235915878664e-01
3.900000000000000000e+01 4.235053062438964844e-02 1.763248309052784170e+05 2.378785775118984480e-01
4.000000000000000000e+01 4.231023788452148438e-02 1.399803049410933163e+05 -5.734265753868215132e-01
4.100000000000000000e+01 4.250478744506835938e-02 1.557577456570617505e+05 -2.009837505570500338e-01
4.200000000000000000e+01 4.452586174011230469e-02 1.780566788026327558e+05 3.172714122210062992e-01
4.300000000000000000e+01 4.362988471984863281e-02 1.965727221076296410e+05 7.455286923524714338e-01
4.400000000000000000e+01 4.089760780334472656e-02 1.785386057721755642e+05 2.945917323968868518e-01
4.500000000000000000e+01 3.862786293029785156e-02 1.799649644957219134e+05 3.231046373808819094e-01
4.600000000000000000e+01 4.384279251098632812e-02 1.524616716272197664e+05 -3.604562143005484720e-01
4.700000000000000000e+01 3.936100006103515625e-02 1.549410559289155353e+05 -2.912987723998420320e-01
4.800000000000000000e+01 5.283236503601074219e-02 1.409862631221652264e+05 -6.411174868649307523e-01
4.900000000000000000e+01 5.086874961853027344e-02 1.792693515278887935e+05 3.582629497309448019e-01
5.000000000000000000e+01 9.145331382751464844e-02 1.998468888338948891e+05 8.889844616988673565e-01
5.100000000000000000e+01 2.454662322998046875e-02 1.950538671804237820e+05 7.388975997438768095e-01
5.200000000000000000e+01 2.405548095703125000e-02 1.663396554506069224e+05 -3.609269504667815542e-02
5.300000000000000000e+01 2.574157714843750000e-02 1.585341947132241912e+05 -2.447931012688071284e-01
5.400000000000000000e+01 2.390837669372558594e-02 1.836268820117789728e+05 4.409414594783371832e-01
5.500000000000000000e+01 2.386617660522460938e-02 1.601876552322881180e+05 -2.109221803500802572e-01
5.600000000000000000e+01 2.372694015502929688e-02 1.306504354153905879e+05 -1.031407212396636908e+00
5.700000000000000000e+01 2.397656440734863281e-02 1.330249999360514048e+05 -9.376160898895584683e-01
5.800000000000000000e+01 2.626419067382812500e-02 1.871066464061025472e+05 5.944423688968368813e-01
5.900000000000000000e+01 2.381920814514160156e-02 2.609065812185395916e+05 2.662250918488017426e+00
6.000000000000000000e+01 2.397370338439941406e-02 2.030811265793248022e+05 9.047355223162690807e-01
6.100000000000000000e+01 2.385091781616210938e-02 1.825121001940752903e+05 3.435287694997339880e-01
6.200000000000000000e+01 2.398371696472167969e-02 1.985554396635780286e+05 7.662736952788843370e-01
6.300000000000000000e+01 2.391099929809570312e-02 1.836641396469780593e+05 3.541469331469699888e-01
6.400000000000000000e+01 2.380537986755371094e-02 2.016531906798575656e+05 8.359913648639292205e-01
6.500000000000000000e+01 2.410435676574707031e-02 2.397046258424846746e+05 1.852798020969917525e+00
6.600000000000000000e+01 2.645182609558105469e-02 2.181752300065824529e+05 1.199051361656830572e+00
6.700000000000000000e+01 2.401852607727050781e-02 2.348906135162313585e+05 1.609285854070067412e+00
6.800000000000000000e+01 2.414226531982421875e-02 2.536632071427700575e+05 2.038524753468402562e+00
6.900000000000000000e+01 2.390265464782714844e-02 2.172645406955115905e+05 1.022453014218246858e+00
7.000000000000000000e+01 2.408742904663085938e-02 2.271669605218576617e+05 1.251150352614197381e+00
7.100000000000000000e+01 2.411603927612304688e-02 2.221845716030104086e+05 1.096071316053812916e+00
7.200000000000000000e+01 2.404475212097167969e-02 2.230467003899547271e+05 1.095075894179928566e+00
7.300000000000000000e+01 2.412581443786621094e-02 1.925938116238511575e+05 3.138318238744410293e-01
7.400000000000000000e+01 2.639770507812500000e-02 2.150221593568967364e+05 8.745988416969471269e-01
7.500000000000000000e+01 2.445006370544433594e-02 2.095151232506396191e+05 7.221654034504251252e-01
7.600000000000000000e+01 2.402758598327636719e-02 2.068750897426633746e+05 6.457908932312861339e-01
7.700000000000000000e+01 2.411389350891113281e-02 2.394197605798796576e+05 1.465909174555361183e+00
7.800000000000000000e+01 2.893066406250000000e-02 2.678570902545357239e+05 2.144049024257081104e+00
7.900000000000000000e+01 2.400088310241699219e-02 2.932002734214165830e+05 2.668497011632195104e+00
8.000000000000000000e+01 2.449584007263183594e-02 3.455098751715865801e+05 3.723426117250873357e+00
8.000000000000000000e+01 4.877948760986328125e-02 1.540237117455285043e+05 0.000000000000000000e+00
8.100000000000000000e+01 2.818465232849121094e-02 1.409992882213781995e+05 0.000000000000000000e+00
8.200000000000000000e+01 7.772901058197021484e-01 2.213002562540338258e+05 8.012105846758032612e+00
8.200000000000000000e+01 3.647804260253906250e-04 3.299204937976062502e+04 0.000000000000000000e+00
8.300000000000000000e+01 5.333921909332275391e-01 3.387716878586711246e+05 1.240022422625615306e+01
8.300000000000000000e+01 3.919601440429687500e-04 4.122777422070315515e+04 0.000000000000000000e+00
8.400000000000000000e+01 4.208879470825195312e-01 3.271952626682842383e+05 9.102277989268882763e+00
8.400000000000000000e+01 3.273487091064453125e-04 4.510502765829499549e+04 0.000000000000000000e+00
8.500000000000000000e+01 4.212517738342285156e-01 3.469436703672587173e+05 8.756678617663581576e+00
8.500000000000000000e+01 3.252029418945312500e-04 3.998801254853828868e+04 0.000000000000000000e+00
8.600000000000000000e+01 5.628554821014404297e-01 3.224470764707706403e+05 9.282322889246815478e+00
8.600000000000000000e+01 3.280639648437500000e-04 4.903172307539482426e+04 0.000000000000000000e+00
8.700000000000000000e+01 2.037048339843750000e-02 1.796450219021184894e+05 3.060150150474017838e+00
8.700000000000000000e+01 4.049730300903320312e-02 1.783643307510750892e+05 0.000000000000000000e+00
8.800000000000000000e+01 2.040123939514160156e-02 1.410197888961514691e+05 0.000000000000000000e+00
8.900000000000000000e+01 2.050685882568359375e-02 1.691546762026312936e+05 3.583431407654755763e-01
9.000000000000000000e+01 2.060627937316894531e-02 2.549526710582469823e+05 4.734307582798803260e+00
9.000000000000000000e+01 4.093956947326660156e-02 2.436217125472134794e+05 0.000000000000000000e+00
9.100000000000000000e+01 2.052998542785644531e-02 1.666796429835265153e+05 0.000000000000000000e+00
9.200000000000000000e+01 2.392721176147460938e-02 1.685986135417429323e+05 -6.718356453227271041e-01
9.300000000000000000e+01 2.057909965515136719e-02 2.053724621122913377e+05 2.827272639954895306e-01
9.400000000000000000e+01 2.274441719055175781e-02 1.436863362636937818e+05 -1.440638692743285265e+00
9.500000000000000000e+01 2.037215232849121094e-02 1.740045022627290746e+05 -2.952405170835393777e-01
9.600000000000000000e+01 2.038908004760742188e-02 1.491443574396960321e+05 -9.744630831632797863e-01
9.700000000000000000e+01 2.246785163879394531e-02 1.612776522420256515e+05 -5.005286419797674302e-01
9.800000000000000000e+01 2.062463760375976562e-02 1.607353725995075656e+05 -4.811419817812898625e-01
9.900000000000000000e+01 2.055454254150390625e-02 1.266902265439571493e+05 -1.542137738773672773e+00
1.000000000000000000e+02 2.032923698425292969e-02 1.479303982254266739e+05 -6.660180203873823368e-01
1.010000000000000000e+02 2.057862281799316406e-02 1.427140394625820045e+05 -7.868645981893549468e-01
1.020000000000000000e+02 2.038812637329101562e-02 1.343871511461749324e+05 -1.000518972076803736e+00
1.030000000000000000e+02 2.058839797973632812e-02 1.359404310996620916e+05 -8.769752389850096197e-01
1.040000000000000000e+02 3.206610679626464844e-02 1.567625606311540178e+05 -1.522160434940195706e-01
1.050000000000000000e+02 4.168534278869628906e-02 1.113498941871976713e+05 -1.665229596346319285e+00
1.060000000000000000e+02 4.381752014160156250e-02 1.503087464060845668e+05 -2.461576978307632724e-01
1.070000000000000000e+02 4.146194458007812500e-02 1.527821605267603882e+05 -1.578092016774278183e-01
1.080000000000000000e+02 2.247309684753417969e-02 1.525846622256847331e+05 -1.601791663985737968e-01
1.090000000000000000e+02 2.258706092834472656e-02 1.511756113118939684e+05 -2.049166822405839306e-01
1.100000000000000000e+02 2.130413055419921875e-02 1.392352285333126492e+05 -6.248764628467827764e-01
1.110000000000000000e+02 2.159905433654785156e-02 1.629297433925124351e+05 2.524292124777368640e-01
1.120000000000000000e+02 2.209615707397460938e-02 1.257768200574514776e+05 -1.128531818737679160e+00
1.130000000000000000e+02 2.162933349609375000e-02 1.541880292351079697e+05 -2.780350884145842486e-02
1.140000000000000000e+02 2.135848999023437500e-02 1.517744158693206846e+05 -1.181298945661541505e-01
1.150000000000000000e+02 2.132058143615722656e-02 1.424093917829108250e+05 -4.759371321838140045e-01
1.160000000000000000e+02 2.080726623535156250e-02 1.483408618288139114e+05 -2.332177361084907807e-01
1.170000000000000000e+02 2.056407928466796875e-02 1.660219036414828443e+05 4.749637861188028554e-01
1.180000000000000000e+02 2.063035964965820312e-02 1.472843057450751076e+05 -2.920679780956413341e-01
1.190000000000000000e+02 2.075600624084472656e-02 1.590484877092569368e+05 1.964302905712325964e-01
1.200000000000000000e+02 2.299237251281738281e-02 1.734587764630156744e+05 7.950326005500082394e-01
1.210000000000000000e+02 2.079606056213378906e-02 1.391223034120825178e+05 -6.691926336342314263e-01
1.220000000000000000e+02 2.095031738281250000e-02 1.564327976737385907e+05 8.024032556850582698e-02
1.230000000000000000e+02 2.085947990417480469e-02 1.677570608652081573e+05 5.671992668328335041e-01
1.240000000000000000e+02 2.089619636535644531e-02 1.892765999500156904e+05 1.493804671058243327e+00
1.250000000000000000e+02 2.086234092712402344e-02 1.743287481372081675e+05 7.865556387003640459e-01
1.260000000000000000e+02 2.087116241455078125e-02 1.715624075926865044e+05 6.499244902592286044e-01
1.270000000000000000e+02 2.077817916870117188e-02 1.654219508133062336e+05 3.708757518580887425e-01
1.280000000000000000e+02 1.253223419189453125e-01 1.908272962388493470e+05 1.482086988395013627e+00
1.290000000000000000e+02 2.125382423400878906e-02 2.440624520619515097e+05 3.728461895389451275e+00
1.290000000000000000e+02 4.211235046386718750e-02 1.486993217439981818e+05 0.000000000000000000e+00
1.300000000000000000e+02 2.179408073425292969e-02 1.514013310588167224e+05 0.000000000000000000e+00
1.310000000000000000e+02 5.449650287628173828e-01 2.699737399244814296e+05 6.276711072766894972e+01
1.310000000000000000e+02 3.287792205810546875e-04 3.281705273865427444e+04 0.000000000000000000e+00
1.320000000000000000e+02 4.209935665130615234e-01 2.437805549880593026e+05 8.384125402970580510e+00
1.320000000000000000e+02 3.268718719482421875e-04 4.248449673759134021e+04 0.000000000000000000e+00
1.330000000000000000e+02 4.183056354522705078e-01 2.719698131483973120e+05 6.931944443503626374e+00
1.330000000000000000e+02 3.225803375244140625e-04 3.625988904549821018e+04 0.000000000000000000e+00
1.340000000000000000e+02 2.017307281494140625e-02 1.676075984501856728e+05 4.415736032636433883e+00
1.340000000000000000e+02 1.216022968292236328e-01 1.678705163349019713e+05 0.000000000000000000e+00
1.350000000000000000e+02 5.024719238281250000e-02 1.253978878907985199e+05 0.000000000000000000e+00
1.360000000000000000e+02 3.052330017089843750e-02 1.322241517272977217e+05 -4.798122799616197365e-01
1.370000000000000000e+02 5.483627319335937500e-02 1.202726043368006212e+05 -9.452121629775729339e-01
1.380000000000000000e+02 2.023696899414062500e-02 8.467594775854541513e+04 -2.405770956744369915e+00
1.390000000000000000e+02 2.560877799987792969e-02 2.743537067339840578e+05 4.989047648849919803e+00
1.390000000000000000e+02 4.601669311523437500e-02 2.724617814826384420e+05 0.000000000000000000e+00
1.400000000000000000e+02 2.022695541381835938e-02 1.187532982360291935e+05 0.000000000000000000e+00
1.410000000000000000e+02 2.047824859619140625e-02 2.768503871749840328e+05 7.474846806943145072e-01
1.420000000000000000e+02 2.027702331542968750e-02 1.222862509132645064e+05 -1.115118785598094409e+00
1.430000000000000000e+02 2.257466316223144531e-02 1.141950657110076136e+05 -9.367841800892836579e-01
1.440000000000000000e+02 2.040672302246093750e-02 1.110803666266311775e+05 -8.153708444286059676e-01
1.450000000000000000e+02 2.034902572631835938e-02 1.170875943298621569e+05 -6.384703650611048831e-01
1.460000000000000000e+02 2.057886123657226562e-02 1.244335672208760661e+05 -4.843971157836113317e-01
1.470000000000000000e+02 2.029967308044433594e-02 1.225122382538667880e+05 -4.766125759630105985e-01
1.480000000000000000e+02 2.045631408691406250e-02 1.081899371706523525e+05 -6.542576100816780427e-01
1.490000000000000000e+02 2.054882049560546875e-02 1.330769478078919055e+05 -2.360502919117417053e-01
1.500000000000000000e+02 2.038764953613281250e-02 1.172369362574672850e+05 -4.757702998367401293e-01
1.510000000000000000e+02 2.039813995361328125e-02 1.628286882614497736e+05 2.948542271129002690e-01
1.520000000000000000e+02 2.035260200500488281e-02 1.413559437469827535e+05 -8.317732773265637536e-02
1.530000000000000000e+02 2.262115478515625000e-02 1.319197114014166000e+05 -2.479231774519346232e-01
1.540000000000000000e+02 2.051043510437011719e-02 1.386759075333379733e+05 -1.153803231832405546e-01
1.550000000000000000e+02 2.053070068359375000e-02 1.382779278312560054e+05 -1.194865639272383040e-01
1.560000000000000000e+02 2.226710319519042969e-02 1.588637759563784639e+05 2.881757152214564077e-01
1.570000000000000000e+02 2.055358886718750000e-02 1.593775693974988535e+05 2.902322889206672141e-01
1.580000000000000000e+02 2.058815956115722656e-02 1.443460979772377177e+05 -2.933630641497370420e-02
1.590000000000000000e+02 2.056360244750976562e-02 1.595519331621442980e+05 2.952152718099497752e-01
1.600000000000000000e+02 2.057266235351562500e-02 1.358395849661345419e+05 -2.291741646394286069e-01
1.610000000000000000e+02 2.057051658630371094e-02 1.389337511361856887e+05 -1.548363880900579526e-01
1.620000000000000000e+02 2.145910263061523438e-02 1.508010920641345147e+05 1.193820965004045581e-01
1.630000000000000000e+02 2.274680137634277344e-02 1.684794573373179301e+05 5.294181314897381530e-01
1.640000000000000000e+02 2.066040039062500000e-02 2.345877524733735481e+05 2.082653066791661622e+00
1.650000000000000000e+02 2.078795433044433594e-02 1.687414652191037894e+05 4.166370536663429047e-01
1.660000000000000000e+02 2.058672904968261719e-02 1.700505121645269392e+05 4.374912932815939737e-01
1.670000000000000000e+02 2.073097229003906250e-02 1.956226237148042128e+05 1.017553093268135589e+00
1.680000000000000000e+02 2.084946632385253906e-02 2.199267786571849138e+05 1.542427966570200093e+00
1.690000000000000000e+02 2.083182334899902344e-02 2.037120655822835397e+05 1.093203135074981347e+00
1.700000000000000000e+02 2.096962928771972656e-02 3.422256899990653037e+05 4.169173258694981676e+00
1.700000000000000000e+02 4.177045822143554688e-02 2.666762915680630249e+05 0.000000000000000000e+00
1.710000000000000000e+02 2.079296112060546875e-02 1.638677514566266909e+05 0.000000000000000000e+00
1.720000000000000000e+02 2.311754226684570312e-02 1.461180452130147314e+05 -9.512681637978167570e-01
1.730000000000000000e+02 2.082061767578125000e-02 2.422902768252799578e+05 7.692559652539739945e-01
1.740000000000000000e+02 2.084016799926757812e-02 2.601119029768429173e+05 9.426005915768140841e-01
1.750000000000000000e+02 2.340364456176757812e-02 2.527957203230189334e+05 6.536123889602936110e-01
1.760000000000000000e+02 2.094364166259765625e-02 2.912433143306944985e+05 1.311549152014459096e+00
1.770000000000000000e+02 2.086973190307617188e-02 2.707847827950856299e+05 7.092981908930967583e-01
1.780000000000000000e+02 2.535104751586914062e-02 2.364552038562741654e+05 -5.336320709484534790e-03
1.790000000000000000e+02 4.200649261474609375e-02 2.602240858395520481e+05 4.778079717611541377e-01
1.800000000000000000e+02 4.868292808532714844e-02 2.058309042525014083e+05 -7.069274382693244707e-01
1.810000000000000000e+02 7.200443744659423828e-01 4.844452210607735906e+05 5.435647383236021923e+00
1.810000000000000000e+02 3.871917724609375000e-04 3.675231994333062175e+04 0.000000000000000000e+00
1.820000000000000000e+02 4.902257919311523438e-01 5.025847089437526301e+05 1.721792443678436513e+01
1.820000000000000000e+02 3.478527069091796875e-04 5.957957791626031394e+04 0.000000000000000000e+00
1.830000000000000000e+02 4.169828891754150391e-01 3.622844285442724940e+05 6.478061696440811090e+00
1.830000000000000000e+02 3.263950347900390625e-04 5.416444334438902297e+04 0.000000000000000000e+00
1.840000000000000000e+02 2.025985717773437500e-02 2.166186066920415324e+05 3.534511278274668378e+00
1.840000000000000000e+02 4.029488563537597656e-02 2.175353672697444563e+05 0.000000000000000000e+00
1.850000000000000000e+02 2.006864547729492188e-02 1.577863752249222889e+05 0.000000000000000000e+00
1.860000000000000000e+02 2.017521858215332031e-02 2.111271670534606674e+05 5.554295169161778123e-01
1.870000000000000000e+02 2.018189430236816406e-02 1.858356443701084645e+05 -2.940982785183914872e-01
1.880000000000000000e+02 2.028059959411621094e-02 2.609032381051997945e+05 2.492499300437234222e+00
1.890000000000000000e+02 2.018594741821289062e-02 2.909205078802735079e+05 2.194012993339928830e+00
1.900000000000000000e+02 2.027964591979980469e-02 2.389111020726372371e+05 3.748267004000744307e-01
1.910000000000000000e+02 2.021098136901855469e-02 1.907552020937087364e+05 -7.242366891010747487e-01
1.920000000000000000e+02 2.238774299621582031e-02 2.047867544080660446e+05 -3.345333909160748131e-01
1.930000000000000000e+02 1.424107551574707031e-01 1.949562655216297135e+05 -5.574990286090452107e-01
1.940000000000000000e+02 3.632640838623046875e-02 2.007750974728925503e+05 -3.738727502734133235e-01
1.950000000000000000e+02 2.109289169311523438e-02 2.301964104934375500e+05 4.341147096795134330e-01
1.960000000000000000e+02 3.799223899841308594e-02 1.702032247565483558e+05 -1.261059145205467358e+00
1.970000000000000000e+02 4.902148246765136719e-02 1.752926205734018295e+05 -1.002609723109000539e+00
1.980000000000000000e+02 4.231190681457519531e-02 1.863867957724237058e+05 -6.287525777922816639e-01
1.990000000000000000e+02 2.131748199462890625e-02 2.173256480673929327e+05 2.688437568842207415e-01
2.000000000000000000e+02 2.085328102111816406e-02 2.211305699129588029e+05 3.706607128824587760e-01
2.010000000000000000e+02 2.120113372802734375e-02 2.319399140389387612e+05 6.812947386597116850e-01
2.020000000000000000e+02 2.185034751892089844e-02 1.773169955015868763e+05 -1.003155976832717844e+00
2.030000000000000000e+02 2.112650871276855469e-02 2.227476721728965640e+05 4.287648695821990596e-01
2.040000000000000000e+02 2.086281776428222656e-02 1.879113868883498071e+05 -6.657528724286403410e-01
2.050000000000000000e+02 2.041816711425781250e-02 2.092760197968770517e+05 3.010238664304483447e-02
2.060000000000000000e+02 2.061533927917480469e-02 2.262513420779245789e+05 5.777906380388763141e-01
2.070000000000000000e+02 2.045154571533203125e-02 2.232300577688670892e+05 4.622814785659246084e-01
2.080000000000000000e+02 2.229404449462890625e-02 1.921702895691269077e+05 -5.864097056530869212e-01
2.090000000000000000e+02 2.067255973815917969e-02 2.242297703274617961e+05 5.149637428740140299e-01
2.100000000000000000e+02 2.379965782165527344e-02 2.057629366797761759e+05 -1.323514811176537131e-01
2.110000000000000000e+02 2.068281173706054688e-02 2.245564806123702729e+05 5.289383368368442140e-01
2.120000000000000000e+02 2.308917045593261719e-02 2.486946195293870987e+05 1.375008753068896805e+00
2.130000000000000000e+02 2.066516876220703125e-02 2.635272138810145552e+05 1.828026754876327375e+00
2.140000000000000000e+02 2.066707611083984375e-02 2.582144873396299081e+05 1.523491903472615094e+00
2.150000000000000000e+02 2.052974700927734375e-02 2.483617020381721377e+05 1.118761273314408777e+00
2.160000000000000000e+02 2.080392837524414062e-02 2.120439718123287894e+05 -1.170300866477678586e-01
2.170000000000000000e+02 2.063632011413574219e-02 2.591316273837196059e+05 1.461364372210206541e+00
2.180000000000000000e+02 2.072024345397949219e-02 2.115664786031646945e+05 -1.714791700086868154e-01
2.190000000000000000e+02 2.074527740478515625e-02 2.642044711791668669e+05 1.590825141619910177e+00
2.200000000000000000e+02 2.069401741027832031e-02 1.769198782915679330e+05 -1.343785881308925623e+00
2.210000000000000000e+02 2.083373069763183594e-02 1.641894109169899020e+05 -1.706622833129094685e+00
2.220000000000000000e+02 2.303433418273925781e-02 1.602062995299991744e+05 -1.747991615392654685e+00
2.230000000000000000e+02 2.097296714782714844e-02 1.653002211502067512e+05 -1.503376023357517299e+00
2.240000000000000000e+02 2.098917961120605469e-02 1.809414174448851263e+05 -9.684382563697883084e-01
2.250000000000000000e+02 2.085661888122558594e-02 2.134641977315229888e+05 4.340617914150508849e-02
2.260000000000000000e+02 2.086162567138671875e-02 1.989611154030070466e+05 -4.037049123929486449e-01
2.270000000000000000e+02 2.072453498840332031e-02 2.255834642327765760e+05 4.298071625090300052e-01
2.280000000000000000e+02 2.090311050415039062e-02 2.042266456799298758e+05 -2.466609100265050036e-01
2.290000000000000000e+02 2.082443237304687500e-02 2.526626502797632420e+05 1.293969303480291488e+00
2.300000000000000000e+02 2.089810371398925781e-02 2.773074021120362449e+05 2.033906025770262360e+00
2.310000000000000000e+02 7.450990676879882812e-01 4.177620986514040269e+05 6.215893159722809536e+00
2.310000000000000000e+02 4.887580871582031250e-04 2.780192865519221232e+04 0.000000000000000000e+00
2.320000000000000000e+02 4.450926780700683594e-01 4.007592531655935454e+05 1.826428592507052429e+01
2.320000000000000000e+02 3.309249877929687500e-04 4.342486505072090222e+04 0.000000000000000000e+00
2.330000000000000000e+02 2.026867866516113281e-02 1.915346221389476268e+05 4.116369974568566015e+00
2.330000000000000000e+02 4.038095474243164062e-02 1.879634082689234347e+05 0.000000000000000000e+00
2.340000000000000000e+02 2.030110359191894531e-02 1.446218999757969286e+05 0.000000000000000000e+00
2.350000000000000000e+02 2.026033401489257812e-02 1.140405434357718914e+05 -1.704962436835922190e+00
2.360000000000000000e+02 2.814459800720214844e-02 1.444687438000990660e+05 -1.186322820452381938e-01
2.370000000000000000e+02 2.548217773437500000e-02 1.472254853430802177e+05 -1.802677008373158515e-02
2.380000000000000000e+02 4.102444648742675781e-02 1.573371765066285734e+05 3.673049003345418839e-01
2.390000000000000000e+02 2.297925949096679688e-02 1.442727481246862153e+05 -2.094907115151546095e-01
2.400000000000000000e+02 2.041983604431152344e-02 1.461422838603754935e+05 -1.105399493132050714e-01
2.410000000000000000e+02 4.818744659423828125e-01 8.502923760150375310e+05 3.461798649872363143e+01
2.410000000000000000e+02 3.268718719482421875e-04 3.442281140471814433e+04 0.000000000000000000e+00
2.420000000000000000e+02 6.467554569244384766e-01 9.143015479482907103e+05 3.544149328037232038e+01
2.420000000000000000e+02 3.273487091064453125e-04 4.582802085252084362e+04 0.000000000000000000e+00
2.430000000000000000e+02 4.168262481689453125e-01 8.437928282588371076e+05 2.391740529543245586e+01
2.430000000000000000e+02 3.283023834228515625e-04 4.885436164830223424e+04 0.000000000000000000e+00
2.440000000000000000e+02 4.998006820678710938e-01 7.987227848044906277e+05 2.099973899968881952e+01
2.440000000000000000e+02 1.209020614624023438e-03 5.499999256543689262e+04 0.000000000000000000e+00
2.450000000000000000e+02 4.648256301879882812e-02 2.059756732139882515e+05 3.174927473775620346e+00
2.450000000000000000e+02 8.705258369445800781e-02 2.038629026415581175e+05 0.000000000000000000e+00
2.460000000000000000e+02 4.069304466247558594e-02 1.740428055888640520e+05 0.000000000000000000e+00
2.470000000000000000e+02 4.078364372253417969e-02 1.542955986712570302e+05 -1.643615062582118647e+00
2.480000000000000000e+02 8.084249496459960938e-02 2.395160999752357893e+05 2.489241593575783007e+00
2.490000000000000000e+02 7.833409309387207031e-02 2.258196954453894286e+05 8.854706766487476788e-01
2.500000000000000000e+02 3.799581527709960938e-02 3.215013666730865370e+05 3.448938915121220194e+00
2.500000000000000000e+02 5.878162384033203125e-02 3.227505144242082024e+05 0.000000000000000000e+00
2.510000000000000000e+02 2.147078514099121094e-02 1.550823435255824588e+05 0.000000000000000000e+00
2.520000000000000000e+02 2.088093757629394531e-02 1.706119499170555500e+05 -5.761207994141588351e-01
2.530000000000000000e+02 2.310562133789062500e-02 2.030771087946325424e+05 -1.410868267238238327e-01
2.540000000000000000e+02 2.092194557189941406e-02 1.705237133648850140e+05 -5.578608070287798260e-01
2.550000000000000000e+02 2.088832855224609375e-02 2.237200653224473353e+05 2.822044173836601444e-01
2.560000000000000000e+02 2.087759971618652344e-02 2.142366271942931344e+05 1.070973356210438154e-01
2.570000000000000000e+02 2.093839645385742188e-02 2.283413909737600479e+05 3.505942599250159719e-01
2.580000000000000000e+02 2.104306221008300781e-02 2.378513423529600550e+05 5.089700513367360069e-01
2.590000000000000000e+02 2.095842361450195312e-02 2.293796493974728510e+05 3.067068734991169610e-01
2.600000000000000000e+02 2.053928375244140625e-02 2.807879031122359447e+05 1.374453601829646709e+00
2.610000000000000000e+02 2.060699462890625000e-02 2.657771051038283622e+05 9.014406430604439135e-01
2.620000000000000000e+02 2.060174942016601562e-02 2.446569181867721491e+05 4.011335032060304173e-01
2.630000000000000000e+02 2.301740646362304688e-02 2.618308105718905863e+05 7.510854880338856399e-01
2.640000000000000000e+02 2.060747146606445312e-02 2.704944243203606457e+05 8.991597406364977285e-01
2.650000000000000000e+02 2.049946784973144531e-02 2.785403111065486446e+05 1.023366667207927128e+00
2.660000000000000000e+02 2.064085006713867188e-02 2.816322536327616544e+05 1.027931979597011436e+00
2.670000000000000000e+02 2.052068710327148438e-02 2.783464771383689949e+05 8.954162763376618539e-01
2.680000000000000000e+02 2.051115036010742188e-02 2.815084141576337279e+05 9.217703793945365431e-01
2.690000000000000000e+02 2.073311805725097656e-02 2.699782858858397231e+05 6.213904832163010816e-01
2.700000000000000000e+02 2.062582969665527344e-02 2.469358079315128562e+05 7.876823070205028754e-02
2.710000000000000000e+02 2.063322067260742188e-02 2.547007234729688207e+05 2.572770524490040067e-01
2.720000000000000000e+02 2.064466476440429688e-02 2.763481984226325876e+05 7.655678531300553757e-01
2.730000000000000000e+02 2.296614646911621094e-02 2.648000610835455591e+05 4.625553303688464957e-01
2.740000000000000000e+02 2.071452140808105469e-02 2.700100480724432273e+05 5.784036264545013850e-01
2.750000000000000000e+02 2.066993713378906250e-02 2.875113472618195228e+05 9.969448788815241658e-01
2.760000000000000000e+02 2.084732055664062500e-02 3.167737353100933833e+05 1.685170369921046296e+00
2.770000000000000000e+02 2.063632011413574219e-02 2.547087687545333756e+05 8.086744791517197495e-02
2.780000000000000000e+02 2.100205421447753906e-02 1.978013800037247711e+05 -1.312884573317946835e+00
2.790000000000000000e+02 2.065038681030273438e-02 2.496289750376484008e+05 4.357672576487767614e-04
2.800000000000000000e+02 2.192878723144531250e-02 2.561428249869578285e+05 1.607322580959734404e-01
2.810000000000000000e+02 2.076816558837890625e-02 2.651706868000666145e+05 3.840115771479105655e-01
2.820000000000000000e+02 3.042125701904296875e-02 2.662938487576746265e+05 4.057611762553665069e-01
2.830000000000000000e+02 5.475211143493652344e-02 2.774493004780482734e+05 6.855722786742063368e-01
2.840000000000000000e+02 2.570891380310058594e-02 2.969713012787282933e+05 1.177110458212510480e+00
2.850000000000000000e+02 5.217599868774414062e-02 3.127361220222021802e+05 1.544377973863876985e+00
2.860000000000000000e+02 2.116155624389648438e-02 4.286607795983545948e+05 4.409590274312995994e+00
2.860000000000000000e+02 4.187726974487304688e-02 1.968958667876120016e+05 0.000000000000000000e+00
2.870000000000000000e+02 2.296710014343261719e-02 1.618882399873340037e+05 0.000000000000000000e+00
2.880000000000000000e+02 2.083802223205566406e-02 1.768777521662849467e+05 -1.015709778666609997e-01
2.890000000000000000e+02 2.073168754577636719e-02 1.836825006305553543e+05 2.919936067490395692e-01
2.900000000000000000e+02 2.082896232604980469e-02 1.762202514223954349e+05 -2.481987072090900137e-01
2.910000000000000000e+02 2.091908454895019531e-02 1.969025548773492628e+05 1.398584367942347972e+00
2.920000000000000000e+02 5.506138801574707031e-01 2.690514279452243936e+05 6.443747981179267725e+00
2.920000000000000000e+02 3.304481506347656250e-04 3.040751421607957673e+04 0.000000000000000000e+00
2.930000000000000000e+02 2.090334892272949219e-02 1.412942850123531825e+05 4.450091338774256222e+00
2.930000000000000000e+02 4.097294807434082031e-02 1.416388456028538349e+05 0.000000000000000000e+00
2.940000000000000000e+02 2.011084556579589844e-02 1.015096139341963717e+05 0.000000000000000000e+00
2.950000000000000000e+02 2.222180366516113281e-02 1.169447626625548291e+05 -1.631492778601292271e-01
2.960000000000000000e+02 2.047061920166015625e-02 1.004063975391978311e+05 -9.695096646772748405e-01
2.970000000000000000e+02 2.029776573181152344e-02 1.497800388611830713e+05 1.803006453139282428e+00
2.980000000000000000e+02 2.033448219299316406e-02 1.855588538529795187e+05 2.792116759814990079e+00
2.990000000000000000e+02 2.041816711425781250e-02 1.334181779043272545e+05 2.362206446989738307e-02
