4.433908879409477115e+07
1.000000000000000000e+00 1.098632812500000000e-03 1.444704270996260748e+05 0.000000000000000000e+00
2.000000000000000000e+00 1.104354858398437500e-03 1.723548800193399948e+05 1.436353130081932994e+00
3.000000000000000000e+00 1.095294952392578125e-03 1.549566869880843151e+05 4.611445233263786747e-01
4.000000000000000000e+00 1.107931137084960938e-03 1.478292530199524481e+05 2.060526954017800616e-01
5.000000000000000000e+00 1.100063323974609375e-03 1.546700772851929069e+05 4.114401119767681636e-01
6.000000000000000000e+00 1.107454299926757812e-03 1.240948158687083051e+05 -7.143545080845385975e-01
7.000000000000000000e+00 1.092433929443359375e-03 1.499317796524157166e+05 3.253393718383889022e-01
8.000000000000000000e+00 1.159191131591796875e-03 1.729083117127423757e+05 1.228360829703461610e+00
9.000000000000000000e+00 1.095771789550781250e-03 1.799914490781132481e+05 1.348037422138274710e+00
1.000000000000000000e+01 1.103878021240234375e-03 1.845291362944238645e+05 1.345116416307517104e+00
1.100000000000000000e+01 1.312255859375000000e-03 2.441908308323484671e+05 3.384412004073097613e+00
1.100000000000000000e+01 2.363681793212890625e-03 1.311783232568079839e+05 0.000000000000000000e+00
1.200000000000000000e+01 1.091957092285156250e-03 2.487593676143677149e+05 0.000000000000000000e+00
1.300000000000000000e+01 1.106023788452148438e-03 2.578551738453826692e+05 8.165071747865726426e-01
1.400000000000000000e+01 1.097202301025390625e-03 2.043924671331198770e+05 -1.161254171195092028e-01
1.500000000000000000e+01 1.107692718505859375e-03 1.416676603233288042e+05 -1.190900828648800536e+00
1.600000000000000000e+01 1.098394393920898438e-03 1.572976213532096590e+05 -6.712807222278865948e-01
1.700000000000000000e+01 1.105070114135742188e-03 1.859368360716350144e+05 -7.735126579773278499e-02
1.800000000000000000e+01 1.103401184082031250e-03 2.020226160870132153e+05 2.475811260899733746e-01
1.900000000000000000e+01 1.094818115234375000e-03 2.987833574639167055e+05 2.303965104933846764e+00
2.000000000000000000e+01 1.101970672607421875e-03 3.489490711842155433e+05 2.579285523434776017e+00
2.100000000000000000e+01 1.101970672607421875e-03 2.311654480968288553e+05 1.912379960898069609e-01
2.200000000000000000e+01 1.103401184082031250e-03 3.142068838176464196e+05 1.422339525725800913e+00
2.300000000000000000e+01 1.094579696655273438e-03 3.381767473349244101e+05 1.600566935361343424e+00
2.400000000000000000e+01 1.109600067138671875e-03 2.574118970494794485e+05 2.996787438645611701e-01
2.500000000000000000e+01 1.100778579711914062e-03 3.265941824076243793e+05 1.266235249619398040e+00
2.600000000000000000e+01 1.109600067138671875e-03 3.143577751532851253e+05 9.914828158189620266e-01
2.700000000000000000e+01 1.093149185180664062e-03 2.691913340734404628e+05 3.030947320244956611e-01
2.800000000000000000e+01 1.104831695556640625e-03 2.443508933262522623e+05 -6.239911879191726435e-02
2.900000000000000000e+01 1.101255416870117188e-03 1.995924231612645963e+05 -7.221840456444561518e-01
3.000000000000000000e+01 1.124143600463867188e-03 2.070370758236330585e+05 -5.823992558389909924e-01
3.100000000000000000e+01 1.099824905395507812e-03 2.848857944648750126e+05 6.249400038624560727e-01
3.200000000000000000e+01 1.115322113037109375e-03 3.242523995166399400e+05 1.215346294243069947e+00
3.300000000000000000e+01 1.100301742553710938e-03 3.194324181646525394e+05 1.074902608235805301e+00
3.400000000000000000e+01 1.111268997192382812e-03 3.523133225668658270e+05 1.529607702488147813e+00
3.500000000000000000e+01 1.102447509765625000e-03 3.585769235897861072e+05 1.521319245179685531e+00
3.600000000000000000e+01 1.110076904296875000e-03 2.598816710382178426e+05 -1.243275888680573683e-02
3.700000000000000000e+01 1.103162765502929688e-03 1.872528336661663488e+05 -1.091541182381049246e+00
3.800000000000000000e+01 1.100778579711914062e-03 2.011597442209132714e+05 -8.420600867302686643e-01
3.900000000000000000e+01 1.103401184082031250e-03 2.909391278073344147e+05 5.215276875949317326e-01
4.000000000000000000e+01 1.111745834350585938e-03 2.935348477581823245e+05 5.495217044421418784e-01
4.100000000000000000e+01 1.105070114135742188e-03 3.049052974153832183e+05 7.117195264989415460e-01
4.200000000000000000e+01 1.127004623413085938e-03 2.599107850118718634e+05 5.836172180856250046e-04
4.300000000000000000e+01 1.128435134887695312e-03 2.817133149132132530e+05 3.424697057655703980e-01
4.400000000000000000e+01 1.102924346923828125e-03 2.651217026047570980e+05 7.292852815992090232e-02
4.500000000000000000e+01 1.107931137084960938e-03 3.032510544515112997e+05 6.876064467338227626e-01
4.600000000000000000e+01 1.095294952392578125e-03 2.952952105123354122e+05 5.438273439776455387e-01
4.700000000000000000e+01 1.105785369873046875e-03 3.363039635887577897e+05 1.208644537662723284e+00
4.800000000000000000e+01 1.101732254028320312e-03 3.060239536492046900e+05 6.740393399999239366e-01
4.900000000000000000e+01 1.111984252929687500e-03 2.941419281738061109e+05 4.655363976585293884e-01
5.000000000000000000e+01 1.099586486816406250e-03 2.943739627892019344e+05 4.622455326134468634e-01
5.100000000000000000e+01 1.116275787353515625e-03 2.963014646744302008e+05 4.877575327785379500e-01
5.200000000000000000e+01 1.101255416870117188e-03 2.822690786250327365e+05 2.421545272128285686e-01
5.300000000000000000e+01 1.112937927246093750e-03 2.704568508340896224e+05 3.617584670584831491e-02
5.400000000000000000e+01 1.105070114135742188e-03 3.137245897208946408e+05 7.882661186946353649e-01
5.500000000000000000e+01 1.118421554565429688e-03 3.688791943289272022e+05 1.737542259765175068e+00
5.600000000000000000e+01 1.111268997192382812e-03 3.200835678060441860e+05 8.282124478734785855e-01
5.700000000000000000e+01 1.118183135986328125e-03 3.275016343803638592e+05 9.404760224004194979e-01
5.800000000000000000e+01 1.120567321777343750e-03 3.440314454979770817e+05 1.205871098864402580e+00
5.900000000000000000e+01 1.109361648559570312e-03 4.079073441247285809e+05 2.268226986960256930e+00
6.000000000000000000e+01 1.116514205932617188e-03 3.644628110358148697e+05 1.420147683331120403e+00
6.100000000000000000e+01 1.106262207031250000e-03 3.317242947394510848e+05 8.454616639084706620e-01
6.200000000000000000e+01 1.131772994995117188e-03 3.247628251865400234e+05 7.177794681165549084e-01
6.300000000000000000e+01 1.107215881347656250e-03 3.226496437151051941e+05 6.727644235346407209e-01
6.400000000000000000e+01 1.110553741455078125e-03 3.182668934307132149e+05 5.913742101421540776e-01
6.500000000000000000e+01 1.103639602661132812e-03 3.463469423112626537e+05 1.049872063444426518e+00
6.600000000000000000e+01 1.096963882446289062e-03 3.455059875020877225e+05 1.016059946766226130e+00
6.700000000000000000e+01 1.139163970947265625e-03 3.795932247599334223e+05 1.562760496509759012e+00
6.800000000000000000e+01 1.098632812500000000e-03 3.967330118470936432e+05 1.797107775709773758e+00
6.900000000000000000e+01 1.106262207031250000e-03 3.459845638488964760e+05 9.179796744800244879e-01
7.000000000000000000e+01 1.114130020141601562e-03 3.439173241886468022e+05 8.704940779895550262e-01
7.100000000000000000e+01 1.105546951293945312e-03 3.005561579227184993e+05 1.585923763185684843e-01
7.200000000000000000e+01 1.106500625610351562e-03 3.295319003600707510e+05 6.283873790961715944e-01
7.300000000000000000e+01 1.113653182983398438e-03 2.858262464597868966e+05 -9.281673395904480039e-02
7.400000000000000000e+01 1.101970672607421875e-03 3.450754702460442786e+05 8.839407728179653478e-01
7.500000000000000000e+01 1.111030578613281250e-03 3.593405186418077792e+05 1.107150381326646560e+00
7.600000000000000000e+01 1.109838485717773438e-03 3.607539533182902960e+05 1.111648217948366435e+00
7.700000000000000000e+01 1.108407974243164062e-03 3.980351782256469014e+05 1.706235495886825326e+00
7.800000000000000000e+01 1.108407974243164062e-03 4.142005124214877142e+05 1.919705147986304761e+00
7.900000000000000000e+01 1.117706298828125000e-03 4.164550526794875623e+05 1.891268898554188338e+00
8.000000000000000000e+01 1.325607299804687500e-03 5.070844502804943477e+05 3.246235906798983883e+00
8.000000000000000000e+01 2.381563186645507812e-03 2.537041962239752465e+05 0.000000000000000000e+00
8.100000000000000000e+01 1.106977462768554688e-03 4.115876594797426951e+05 0.000000000000000000e+00
8.200000000000000000e+01 1.138448715209960938e-03 4.505416009114209446e+05 1.056029911858715753e+00
8.300000000000000000e+01 1.111030578613281250e-03 6.648561315887997625e+05 2.810109447436578201e+00
8.400000000000000000e+01 1.104593276977539062e-03 6.462951334136120277e+05 1.187343208442364961e+00
8.500000000000000000e+01 1.105546951293945312e-03 6.475978792392869946e+05 9.426222836288578044e-01
8.600000000000000000e+01 1.110553741455078125e-03 6.723358261279596481e+05 9.543832304016219847e-01
8.700000000000000000e+01 1.108169555664062500e-03 6.389651213191794232e+05 6.305004872718309450e-01
8.800000000000000000e+01 1.102924346923828125e-03 6.658293370859300485e+05 7.508703099022923100e-01
8.900000000000000000e+01 1.105308532714843750e-03 5.966148151438288623e+05 2.328628667211305736e-01
9.000000000000000000e+01 1.138925552368164062e-03 6.180376225388795137e+05 3.709947548147306540e-01
9.100000000000000000e+01 1.113891601562500000e-03 5.211820324372525210e+05 -3.539380841116862020e-01
9.200000000000000000e+01 2.937316894531250000e-03 4.496975792073648772e+05 -8.825007205538396571e-01
9.300000000000000000e+01 2.670526504516601562e-03 5.243321599268320715e+05 -2.494161706327888972e-01
9.400000000000000000e+01 1.474618911743164062e-03 4.499551440769368783e+05 -8.353718668039091799e-01
9.500000000000000000e+01 1.149415969848632812e-03 4.330893705118594808e+05 -9.261847825488355168e-01
9.600000000000000000e+01 1.157283782958984375e-03 4.071751027260960545e+05 -1.085306089893763426e+00
9.700000000000000000e+01 1.147031784057617188e-03 3.900462014107879368e+05 -1.157199643726943838e+00
9.800000000000000000e+01 1.165390014648437500e-03 3.680953247984768823e+05 -1.261493107093699217e+00
9.900000000000000000e+01 1.145601272583007812e-03 3.905964551958850352e+05 -9.996709692614816900e-01
1.000000000000000000e+02 1.145839691162109375e-03 3.508535803574867314e+05 -1.267404998517172032e+00
1.010000000000000000e+02 1.150369644165039062e-03 3.733255894757746137e+05 -1.014767246099147924e+00
1.020000000000000000e+02 1.163721084594726562e-03 4.925397805426446139e+05 -3.174854787909708875e-02
1.030000000000000000e+02 1.151561737060546875e-03 5.449572469162150519e+05 3.907233025558547457e-01
1.040000000000000000e+02 1.147985458374023438e-03 5.015129573983791634e+05 2.531960271565456694e-02
1.050000000000000000e+02 1.146316528320312500e-03 5.187990979034918710e+05 1.696342016763303928e-01
1.060000000000000000e+02 1.146078109741210938e-03 5.186217502127591288e+05 1.648619813528524325e-01
1.070000000000000000e+02 1.156568527221679688e-03 4.898615474766222178e+05 -8.866922743812698238e-02
1.080000000000000000e+02 1.154184341430664062e-03 6.435249811186378356e+05 1.276495223645921495e+00
1.090000000000000000e+02 1.148700714111328125e-03 6.603777665532752872e+05 1.368096482350206866e+00
1.100000000000000000e+02 1.146554946899414062e-03 6.166139131100077648e+05 9.252258360962563044e-01
1.110000000000000000e+02 1.147985458374023438e-03 4.910787821987249772e+05 -1.928706900000211055e-01
1.120000000000000000e+02 1.159667968750000000e-03 4.784273559048429597e+05 -3.015011764189030052e-01
1.130000000000000000e+02 1.439094543457031250e-03 4.752265480345244287e+05 -3.252886895307803838e-01
1.140000000000000000e+02 1.178503036499023438e-03 4.505451627894357662e+05 -5.442237161873683116e-01
1.150000000000000000e+02 1.147508621215820312e-03 3.987543283959064865e+05 -1.009594633730891866e+00
1.160000000000000000e+02 1.147985458374023438e-03 3.666446212475997163e+05 -1.276391645612695802e+00
1.170000000000000000e+02 1.153469085693359375e-03 3.698135389062227332e+05 -1.203071142841994012e+00
1.180000000000000000e+02 1.141786575317382812e-03 3.888338992256170604e+05 -9.927614416754538818e-01
1.190000000000000000e+02 1.145124435424804688e-03 4.671269979378835415e+05 -2.585184734307148791e-01
1.200000000000000000e+02 1.145124435424804688e-03 6.192642363031015266e+05 1.139971241163514781e+00
1.210000000000000000e+02 1.141309738159179688e-03 6.355573076799716800e+05 1.257372387356656684e+00
1.220000000000000000e+02 1.160383224487304688e-03 5.560334853827190818e+05 4.973437460623686968e-01
1.230000000000000000e+02 1.170873641967773438e-03 5.279971870275646215e+05 2.333378328617478625e-01
1.240000000000000000e+02 1.149892807006835938e-03 5.116952100247168564e+05 7.954648306238736033e-02
1.250000000000000000e+02 1.144647598266601562e-03 5.385319100783355534e+05 3.301760157280852481e-01
1.260000000000000000e+02 1.154184341430664062e-03 5.164307743775495910e+05 1.170421610540133134e-01
1.270000000000000000e+02 1.145839691162109375e-03 4.943892987555054715e+05 -9.511971409132242983e-02
1.280000000000000000e+02 1.409530639648437500e-03 5.385721105285604717e+05 3.331897692523578258e-01
1.290000000000000000e+02 1.154422760009765625e-03 6.206167492504561087e+05 1.130450394552953375e+00
1.300000000000000000e+02 1.147270202636718750e-03 6.411068780212515267e+05 1.304527940192388380e+00
1.310000000000000000e+02 1.152992248535156250e-03 7.222200665049761301e+05 2.055120088445562931e+00
1.320000000000000000e+02 1.149654388427734375e-03 8.223430178493241547e+05 2.896231403400741478e+00
1.330000000000000000e+02 1.368045806884765625e-03 9.409600149415124906e+05 3.705963160489890829e+00
1.330000000000000000e+02 2.716541290283203125e-03 4.904648653089878499e+05 0.000000000000000000e+00
1.340000000000000000e+02 1.148700714111328125e-03 7.128893462987566600e+05 0.000000000000000000e+00
1.350000000000000000e+02 1.160144805908203125e-03 6.300204963567589875e+05 1.802122102079837807e-01
1.360000000000000000e+02 1.152038574218750000e-03 6.049261803554557264e+05 -5.514400648327388854e-02
1.370000000000000000e+02 1.161336898803710938e-03 5.196344120619785390e+05 -9.793796665864223927e-01
1.380000000000000000e+02 1.146793365478515625e-03 4.578146222437024117e+05 -1.500973683980503015e+00
1.390000000000000000e+02 1.147270202636718750e-03 7.876363968798231799e+05 2.259645241509084190e+00
1.400000000000000000e+02 1.146793365478515625e-03 7.666971065737655153e+05 1.375995692105913104e+00
1.410000000000000000e+02 1.149177551269531250e-03 6.022184087163131917e+05 -1.507275264169988804e-01
1.420000000000000000e+02 1.154661178588867188e-03 5.351918593494448578e+05 -7.093900872388186896e-01
1.430000000000000000e+02 1.165151596069335938e-03 5.287731279729763046e+05 -7.147531854542351626e-01
1.440000000000000000e+02 1.148223876953125000e-03 6.422937449420802295e+05 3.495018042119607538e-01
1.450000000000000000e+02 1.152515411376953125e-03 5.749553805160531774e+05 -2.953025856353148626e-01
1.460000000000000000e+02 1.145839691162109375e-03 6.650147069075580221e+05 5.923986133073889659e-01
1.470000000000000000e+02 1.147985458374023438e-03 7.639546759094910230e+05 1.553354777425633992e+00
1.480000000000000000e+02 1.154422760009765625e-03 8.018706067491455469e+05 1.751922865932594053e+00
1.490000000000000000e+02 1.175165176391601562e-03 7.957273753506056964e+05 1.492952982552305130e+00
1.500000000000000000e+02 1.159429550170898438e-03 7.993134648139197379e+05 1.390576674061431817e+00
1.510000000000000000e+02 1.168727874755859375e-03 7.804834893315115478e+05 1.122014902376698764e+00
1.520000000000000000e+02 1.165866851806640625e-03 8.001642936218346003e+05 1.224189215591573010e+00
1.530000000000000000e+02 1.159429550170898438e-03 9.090073484684127616e+05 2.062970524442721221e+00
1.540000000000000000e+02 1.147508621215820312e-03 1.038944855302598327e+06 2.844931563752980619e+00
1.550000000000000000e+02 1.149415969848632812e-03 9.171834024043901591e+05 1.535689675149074507e+00
1.560000000000000000e+02 1.155376434326171875e-03 7.901796218328139512e+05 5.890007321569129539e-01
1.570000000000000000e+02 1.157999038696289062e-03 7.336217637064846931e+05 1.933427353079669730e-01
1.580000000000000000e+02 1.147508621215820312e-03 7.561378703513942892e+05 3.436603355955447081e-01
1.590000000000000000e+02 1.150131225585937500e-03 7.577624710557622602e+05 3.477906602582070961e-01
1.600000000000000000e+02 1.145601272583007812e-03 8.296486284360331483e+05 8.507873664883423004e-01
1.610000000000000000e+02 1.156091690063476562e-03 8.487949326880916487e+05 9.616401117899351370e-01
1.620000000000000000e+02 1.161575317382812500e-03 8.197053267398998141e+05 7.223060681055140098e-01
1.630000000000000000e+02 1.154422760009765625e-03 6.696967959313660394e+05 -3.773892791347635556e-01
1.640000000000000000e+02 1.150131225585937500e-03 8.600232703767759958e+05 1.021959478775181118e+00
1.650000000000000000e+02 1.150608062744140625e-03 9.960080567180294311e+05 1.984590230401041877e+00
1.660000000000000000e+02 1.141071319580078125e-03 8.928391114786277758e+05 1.121394833548926551e+00
1.670000000000000000e+02 1.140117645263671875e-03 9.476182695432666223e+05 1.467671434978313538e+00
1.680000000000000000e+02 1.145362854003906250e-03 9.247555613346172031e+05 1.246077919384965815e+00
1.690000000000000000e+02 1.149177551269531250e-03 9.765511881080889143e+05 1.556518992531620738e+00
1.700000000000000000e+02 1.140832901000976562e-03 9.451576613192680525e+05 1.276189664202900476e+00
1.710000000000000000e+02 1.141786575317382812e-03 1.072225557991010137e+06 2.078214849518033702e+00
1.720000000000000000e+02 1.143217086791992188e-03 9.825501437097807648e+05 1.371625388631908304e+00
1.730000000000000000e+02 1.153945922851562500e-03 9.240993973047428299e+05 9.537812724267268338e-01
1.740000000000000000e+02 1.141071319580078125e-03 9.070090097783321980e+05 8.236468578865079326e-01
1.750000000000000000e+02 1.153945922851562500e-03 8.292687088596279500e+05 3.132307785871296102e-01
1.760000000000000000e+02 1.152753829956054688e-03 8.735246060426858021e+05 5.936735180196620609e-01
1.770000000000000000e+02 1.155138015747070312e-03 8.885468770311000990e+05 6.819293374461323776e-01
1.780000000000000000e+02 1.152515411376953125e-03 8.877663192677760962e+05 6.658599353429153211e-01
1.790000000000000000e+02 1.151084899902343750e-03 9.878263732223205734e+05 1.311640783568617241e+00
1.800000000000000000e+02 1.151561737060546875e-03 1.043305855022917502e+06 1.635415711206103628e+00
1.810000000000000000e+02 1.379013061523437500e-03 1.294266602031398332e+06 3.180548291173245001e+00
1.810000000000000000e+02 2.476692199707031250e-03 9.956962258481985191e+05 0.000000000000000000e+00
1.820000000000000000e+02 1.157522201538085938e-03 1.347189044194961665e+06 0.000000000000000000e+00
1.830000000000000000e+02 1.151323318481445312e-03 1.495902499363109702e+06 1.305447840316454222e+00
1.840000000000000000e+02 1.145839691162109375e-03 1.355887213989353739e+06 2.970124995719114480e-01
1.850000000000000000e+02 1.126289367675781250e-03 1.324765199720824137e+06 1.224220561359309623e-01
1.860000000000000000e+02 3.753423690795898438e-03 1.329467792242128635e+06 1.382858730362967192e-01
1.870000000000000000e+02 3.890514373779296875e-03 1.263728749457544880e+06 -2.679642277323039945e-01
1.880000000000000000e+02 3.775358200073242188e-03 1.317706763762510847e+06 1.044348870552956471e-01
1.890000000000000000e+02 3.668308258056640625e-03 1.400594996476905188e+06 6.861513466849095133e-01
1.900000000000000000e+02 4.047155380249023438e-03 1.347128347119259881e+06 2.398107202486035594e-01
1.910000000000000000e+02 3.679752349853515625e-03 1.213500263609495480e+06 -8.117259322286970447e-01
1.920000000000000000e+02 3.838777542114257812e-03 1.205924763199496549e+06 -8.133609555440683980e-01
1.930000000000000000e+02 3.166913986206054688e-03 1.045774962424186175e+06 -2.054746863568755355e+00
1.940000000000000000e+02 1.280069351196289062e-03 1.091365975494205952e+06 -1.371303133604589330e+00
1.950000000000000000e+02 1.208305358886718750e-03 1.343973883594950195e+06 5.451482824652609249e-01
1.960000000000000000e+02 1.155138015747070312e-03 1.426848632550715236e+06 1.123290514202921031e+00
1.970000000000000000e+02 1.131534576416015625e-03 1.270335790869823657e+06 -8.110435306521378285e-02
1.980000000000000000e+02 1.141548156738281250e-03 1.311769897584593389e+06 2.294803949366401863e-01
1.990000000000000000e+02 1.128673553466796875e-03 1.445114435475826031e+06 1.244189339700308539e+00
2.000000000000000000e+02 1.137971878051757812e-03 1.403804239682281390e+06 8.513950554654184932e-01
2.010000000000000000e+02 1.127481460571289062e-03 1.154441127792201238e+06 -1.085417616601810575e+00
2.020000000000000000e+02 1.129388809204101562e-03 9.919735865304506151e+05 -2.265358378366068237e+00
2.030000000000000000e+02 1.194000244140625000e-03 9.091631136507008923e+05 -2.563890466106874211e+00
2.040000000000000000e+02 1.186370849609375000e-03 9.446799457366111455e+05 -1.979435182285329331e+00
2.050000000000000000e+02 1.453399658203125000e-03 9.063944298028965713e+05 -2.019379187257104302e+00
2.060000000000000000e+02 1.432418823242187500e-03 8.662353662695559906e+05 -2.055217673663611411e+00
2.070000000000000000e+02 1.430273056030273438e-03 8.749405478605980752e+05 -1.819307810828870497e+00
2.080000000000000000e+02 1.544475555419921875e-03 8.667067839422607794e+05 -1.724323335666401169e+00
2.090000000000000000e+02 1.132249832153320312e-03 8.793226843313258141e+05 -1.546212609915413871e+00
2.100000000000000000e+02 1.132488250732421875e-03 9.136844768653159263e+05 -1.294518201771652999e+00
2.110000000000000000e+02 1.133203506469726562e-03 9.049870142055585748e+05 -1.279446393708229213e+00
2.120000000000000000e+02 1.140832901000976562e-03 7.490913922265921719e+05 -1.958448976391995000e+00
2.130000000000000000e+02 1.173973083496093750e-03 6.753069707321581664e+05 -2.151512497896597598e+00
2.140000000000000000e+02 1.148700714111328125e-03 7.301739409100975608e+05 -1.746488906900965477e+00
2.150000000000000000e+02 1.152038574218750000e-03 7.666826027756459080e+05 -1.495226225161719880e+00
2.160000000000000000e+02 1.101016998291015625e-03 7.200776764589373488e+05 -1.618477556006144846e+00
2.170000000000000000e+02 1.087427139282226562e-03 7.271007404450735776e+05 -1.511788665765466666e+00
2.180000000000000000e+02 1.103878021240234375e-03 7.048537876223563217e+05 -1.534006430021385370e+00
2.190000000000000000e+02 1.093864440917968750e-03 7.197462780445626704e+05 -1.410687865824038045e+00
2.200000000000000000e+02 1.120090484619140625e-03 7.353951309388692025e+05 -1.298102846622771089e+00
2.210000000000000000e+02 1.102685928344726562e-03 8.250164254193525994e+05 -9.160031692349974719e-01
2.220000000000000000e+02 1.102685928344726562e-03 8.197324525799109833e+05 -9.157476979104705039e-01
2.230000000000000000e+02 1.134634017944335938e-03 8.207653249283775222e+05 -8.919995854441056249e-01
2.240000000000000000e+02 1.119613647460937500e-03 8.390150953695400385e+05 -8.039793029926440848e-01
2.250000000000000000e+02 1.095771789550781250e-03 8.899973044377483893e+05 -5.938317753886765971e-01
2.260000000000000000e+02 1.204729080200195312e-03 8.405358871137619717e+05 -7.758712104668196163e-01
2.270000000000000000e+02 1.113176345825195312e-03 8.373785885232997825e+05 -7.747349818858626502e-01
2.280000000000000000e+02 1.180887222290039062e-03 9.067390921662767651e+05 -4.915784606728528239e-01
2.290000000000000000e+02 1.128911972045898438e-03 8.506928797842956847e+05 -7.053378431187513620e-01
2.300000000000000000e+02 1.113653182983398438e-03 8.172148359446719987e+05 -8.268086297373011817e-01
2.310000000000000000e+02 1.173019409179687500e-03 8.961530979959976394e+05 -5.003722201384170898e-01
2.320000000000000000e+02 1.157045364379882812e-03 1.112834562993776286e+06 3.704337977075056743e-01
2.330000000000000000e+02 1.104593276977539062e-03 1.129374966280198656e+06 4.330095762363087575e-01
2.340000000000000000e+02 1.110315322875976562e-03 1.112272006886744872e+06 3.588246788721569103e-01
2.350000000000000000e+02 1.184225082397460938e-03 1.020671389347800636e+06 -1.961416062013631584e-02
2.360000000000000000e+02 1.198053359985351562e-03 1.043807743934864877e+06 7.609962022679821192e-02
2.370000000000000000e+02 1.602172851562500000e-03 1.054238102421974298e+06 1.188907933337421813e-01
2.380000000000000000e+02 1.151323318481445312e-03 9.942722507538114442e+05 -1.342710554772598430e-01
2.390000000000000000e+02 1.139879226684570312e-03 9.247045599152250215e+05 -4.281490932195600174e-01
2.400000000000000000e+02 1.133441925048828125e-03 9.080984525515977293e+05 -4.948294252570425433e-01
2.410000000000000000e+02 1.168012619018554688e-03 1.348216169402683387e+06 1.402371016276842575e+00
2.420000000000000000e+02 2.219438552856445312e-03 1.781916437241942855e+06 3.218938472673557261e+00
2.420000000000000000e+02 3.343820571899414062e-03 1.312232424498487264e+06 0.000000000000000000e+00
2.430000000000000000e+02 1.174211502075195312e-03 1.309705026658426970e+06 0.000000000000000000e+00
2.440000000000000000e+02 1.187324523925781250e-03 7.687529052727851085e+05 -3.033986001947526461e+02
2.450000000000000000e+02 1.140594482421875000e-03 6.875955857039868133e+05 -1.413937449520979994e+00
2.460000000000000000e+02 1.144409179687500000e-03 7.580298907130532898e+05 -7.735504014122474015e-01
2.470000000000000000e+02 1.137971878051757812e-03 7.967611484414678998e+05 -5.407526024797160158e-01
2.480000000000000000e+02 1.133918762207031250e-03 9.352291486244976986e+05 -1.245183035218563709e-02
2.490000000000000000e+02 1.126050949096679688e-03 1.036746421991542098e+06 3.711399948760025769e-01
2.500000000000000000e+02 1.179933547973632812e-03 1.061846523642825196e+06 4.485238626212056379e-01
2.510000000000000000e+02 1.136779785156250000e-03 1.040612374464550521e+06 3.304718790141007445e-01
2.520000000000000000e+02 1.131534576416015625e-03 1.000595123737756745e+06 1.339436396214593872e-01
2.530000000000000000e+02 1.116514205932617188e-03 1.041720943294136552e+06 3.226237280829558074e-01
2.540000000000000000e+02 1.173019409179687500e-03 1.202895865479070460e+06 1.103915522851040221e+00
2.550000000000000000e+02 1.153469085693359375e-03 1.222372316680532414e+06 1.109334982448123563e+00
2.560000000000000000e+02 1.150369644165039062e-03 1.178427133227938320e+06 8.099636728062465929e-01
2.570000000000000000e+02 1.140356063842773438e-03 1.189713875318278791e+06 8.225328933728385250e-01
2.580000000000000000e+02 1.157522201538085938e-03 1.292108134821743472e+06 1.293916281660543177e+00
2.590000000000000000e+02 1.141309738159179688e-03 1.358258167609560769e+06 1.522212350181287199e+00
2.600000000000000000e+02 1.140356063842773438e-03 1.343063852027070941e+06 1.317548692698143009e+00
2.610000000000000000e+02 1.144886016845703125e-03 1.289648191520163789e+06 9.765741509249663554e-01
2.620000000000000000e+02 1.163721084594726562e-03 1.239473105388899799e+06 6.947605021944779358e-01
2.630000000000000000e+02 1.173019409179687500e-03 1.259400858775566798e+06 7.655358603852111532e-01
2.640000000000000000e+02 1.146316528320312500e-03 1.238003643366933102e+06 6.357207739372638944e-01
2.650000000000000000e+02 1.136541366577148438e-03 1.266076013055387186e+06 7.535388845084659559e-01
2.660000000000000000e+02 1.136064529418945312e-03 1.233581385039772606e+06 5.694637379646434461e-01
2.670000000000000000e+02 1.146316528320312500e-03 1.133422571726758033e+06 5.448046165160730370e-02
2.680000000000000000e+02 1.145839691162109375e-03 1.022190755591847235e+06 -5.134824360945597910e-01
2.690000000000000000e+02 1.136064529418945312e-03 1.041451765080638230e+06 -4.021033137703544091e-01
2.700000000000000000e+02 1.139402389526367188e-03 1.003856557241437840e+06 -5.914931100453073576e-01
2.710000000000000000e+02 1.146554946899414062e-03 9.489338866378095699e+05 -8.700374225377208726e-01
2.720000000000000000e+02 1.160144805908203125e-03 8.662794624463719083e+05 -1.286536441644143824e+00
2.730000000000000000e+02 1.220464706420898438e-03 8.312340670407565776e+05 -1.418113380408099866e+00
2.740000000000000000e+02 1.998901367187500000e-03 8.547992906040790258e+05 -1.230467182591826969e+00
2.750000000000000000e+02 1.168251037597656250e-03 9.044599436702375533e+05 -9.276551586406440730e-01
2.760000000000000000e+02 1.160383224487304688e-03 1.005057333676912123e+06 -3.809393199950544262e-01
2.770000000000000000e+02 1.229286193847656250e-03 1.247871215173862409e+06 9.006032201825353578e-01
2.780000000000000000e+02 1.513957977294921875e-03 1.176325825615566457e+06 5.012978755236511264e-01
2.790000000000000000e+02 1.191616058349609375e-03 1.170280622598692542e+06 4.607597718410055276e-01
2.800000000000000000e+02 1.213788986206054688e-03 1.146033246568996925e+06 3.230037527117518570e-01
2.810000000000000000e+02 1.170158386230468750e-03 1.178566982923474396e+06 4.957392246352714249e-01
2.820000000000000000e+02 1.189708709716796875e-03 1.203134055391149363e+06 6.232829185226022028e-01
2.830000000000000000e+02 1.184701919555664062e-03 1.229004770442815498e+06 7.563017693357411142e-01
2.840000000000000000e+02 1.800537109375000000e-03 1.161991488238701364e+06 3.687180977637595780e-01
2.850000000000000000e+02 1.307487487792968750e-03 1.057622972973671043e+06 -2.240142963767312589e-01
2.860000000000000000e+02 1.283407211303710938e-03 1.017214533448533854e+06 -4.515752963803116860e-01
2.870000000000000000e+02 1.202583312988281250e-03 1.010689117712456034e+06 -4.831285590132854413e-01
2.880000000000000000e+02 1.193761825561523438e-03 9.838978055407041684e+05 -6.320958247987540357e-01
2.890000000000000000e+02 2.042293548583984375e-03 1.017347653227821691e+06 -4.275078648063682651e-01
2.900000000000000000e+02 6.704807281494140625e-03 1.003101937980800751e+06 -5.062067112355405074e-01
2.910000000000000000e+02 1.199960708618164062e-03 9.775154045023225481e+05 -6.516725450760760818e-01
2.920000000000000000e+02 1.199007034301757812e-03 9.512614887844595360e+05 -7.992583057266416935e-01
2.930000000000000000e+02 1.213312149047851562e-03 9.125711333911560941e+05 -1.018446659620708239e+00
2.940000000000000000e+02 1.207590103149414062e-03 8.769652921114591882e+05 -1.212081959414962773e+00
2.950000000000000000e+02 1.204967498779296875e-03 9.315740686220707139e+05 -8.583002600154409079e-01
2.960000000000000000e+02 1.266002655029296875e-03 9.476613028846897651e+05 -7.483576414901880192e-01
2.970000000000000000e+02 1.206874847412109375e-03 1.013273153122879565e+06 -3.435979332590007318e-01
2.980000000000000000e+02 1.198053359985351562e-03 9.840965859836096643e+05 -5.169437892988448802e-01
2.990000000000000000e+02 1.202583312988281250e-03 9.622397091157461982e+05 -6.445299813438402081e-01
