4.603145301920133084e+07
1.000000000000000000e+00 1.116514205932617188e-03 1.592994938220289187e+05 0.000000000000000000e+00
2.000000000000000000e+00 1.103878021240234375e-03 1.779485459442320280e+05 1.107409597106955301e+00
3.000000000000000000e+00 1.101016998291015625e-03 2.137209232880406489e+05 1.579906857977802614e+00
4.000000000000000000e+00 1.102924346923828125e-03 1.545584100204788265e+05 -1.295707724004971362e-01
5.000000000000000000e+00 1.098871231079101562e-03 1.645434429267517698e+05 1.085766576829111929e-01
6.000000000000000000e+00 1.103639602661132812e-03 2.096795739925188827e+05 1.251931550717252817e+00
7.000000000000000000e+00 1.100063323974609375e-03 2.639373246217882843e+05 2.389141852863611248e+00
8.000000000000000000e+00 1.108169555664062500e-03 2.351815500126723491e+05 1.099059616454143296e+00
9.000000000000000000e+00 1.098394393920898438e-03 1.638005990605640691e+05 -4.335011731730738505e-01
1.000000000000000000e+01 1.115560531616210938e-03 1.553698658851674991e+05 -5.838098566461552563e-01
1.100000000000000000e+01 1.097917556762695312e-03 2.148883955131873954e+05 7.252328913556770340e-01
1.200000000000000000e+01 1.109361648559570312e-03 2.704367018482767162e+05 1.900288270143410951e+00
1.300000000000000000e+01 1.101016998291015625e-03 2.855853248720614938e+05 1.909240015966544135e+00
1.400000000000000000e+01 1.325607299804687500e-03 3.649420659203262185e+05 3.094732982083073569e+00
1.400000000000000000e+01 2.382993698120117188e-03 2.104519961250023916e+05 0.000000000000000000e+00
1.500000000000000000e+01 1.097440719604492188e-03 2.407093336122891342e+05 0.000000000000000000e+00
1.600000000000000000e+01 1.097917556762695312e-03 1.924341775909492862e+05 -1.549251049364197330e+00
1.700000000000000000e+01 1.107215881347656250e-03 2.131858362861979404e+05 -5.517566189170068636e-02
1.800000000000000000e+01 1.105070114135742188e-03 2.684210096138934023e+05 2.720855523054258818e+00
1.900000000000000000e+01 1.096963882446289062e-03 3.010521025801746873e+05 2.553692883707141092e+00
2.000000000000000000e+01 1.326560974121093750e-03 3.754689691610789741e+05 3.369286754313978616e+00
2.000000000000000000e+01 2.389669418334960938e-03 3.170401143020599266e+05 0.000000000000000000e+00
2.100000000000000000e+01 1.106500625610351562e-03 2.543566441331174283e+05 0.000000000000000000e+00
2.200000000000000000e+01 1.113891601562500000e-03 3.434232602454593289e+05 1.302341899961299232e+00
2.300000000000000000e+01 1.109361648559570312e-03 3.580584173837867565e+05 1.161068571783572034e+00
2.400000000000000000e+01 1.110553741455078125e-03 2.371598624133218837e+05 -1.768556526851477795e+00
2.500000000000000000e+01 1.111030578613281250e-03 2.297211102766555850e+05 -1.344719415062781032e+00
2.600000000000000000e+01 1.106023788452148438e-03 2.092790284258419415e+05 -1.430133222575335372e+00
2.700000000000000000e+01 1.114606857299804688e-03 1.442330171848269238e+05 -2.242259657729500866e+00
2.800000000000000000e+01 1.114130020141601562e-03 2.350672373939797690e+05 -3.645220206911365390e-01
2.900000000000000000e+01 1.116275787353515625e-03 2.270429307621121407e+05 -4.601188383558295070e-01
3.000000000000000000e+01 1.111745834350585938e-03 2.279170767824334616e+05 -4.207712958103195788e-01
3.100000000000000000e+01 1.117944717407226562e-03 2.827351891788814100e+05 4.728342797753402049e-01
3.200000000000000000e+01 1.114606857299804688e-03 3.033486948856562958e+05 7.906250755347108417e-01
3.300000000000000000e+01 1.115322113037109375e-03 2.864207315188428038e+05 4.582317589797786916e-01
3.400000000000000000e+01 1.105546951293945312e-03 3.389876828917740495e+05 1.352408630392994970e+00
3.500000000000000000e+01 1.123905181884765625e-03 3.159330526112284861e+05 8.408177586033226403e-01
3.600000000000000000e+01 1.106023788452148438e-03 2.278793108231326623e+05 -7.120563436633094989e-01
3.700000000000000000e+01 1.118898391723632812e-03 1.972993040843818453e+05 -1.214349039578443978e+00
3.800000000000000000e+01 1.116991043090820312e-03 2.109386798043721064e+05 -8.988528538610686125e-01
3.900000000000000000e+01 1.112461090087890625e-03 2.834015521656184574e+05 3.996239707902360383e-01
4.000000000000000000e+01 1.109600067138671875e-03 2.684716415093715768e+05 1.234914641457230122e-01
4.100000000000000000e+01 1.115798950195312500e-03 2.662595425889301696e+05 8.036367114179315818e-02
4.200000000000000000e+01 1.112699508666992188e-03 2.546430470956020872e+05 -1.379948781729238849e-01
4.300000000000000000e+01 1.113176345825195312e-03 2.807244877823304269e+05 3.624698923657417304e-01
4.400000000000000000e+01 1.108884811401367188e-03 2.718151193943761755e+05 1.808881737862013117e-01
4.500000000000000000e+01 2.451896667480468750e-03 3.102817225386232021e+05 9.409529381624478495e-01
4.600000000000000000e+01 1.114606857299804688e-03 2.942405961281201453e+05 5.880452286064196121e-01
4.700000000000000000e+01 1.110553741455078125e-03 3.311781207733414485e+05 1.318811615930640224e+00
4.800000000000000000e+01 1.129150390625000000e-03 2.866615053785991622e+05 3.690794708285851655e-01
4.900000000000000000e+01 1.104831695556640625e-03 2.432566078795671347e+05 -5.165494131622967444e-01
5.000000000000000000e+01 1.123189926147460938e-03 2.525363703288954275e+05 -3.155625830367146945e-01
5.100000000000000000e+01 1.105308532714843750e-03 2.850448170612201211e+05 3.667716255402403425e-01
5.200000000000000000e+01 1.107692718505859375e-03 2.774827404832594329e+05 2.006946983243822480e-01
5.300000000000000000e+01 1.108884811401367188e-03 2.583267893495571916e+05 -2.131747024842390037e-01
5.400000000000000000e+01 1.110076904296875000e-03 2.694587976608197205e+05 3.227917909934638341e-02
5.500000000000000000e+01 1.104831695556640625e-03 3.012272863668407081e+05 7.335385110892664873e-01
5.600000000000000000e+01 1.108407974243164062e-03 2.936265397442437243e+05 5.490282276553271057e-01
5.700000000000000000e+01 1.103878021240234375e-03 2.773576081499296706e+05 1.740810998152187428e-01
5.800000000000000000e+01 1.117706298828125000e-03 3.177052350580292405e+05 1.090174859015910602e+00
5.900000000000000000e+01 1.138687133789062500e-03 4.011984041207931004e+05 2.956582675977126762e+00
6.000000000000000000e+01 1.121044158935546875e-03 3.682852957584278774e+05 1.954813602962405028e+00
6.100000000000000000e+01 1.111507415771484375e-03 3.202351054522269988e+05 8.783430632041168140e-01
6.200000000000000000e+01 1.112222671508789062e-03 3.150886591760301962e+05 7.561491924030765421e-01
6.300000000000000000e+01 1.106739044189453125e-03 3.280279573587076738e+05 1.005023585851707590e+00
6.400000000000000000e+01 1.122713088989257812e-03 3.290381088576092152e+05 1.002828973981256144e+00
6.500000000000000000e+01 1.109123229980468750e-03 3.621818187252092757e+05 1.653464115983561689e+00
6.600000000000000000e+01 1.126766204833984375e-03 3.854112337491001235e+05 2.051202768153000289e+00
6.700000000000000000e+01 1.104593276977539062e-03 4.194630123219008092e+05 2.599558827494420132e+00
6.800000000000000000e+01 1.105785369873046875e-03 4.423193508996895980e+05 2.822345349151167859e+00
6.900000000000000000e+01 1.114845275878906250e-03 3.831414120063636219e+05 1.577899352551259238e+00
7.000000000000000000e+01 1.106500625610351562e-03 3.804063045134613058e+05 1.478119558057272132e+00
7.100000000000000000e+01 1.122236251831054688e-03 3.319906380562827690e+05 6.279233744510746007e-01
7.200000000000000000e+01 1.124858856201171875e-03 3.506705681775638368e+05 9.320351321203406147e-01
7.300000000000000000e+01 1.112222671508789062e-03 3.187574695843702648e+05 3.811956550939692989e-01
7.400000000000000000e+01 1.116275787353515625e-03 3.737201880168616190e+05 1.305382559157027389e+00
7.500000000000000000e+01 1.119613647460937500e-03 4.011785271550673642e+05 1.734574749384774739e+00
7.600000000000000000e+01 1.110792160034179688e-03 4.471512283526835381e+05 2.432318612231950894e+00
7.700000000000000000e+01 1.115083694458007812e-03 4.541141637419992476e+05 2.403345569805224180e+00
7.800000000000000000e+01 1.108407974243164062e-03 4.488131501366074081e+05 2.189946507419100907e+00
7.900000000000000000e+01 1.114606857299804688e-03 4.429763038263711496e+05 2.000941943500138542e+00
8.000000000000000000e+01 1.331329345703125000e-03 5.218652875639385893e+05 3.056049100535101815e+00
8.000000000000000000e+01 2.394199371337890625e-03 2.671119026424557087e+05 0.000000000000000000e+00
8.100000000000000000e+01 1.117467880249023438e-03 4.066831200631777756e+05 0.000000000000000000e+00
8.200000000000000000e+01 1.102685928344726562e-03 4.423218125832602382e+05 1.068217927442568049e+00
8.300000000000000000e+01 1.104116439819335938e-03 6.454776540019963868e+05 2.952896265945995413e+00
8.400000000000000000e+01 1.111507415771484375e-03 6.148725551625983790e+05 1.116755593173887728e+00
8.500000000000000000e+01 1.109361648559570312e-03 5.886860567133288132e+05 7.259999540415196240e-01
8.600000000000000000e+01 1.120328903198242188e-03 5.594021838974279817e+05 4.430952361257714522e-01
8.700000000000000000e+01 1.119136810302734375e-03 4.738788898699329002e+05 -2.169213783421199970e-01
8.800000000000000000e+01 1.110076904296875000e-03 4.648950849487532396e+05 -2.751144239403840452e-01
8.900000000000000000e+01 1.945495605468750000e-03 4.229263201642353088e+05 -6.120830450097938247e-01
9.000000000000000000e+01 1.118898391723632812e-03 4.930726099553586100e+05 3.874149428800157530e-02
9.100000000000000000e+01 1.125335693359375000e-03 4.528518579209842137e+05 -3.321959064260099348e-01
9.200000000000000000e+01 1.112699508666992188e-03 4.027157578166367603e+05 -7.981818068667774213e-01
9.300000000000000000e+01 1.106977462768554688e-03 5.169450110987240332e+05 3.640762794198212915e-01
9.400000000000000000e+01 1.116275787353515625e-03 4.568181904697258724e+05 -2.570415983126085879e-01
9.500000000000000000e+01 1.122236251831054688e-03 4.516325018829202745e+05 -3.025836088133539992e-01
9.600000000000000000e+01 1.112461090087890625e-03 4.332589912621797994e+05 -4.909408537267296313e-01
9.700000000000000000e+01 1.113176345825195312e-03 4.178490638874387369e+05 -6.440536857898288003e-01
9.800000000000000000e+01 1.128196716308593750e-03 4.064958285251747002e+05 -7.473100541442306843e-01
9.900000000000000000e+01 1.117944717407226562e-03 4.187893926494168118e+05 -5.771335236471936136e-01
1.000000000000000000e+02 1.108884811401367188e-03 3.821469864833732718e+05 -9.843001201571285330e-01
1.010000000000000000e+02 1.120805740356445312e-03 4.003115965191451833e+05 -7.277131379561652125e-01
1.020000000000000000e+02 1.127004623413085938e-03 5.149073536470408435e+05 6.475348896313437574e-01
1.030000000000000000e+02 1.127958297729492188e-03 5.755194768033195287e+05 1.352220646920643476e+00
1.040000000000000000e+02 1.110792160034179688e-03 5.433105535406419076e+05 8.964817218388823061e-01
1.050000000000000000e+02 1.116037368774414062e-03 5.662143925827896455e+05 1.135340089196426483e+00
1.060000000000000000e+02 1.118659973144531250e-03 5.749719378348498140e+05 1.189455020412724773e+00
1.070000000000000000e+02 1.126766204833984375e-03 5.457411075597709278e+05 7.961729126787726596e-01
1.080000000000000000e+02 1.110792160034179688e-03 7.037142647964536445e+05 2.631401169443836618e+00
1.090000000000000000e+02 1.120090484619140625e-03 7.191163693639020203e+05 2.481517017829024230e+00
1.100000000000000000e+02 1.113414764404296875e-03 6.735618659797252622e+05 1.765478775946657253e+00
1.110000000000000000e+02 1.125097274780273438e-03 5.321225782261721324e+05 2.969630687416840442e-01
1.120000000000000000e+02 1.115322113037109375e-03 5.121523713433357188e+05 9.754978458449924117e-02
1.130000000000000000e+02 1.121520996093750000e-03 5.096318288221925613e+05 7.115853427925108998e-02
1.140000000000000000e+02 1.111507415771484375e-03 5.001693437852856587e+05 -2.492069541834570842e-02
1.150000000000000000e+02 8.702278137207031250e-04 4.425961162004495272e+05 -6.115942904855460327e-01
1.160000000000000000e+02 8.740425109863281250e-04 3.862664226533095352e+05 -1.179721737748734123e+00
1.170000000000000000e+02 2.283334732055664062e-03 3.911007762975362130e+05 -1.092730179681651537e+00
1.180000000000000000e+02 3.148794174194335938e-03 4.017797117891227244e+05 -9.525325649464005950e-01
1.190000000000000000e+02 3.069639205932617188e-03 4.757721252540127607e+05 -1.723624987501378714e-01
1.200000000000000000e+02 1.110553741455078125e-03 6.267325949978684075e+05 1.394192946655330445e+00
1.210000000000000000e+02 1.114368438720703125e-03 6.494442810051230481e+05 1.577963260611549012e+00
1.220000000000000000e+02 1.121044158935546875e-03 5.647078737549772486e+05 6.605340673582531519e-01
1.230000000000000000e+02 1.118183135986328125e-03 5.358094943738554139e+05 3.564833584245577502e-01
1.240000000000000000e+02 1.109838485717773438e-03 5.267680717046363279e+05 2.593205311258833246e-01
1.250000000000000000e+02 1.119136810302734375e-03 5.581501106369575718e+05 5.813921666621679751e-01
1.260000000000000000e+02 1.115560531616210938e-03 5.341281674114769557e+05 3.223064986317714098e-01
1.270000000000000000e+02 1.130104064941406250e-03 5.065089024355434231e+05 2.744759403388680533e-02
1.280000000000000000e+02 1.115322113037109375e-03 5.431595133803377394e+05 4.176639708094280201e-01
1.290000000000000000e+02 1.123428344726562500e-03 6.114651884379107505e+05 1.146858495098547870e+00
1.300000000000000000e+02 1.118898391723632812e-03 6.227047996850507334e+05 1.241068594257004554e+00
1.310000000000000000e+02 1.121282577514648438e-03 6.931798409152110107e+05 1.961982718978499740e+00
1.320000000000000000e+02 1.340389251708984375e-03 8.062053505330686457e+05 3.047512441002190098e+00
1.320000000000000000e+02 2.440214157104492188e-03 4.792328472226719605e+05 0.000000000000000000e+00
1.330000000000000000e+02 1.140832901000976562e-03 8.718778012189361034e+05 0.000000000000000000e+00
1.340000000000000000e+02 1.122951507568359375e-03 7.274963283378130291e+05 1.870791199986993614e-01
1.350000000000000000e+02 1.128196716308593750e-03 6.226604721834929660e+05 -3.535179187980690418e-01
1.360000000000000000e+02 1.113176345825195312e-03 6.151268220580355264e+05 -3.627825695314232934e-01
1.370000000000000000e+02 1.120090484619140625e-03 5.419479517175098881e+05 -8.299887267930446955e-01
1.380000000000000000e+02 1.115798950195312500e-03 4.728497722531682812e+05 -1.217341884398428720e+00
1.390000000000000000e+02 1.114606857299804688e-03 8.017705968575102743e+05 1.280525994460882666e+00
1.400000000000000000e+02 1.119136810302734375e-03 7.517276218141363934e+05 7.474805171594753883e-01
1.410000000000000000e+02 1.118898391723632812e-03 5.712021439201614121e+05 -5.796292933468806252e-01
1.420000000000000000e+02 1.116514205932617188e-03 5.147813463356210850e+05 -9.551010549195813049e-01
1.430000000000000000e+02 1.112699508666992188e-03 5.203155759837326477e+05 -8.350232602729378284e-01
1.440000000000000000e+02 1.224517822265625000e-03 6.202056467411041958e+05 -3.027960298700185793e-02
1.450000000000000000e+02 1.116752624511718750e-03 5.494941815757515142e+05 -5.822421813114467826e-01
1.460000000000000000e+02 1.122236251831054688e-03 6.519055473179273540e+05 2.674730137447080547e-01
1.470000000000000000e+02 1.115560531616210938e-03 7.518309361492588650e+05 1.089569756082990004e+00
1.480000000000000000e+02 1.111030578613281250e-03 7.866328122053126572e+05 1.306040794416692075e+00
1.490000000000000000e+02 1.111984252929687500e-03 7.764498607632303610e+05 1.123768388039724231e+00
1.500000000000000000e+02 1.117229461669921875e-03 7.820983361850950168e+05 1.101060311882927856e+00
1.510000000000000000e+02 1.139640808105468750e-03 7.634530143181954045e+05 8.886372366061878747e-01
1.520000000000000000e+02 1.120090484619140625e-03 7.778158480573643465e+05 9.662768454433032783e-01
1.530000000000000000e+02 1.116514205932617188e-03 8.756495096210980555e+05 1.718349805878188974e+00
1.540000000000000000e+02 1.124143600463867188e-03 1.005625791192364763e+06 2.587430750289869685e+00
1.550000000000000000e+02 1.152753829956054688e-03 8.770903690081074601e+05 1.319149271357966891e+00
1.560000000000000000e+02 1.117229461669921875e-03 7.457655843793620588e+05 3.413852378676147103e-01
1.570000000000000000e+02 1.108646392822265625e-03 6.959684848337369040e+05 -1.566988048449890689e-02
1.580000000000000000e+02 1.115560531616210938e-03 7.203455509196649073e+05 1.593078375334955055e-01
1.590000000000000000e+02 1.119136810302734375e-03 7.280398889074197505e+05 2.125711761468897787e-01
1.600000000000000000e+02 1.118421554565429688e-03 8.161425078643602319e+05 8.639497316726421072e-01
1.610000000000000000e+02 1.116037368774414062e-03 8.370899878387964563e+05 9.949249788093520452e-01
1.620000000000000000e+02 1.113891601562500000e-03 8.183737451544879004e+05 8.224757321033676627e-01
1.630000000000000000e+02 1.122713088989257812e-03 6.699431774982025381e+05 -3.161685060467800956e-01
1.640000000000000000e+02 1.114606857299804688e-03 8.653235838807171676e+05 1.181009318247852713e+00
1.650000000000000000e+02 1.113176345825195312e-03 1.001658650053079473e+06 2.174286636743572476e+00
1.660000000000000000e+02 1.114368438720703125e-03 9.014130547804436646e+05 1.281213499435844616e+00
1.670000000000000000e+02 1.112937927246093750e-03 9.559056422397907590e+05 1.623470631481920945e+00
1.680000000000000000e+02 1.107692718505859375e-03 9.429361623158844886e+05 1.453556261817660955e+00
1.690000000000000000e+02 1.117229461669921875e-03 9.927162146783227799e+05 1.737207394207432198e+00
1.700000000000000000e+02 1.112461090087890625e-03 9.536917776952529093e+05 1.386563743261628900e+00
1.710000000000000000e+02 1.110792160034179688e-03 1.084731069819363533e+06 2.206527168979308229e+00
1.720000000000000000e+02 1.108884811401367188e-03 9.866078061788235791e+05 1.432099885647993398e+00
1.730000000000000000e+02 1.111745834350585938e-03 9.222542633221629076e+05 9.765609533015381372e-01
1.740000000000000000e+02 1.110553741455078125e-03 9.201611570811765268e+05 9.409797540482376377e-01
1.750000000000000000e+02 9.801387786865234375e-04 8.543902343091381481e+05 5.072288272208239635e-01
1.760000000000000000e+02 8.633136749267578125e-04 9.012164187756734900e+05 7.969564242348228245e-01
1.770000000000000000e+02 3.057241439819335938e-03 9.099164077234133147e+05 8.380220317226942939e-01
1.780000000000000000e+02 1.146554946899414062e-03 8.960072377861120040e+05 7.337924080815330097e-01
1.790000000000000000e+02 1.118421554565429688e-03 9.958085046127195237e+05 1.362921540311428537e+00
1.800000000000000000e+02 1.122951507568359375e-03 1.055605177357316483e+06 1.703821310431753888e+00
1.810000000000000000e+02 1.347541809082031250e-03 1.298223526937797200e+06 3.153975798709578449e+00
1.810000000000000000e+02 2.431154251098632812e-03 1.004536182302801521e+06 0.000000000000000000e+00
1.820000000000000000e+02 1.123666763305664062e-03 1.322646625626092078e+06 0.000000000000000000e+00
1.830000000000000000e+02 1.128673553466796875e-03 1.437914169114769669e+06 1.219548062900304153e+00
1.840000000000000000e+02 1.128673553466796875e-03 1.308383182823967421e+06 2.376839539339252461e-01
1.850000000000000000e+02 1.128911972045898438e-03 1.276744301632632734e+06 4.521664955105288153e-02
1.860000000000000000e+02 1.117467880249023438e-03 1.286615587469226681e+06 1.032865067793372477e-01
1.870000000000000000e+02 1.120805740356445312e-03 1.274783616751930444e+06 1.376162439766534691e-02
1.880000000000000000e+02 1.119613647460937500e-03 1.351449296741901431e+06 5.975233856008366207e-01
1.890000000000000000e+02 1.116752624511718750e-03 1.416539377220209222e+06 1.073240375323003537e+00
1.900000000000000000e+02 1.118421554565429688e-03 1.320835729170636507e+06 1.852232360264400857e-01
1.910000000000000000e+02 1.110792160034179688e-03 1.167217516469128663e+06 -1.127434462905718249e+00
1.920000000000000000e+02 1.120805740356445312e-03 1.149709058334941510e+06 -1.164529381987937207e+00
1.930000000000000000e+02 1.117944717407226562e-03 1.078527954787416616e+06 -1.648901424866696441e+00
1.940000000000000000e+02 1.126766204833984375e-03 1.141087587839691667e+06 -9.432883388147286219e-01
1.950000000000000000e+02 1.119852066040039062e-03 1.368359298805749277e+06 9.147284400315902619e-01
1.960000000000000000e+02 1.117944717407226562e-03 1.423038938276350033e+06 1.296162041866391057e+00
1.970000000000000000e+02 1.118659973144531250e-03 1.346397673409824492e+06 5.932525840147514495e-01
1.980000000000000000e+02 1.120805740356445312e-03 1.397120229921199381e+06 9.755594422345117422e-01
1.990000000000000000e+02 1.120567321777343750e-03 1.376628482112036785e+06 7.599442615593395844e-01
2.000000000000000000e+02 1.123428344726562500e-03 1.455659670208037831e+06 1.370460920289642059e+00
2.010000000000000000e+02 1.271724700927734375e-03 1.304893597479432588e+06 7.700461330039601315e-02
2.020000000000000000e+02 1.128673553466796875e-03 1.131963353547608247e+06 -1.335395460331717299e+00
2.030000000000000000e+02 1.120567321777343750e-03 9.726876340214143274e+05 -2.531954982843726221e+00
2.040000000000000000e+02 1.123666763305664062e-03 1.152292133897968102e+06 -8.830897527771108813e-01
2.050000000000000000e+02 1.146316528320312500e-03 1.099921938163489103e+06 -1.231478263826969455e+00
2.060000000000000000e+02 1.123905181884765625e-03 9.265069540119508747e+05 -2.419301596538510513e+00
2.070000000000000000e+02 1.129388809204101562e-03 9.029194936911634868e+05 -2.292809469215606910e+00
2.080000000000000000e+02 1.140356063842773438e-03 9.633049895835374482e+05 -1.682017810931693891e+00
2.090000000000000000e+02 1.136302947998046875e-03 1.120334955347761977e+06 -6.363806494044152995e-01
2.100000000000000000e+02 1.146316528320312500e-03 1.155975906533932546e+06 -4.064319918772547058e-01
2.110000000000000000e+02 1.151800155639648438e-03 1.247316327825882472e+06 1.599312479020221223e-01
2.120000000000000000e+02 1.145601272583007812e-03 1.222694721633833135e+06 4.257151142990755338e-03
2.130000000000000000e+02 1.142501831054687500e-03 1.131658958324220730e+06 -5.712121763500839222e-01
2.140000000000000000e+02 1.140594482421875000e-03 1.180730302869666368e+06 -2.463862548857215506e-01
2.150000000000000000e+02 1.136302947998046875e-03 1.225261580636546249e+06 4.604340398974374193e-02
2.160000000000000000e+02 1.147031784057617188e-03 1.194200555460704723e+06 -1.589710836508838321e-01
2.170000000000000000e+02 1.134395599365234375e-03 1.079674003816811135e+06 -9.210229152160664956e-01
2.180000000000000000e+02 1.133203506469726562e-03 1.003827793040914112e+06 -1.405687306315314133e+00
2.190000000000000000e+02 1.137256622314453125e-03 9.680545570883969776e+05 -1.588292570265917636e+00
2.200000000000000000e+02 1.138925552368164062e-03 9.751988368394875433e+05 -1.472380649895556948e+00
2.210000000000000000e+02 1.129627227783203125e-03 1.074232338063608157e+06 -7.823156661777603826e-01
2.220000000000000000e+02 1.133918762207031250e-03 1.140035203683604021e+06 -3.442516579346585059e-01
2.230000000000000000e+02 1.129150390625000000e-03 1.178078783450196963e+06 -9.258694614330852113e-02
2.240000000000000000e+02 1.127719879150390625e-03 1.231872664754610043e+06 2.621541786782982664e-01
2.250000000000000000e+02 1.127481460571289062e-03 1.247083394981634803e+06 3.601287491727336310e-01
2.260000000000000000e+02 1.130580902099609375e-03 1.178819901579911588e+06 -1.026537927687966728e-01
2.270000000000000000e+02 1.139402389526367188e-03 1.172538721678449074e+06 -1.441889328312970786e-01
2.280000000000000000e+02 1.160621643066406250e-03 1.220627555057370337e+06 1.873672427458083212e-01
2.290000000000000000e+02 1.130342483520507812e-03 1.171206329530179733e+06 -1.573198916509750966e-01
2.300000000000000000e+02 1.116514205932617188e-03 1.100332606671948917e+06 -6.522269010051851001e-01
2.310000000000000000e+02 1.114368438720703125e-03 1.029111750283731148e+06 -1.144974332072612011e+00
2.320000000000000000e+02 1.112699508666992188e-03 1.230904185594462557e+06 2.988293853788069332e-01
2.330000000000000000e+02 1.105308532714843750e-03 1.281858997378956294e+06 6.570892547578980336e-01
2.340000000000000000e+02 1.113176345825195312e-03 1.282184093915035715e+06 6.506126055404782837e-01
2.350000000000000000e+02 1.097202301025390625e-03 1.203490321589757456e+06 7.781401651949934606e-02
2.360000000000000000e+02 1.113176345825195312e-03 1.217054928373467177e+06 1.752898349931679700e-01
2.370000000000000000e+02 1.098632812500000000e-03 1.291194632014907431e+06 7.150988672739465590e-01
2.380000000000000000e+02 1.111268997192382812e-03 1.290869855350326980e+06 7.033133342010907674e-01
2.390000000000000000e+02 1.102685928344726562e-03 1.201397901887104847e+06 3.505945462167431997e-02
2.400000000000000000e+02 1.106977462768554688e-03 1.200831786714317044e+06 3.055812281074491571e-02
2.410000000000000000e+02 1.331567764282226562e-03 1.641764354778132401e+06 3.335718576716701467e+00
2.410000000000000000e+02 2.472400665283203125e-03 1.259130014187849360e+06 0.000000000000000000e+00
2.420000000000000000e+02 1.105546951293945312e-03 2.382817285290260334e+06 0.000000000000000000e+00
2.430000000000000000e+02 1.101732254028320312e-03 1.732129899465112248e+06 -1.118140605492782130e-01
2.440000000000000000e+02 1.110553741455078125e-03 1.012858817513884977e+06 -1.379878619874779666e+00
2.450000000000000000e+02 1.105308532714843750e-03 1.038972000286447699e+06 -9.248433710794627949e-01
2.460000000000000000e+02 1.112699508666992188e-03 1.013628956347806612e+06 -8.147114609166448140e-01
2.470000000000000000e+02 1.114368438720703125e-03 1.072302765949307010e+06 -6.052332808837957989e-01
2.480000000000000000e+02 1.120805740356445312e-03 1.213095468105101725e+06 -2.803784022630211314e-01
2.490000000000000000e+02 1.118183135986328125e-03 1.209578504347722279e+06 -2.707485383677869506e-01
2.500000000000000000e+02 1.143217086791992188e-03 1.130172608397319214e+06 -4.306768787481369265e-01
2.510000000000000000e+02 3.534317016601562500e-03 1.042098046321438625e+06 -6.101778047104370328e-01
2.520000000000000000e+02 1.147508621215820312e-03 9.104474205544273136e+05 -8.884516164373624791e-01
2.530000000000000000e+02 1.124858856201171875e-03 9.105824970230504405e+05 -8.245174439776227215e-01
2.540000000000000000e+02 1.128435134887695312e-03 1.011827247590008308e+06 -5.243864032800810149e-01
2.550000000000000000e+02 1.119613647460937500e-03 1.005298567145199399e+06 -5.180294754007479519e-01
2.560000000000000000e+02 1.128435134887695312e-03 1.006278164028942352e+06 -4.944324285336131330e-01
2.570000000000000000e+02 1.116752624511718750e-03 9.507890224385665497e+05 -6.241375644057990391e-01
2.580000000000000000e+02 1.125812530517578125e-03 1.072710311226466438e+06 -2.670982167349667535e-01
2.590000000000000000e+02 1.123666763305664062e-03 1.179878769336674595e+06 4.097918853452168358e-02
2.600000000000000000e+02 1.167535781860351562e-03 1.235533770740647102e+06 2.004960232323830527e-01
2.610000000000000000e+02 1.127958297729492188e-03 1.184244495303189615e+06 4.363395881718322433e-02
2.620000000000000000e+02 1.135349273681640625e-03 1.224813476743018255e+06 1.658584379718876234e-01
2.630000000000000000e+02 1.121520996093750000e-03 1.197716667569718789e+06 7.784132965783750746e-02
2.640000000000000000e+02 1.131057739257812500e-03 1.184617601389106596e+06 3.450244937012757890e-02
2.650000000000000000e+02 1.159667968750000000e-03 1.190699556141626090e+06 5.360138206629973950e-02
2.660000000000000000e+02 1.140594482421875000e-03 1.130305484499996994e+06 -1.482127223087942314e-01
2.670000000000000000e+02 1.174926757812500000e-03 9.656155461245081387e+05 -7.039250646317795068e-01
2.680000000000000000e+02 1.580238342285156250e-03 7.988263767860395601e+05 -1.256206153534040748e+00
2.690000000000000000e+02 5.216598510742187500e-03 8.032844996739543276e+05 -1.184677355276257060e+00
2.700000000000000000e+02 5.389213562011718750e-03 7.464383892278776038e+05 -1.328335023492650979e+00
2.710000000000000000e+02 5.223035812377929688e-03 7.462371696631078376e+05 -1.269384560551711116e+00
2.720000000000000000e+02 5.400180816650390625e-03 7.133445908103815746e+05 -1.325727321142654791e+00
2.730000000000000000e+02 5.278587341308593750e-03 6.288247853179709055e+05 -1.545894702277589516e+00
2.740000000000000000e+02 5.456924438476562500e-03 6.569579097451433772e+05 -1.379109854106605582e+00
2.750000000000000000e+02 5.288362503051757812e-03 6.725445177867066814e+05 -1.272474954178479445e+00
2.760000000000000000e+02 5.434274673461914062e-03 7.365894157999691088e+05 -1.025199361634986595e+00
2.770000000000000000e+02 5.317449569702148438e-03 9.032430981036893791e+05 -4.744958468858505030e-01
2.780000000000000000e+02 5.471229553222656250e-03 8.539933901204032591e+05 -6.226996659114824029e-01
2.790000000000000000e+02 5.318403244018554688e-03 8.221340309289622819e+05 -7.132126043901683143e-01
2.800000000000000000e+02 5.715608596801757812e-03 7.976790798660620349e+05 -7.781973095460756884e-01
2.810000000000000000e+02 5.090236663818359375e-03 8.219677966590513242e+05 -6.842651173379126206e-01
2.820000000000000000e+02 5.509614944458007812e-03 8.196446386310358066e+05 -6.797144199708806678e-01
2.830000000000000000e+02 5.422830581665039062e-03 8.212141945755215129e+05 -6.628765859864044208e-01
2.840000000000000000e+02 5.605220794677734375e-03 8.028145912582002347e+05 -7.125937636555924604e-01
2.850000000000000000e+02 5.397081375122070312e-03 7.957212484044298762e+05 -7.240482284513247713e-01
2.860000000000000000e+02 4.481554031372070312e-03 8.206032676968334708e+05 -6.288973553077327194e-01
2.870000000000000000e+02 1.322507858276367188e-03 8.534966333805964096e+05 -5.089610934688184596e-01
2.880000000000000000e+02 1.245737075805664062e-03 8.297538784703008132e+05 -5.826380426736553764e-01
2.890000000000000000e+02 1.175880432128906250e-03 8.416186406457967823e+05 -5.341220068633092399e-01
2.900000000000000000e+02 1.173019409179687500e-03 8.355737360295769759e+05 -5.479703969191207502e-01
2.910000000000000000e+02 1.160860061645507812e-03 8.225317691666302271e+05 -5.860734613929714509e-01
2.920000000000000000e+02 1.173496246337890625e-03 8.284573905393916648e+05 -5.577783879033938463e-01
2.930000000000000000e+02 1.179218292236328125e-03 8.265317648720691213e+05 -5.575747657827154757e-01
2.940000000000000000e+02 5.997419357299804688e-03 8.006799566444591619e+05 -6.420816694937062641e-01
2.950000000000000000e+02 1.244306564331054688e-03 9.161469912619933020e+05 -2.235050611011598909e-01
2.960000000000000000e+02 1.247644424438476562e-03 9.411921705202673329e+05 -1.316195591073157367e-01
2.970000000000000000e+02 1.234292984008789062e-03 1.048646937085019657e+06 2.582438633184517829e-01
2.980000000000000000e+02 1.229047775268554688e-03 1.047681461522469064e+06 2.523351979123641398e-01
2.990000000000000000e+02 1.220464706420898438e-03 1.044063995846480131e+06 2.367438005483483987e-01
