2.487431544301710278e+07
1.000000000000000000e+00 1.176381111145019531e-02 1.445664622559191193e+05 0.000000000000000000e+00
2.000000000000000000e+00 1.180911064147949219e-02 1.469829012088077143e+05 7.704715930172857385e-01
3.000000000000000000e+00 1.177430152893066406e-02 8.959857411894871620e+04 -1.186400757618891300e+00
4.000000000000000000e+00 1.200294494628906250e-02 1.339697482124715752e+05 4.983829440853047021e-01
5.000000000000000000e+00 1.189637184143066406e-02 1.248690378738300060e+05 1.293312236657750136e-01
6.000000000000000000e+00 1.186227798461914062e-02 1.309602453128905763e+05 3.567366667722867701e-01
7.000000000000000000e+00 1.214790344238281250e-02 1.405149651565185050e+05 7.332990123409720562e-01
8.000000000000000000e+00 1.724982261657714844e-02 1.339392333164505253e+05 3.796588294179650824e-01
9.000000000000000000e+00 1.403808593750000000e-02 1.345587688235491223e+05 3.862354762164547650e-01
1.000000000000000000e+01 5.679178237915039062e-02 1.479754187130447826e+05 1.019798724475368346e+00
1.100000000000000000e+01 5.894875526428222656e-02 1.634783862237175927e+05 1.687578027262516711e+00
1.200000000000000000e+01 1.461505889892578125e-02 1.682982061208663508e+05 1.664869229115464755e+00
1.300000000000000000e+01 1.187324523925781250e-02 1.517383704669617000e+05 7.344115998870146544e-01
1.400000000000000000e+01 1.189684867858886719e-02 1.590049978352217586e+05 1.013761967538707731e+00
1.500000000000000000e+01 1.272201538085937500e-02 1.407369985331456701e+05 1.461320566595429027e-01
1.600000000000000000e+01 1.206350326538085938e-02 1.558409432997628755e+05 8.270915618577344697e-01
1.700000000000000000e+01 1.190304756164550781e-02 1.929413057463744481e+05 2.489844322491430617e+00
1.800000000000000000e+01 1.400828361511230469e-02 2.174033505414004321e+05 3.064042895593869442e+00
1.800000000000000000e+01 2.583765983581542969e-02 1.448812122660925379e+05 0.000000000000000000e+00
1.900000000000000000e+01 1.199269294738769531e-02 2.449908234804318927e+05 0.000000000000000000e+00
2.000000000000000000e+01 1.186704635620117188e-02 3.397009957419712446e+05 2.045044352636988805e+00
2.100000000000000000e+01 1.192450523376464844e-02 2.349359312923338730e+05 -8.473495287956266109e-02
2.200000000000000000e+01 1.195764541625976562e-02 3.163969832965696114e+05 9.449819735044709956e-01
2.300000000000000000e+01 1.210045814514160156e-02 3.271014530204311595e+05 9.239735093075939210e-01
2.400000000000000000e+01 1.197195053100585938e-02 2.581056532364702434e+05 -1.328124034019295407e-01
2.500000000000000000e+01 1.207756996154785156e-02 3.052032779315387015e+05 5.668867127537291495e-01
2.600000000000000000e+01 1.429820060729980469e-02 3.205526116412343690e+05 7.615150885940227266e-01
2.700000000000000000e+01 1.200962066650390625e-02 2.569497521767770522e+05 -3.185784226810736697e-01
2.800000000000000000e+01 1.214528083801269531e-02 3.180800607971121208e+05 7.284568157417703471e-01
2.900000000000000000e+01 1.137232780456542969e-02 3.125737603811550653e+05 5.847131693784323181e-01
3.000000000000000000e+01 1.199293136596679688e-02 3.003940597936055274e+05 3.357143207419183706e-01
3.100000000000000000e+01 1.206374168395996094e-02 3.186554568907885696e+05 6.616645813981690827e-01
3.200000000000000000e+01 1.200032234191894531e-02 3.129020860943451989e+05 5.194314813328875235e-01
3.300000000000000000e+01 1.200079917907714844e-02 3.151109888664408354e+05 5.415094097946021590e-01
3.400000000000000000e+01 1.205563545227050781e-02 3.425942364939565305e+05 1.071491178276788192e+00
3.500000000000000000e+01 1.201891899108886719e-02 3.288567373435579939e+05 7.311604585557913705e-01
3.600000000000000000e+01 1.206707954406738281e-02 2.642882049634288414e+05 -6.098832796074524776e-01
3.700000000000000000e+01 1.205015182495117188e-02 2.103012959430568735e+05 -1.704633911548897984e+00
3.800000000000000000e+01 1.200222969055175781e-02 2.056578426851839467e+05 -1.641060420390759278e+00
3.900000000000000000e+01 1.207804679870605469e-02 2.741377207960962551e+05 -2.007629740334778423e-01
4.000000000000000000e+01 1.213693618774414062e-02 2.854037194392689271e+05 2.349719599414310314e-02
4.100000000000000000e+01 1.209688186645507812e-02 2.762336852776626474e+05 -1.600100891543204118e-01
4.200000000000000000e+01 1.438999176025390625e-02 2.649502350835327525e+05 -3.868284070788055584e-01
4.300000000000000000e+01 1.208710670471191406e-02 2.886170739101473591e+05 1.133718617932370359e-01
4.400000000000000000e+01 1.158905029296875000e-02 2.701046457186753978e+05 -2.810801134754672970e-01
4.500000000000000000e+01 1.211929321289062500e-02 3.108874102332976763e+05 6.044248477689837529e-01
4.600000000000000000e+01 1.219511032104492188e-02 2.960334590891703847e+05 2.655145730990047248e-01
4.700000000000000000e+01 1.217365264892578125e-02 3.355559405198820750e+05 1.138727709013319656e+00
4.800000000000000000e+01 1.236438751220703125e-02 3.039657834860868170e+05 3.972615181660471562e-01
4.900000000000000000e+01 1.222848892211914062e-02 2.958916223408092046e+05 2.088277291630729338e-01
5.000000000000000000e+01 1.214027404785156250e-02 2.831752670495123020e+05 -8.433681143366962563e-02
5.100000000000000000e+01 1.219129562377929688e-02 2.928657206616027397e+05 1.412987880539752772e-01
5.200000000000000000e+01 1.214623451232910156e-02 2.785880929809393710e+05 -1.963908114968645757e-01
5.300000000000000000e+01 1.216530799865722656e-02 2.701324504857361317e+05 -3.951765933929782260e-01
5.400000000000000000e+01 1.219511032104492188e-02 3.017405555488935788e+05 3.741049987776609020e-01
5.500000000000000000e+01 1.220226287841796875e-02 3.164639395534546347e+05 7.282187834136142346e-01
5.600000000000000000e+01 1.222825050354003906e-02 2.929313744634541799e+05 1.349029899433325796e-01
5.700000000000000000e+01 1.222062110900878906e-02 2.647681698862116900e+05 -5.686867737206651174e-01
5.800000000000000000e+01 1.404500007629394531e-02 3.186439620671957964e+05 7.951954329566092161e-01
5.900000000000000000e+01 1.243853569030761719e-02 4.093447138769920566e+05 3.071027560837768622e+00
5.900000000000000000e+01 2.465224266052246094e-02 1.758255755436558102e+05 0.000000000000000000e+00
6.000000000000000000e+01 1.224946975708007812e-02 1.264261576807386155e+05 0.000000000000000000e+00
6.100000000000000000e+01 1.223587989807128906e-02 1.341621252193984692e+05 -4.856404019346704515e-01
6.200000000000000000e+01 1.224541664123535156e-02 1.679530711154699675e+05 8.461140605219067412e-01
6.300000000000000000e+01 1.226162910461425781e-02 1.827623544886374148e+05 1.296166975366495722e+00
6.400000000000000000e+01 1.227951049804687500e-02 2.273722997464581567e+05 2.746965001950947283e+00
6.500000000000000000e+01 1.228642463684082031e-02 2.695991129756700248e+05 2.751923203393107809e+00
6.600000000000000000e+01 1.227855682373046875e-02 3.190308450119941263e+05 2.682358357260731463e+00
6.700000000000000000e+01 1.226449012756347656e-02 3.618743015383639140e+05 2.410434471563120518e+00
6.800000000000000000e+01 1.230430603027343750e-02 3.988679713395424769e+05 2.185363312660670854e+00
6.900000000000000000e+01 1.222896575927734375e-02 3.374112601056790445e+05 1.046137165099789268e+00
7.000000000000000000e+01 1.223754882812500000e-02 3.438216686345874914e+05 1.017674721557061401e+00
7.100000000000000000e+01 1.234841346740722656e-02 2.969188057738126954e+05 4.480821938145310712e-01
7.200000000000000000e+01 1.225972175598144531e-02 3.444168744603883824e+05 9.391749138031445510e-01
7.300000000000000000e+01 1.236319541931152344e-02 3.155301854212767794e+05 5.654115751552868385e-01
7.400000000000000000e+01 1.241588592529296875e-02 3.585828222931842902e+05 1.019816115388475053e+00
7.500000000000000000e+01 1.231503486633300781e-02 3.673806161724620615e+05 1.054708065857522525e+00
7.600000000000000000e+01 1.238441467285156250e-02 4.084939599502446945e+05 1.447732586969415314e+00
7.700000000000000000e+01 1.245784759521484375e-02 4.368543546566841542e+05 1.635751482920358990e+00
7.800000000000000000e+01 1.246762275695800781e-02 4.355844993417205987e+05 1.474374272560158294e+00
7.900000000000000000e+01 1.234650611877441406e-02 4.198257737330812379e+05 1.204038384061666411e+00
8.000000000000000000e+01 1.280999183654785156e-02 4.672255735771437176e+05 1.609511728347970072e+00
8.100000000000000000e+01 1.758646965026855469e-02 3.722910304338195710e+05 5.682778997898099149e-01
8.200000000000000000e+01 2.890992164611816406e-02 4.081105234859529883e+05 9.038243925042016569e-01
8.300000000000000000e+01 2.900314331054687500e-02 5.964641012289224891e+05 2.727453365885081915e+00
8.400000000000000000e+01 4.140520095825195312e-02 5.839091942467691842e+05 2.225964249010318419e+00
8.500000000000000000e+01 2.199006080627441406e-02 5.916722054832504364e+05 2.059065023834171893e+00
8.600000000000000000e+01 1.578831672668457031e-02 5.999839713108465075e+05 1.939235915607386618e+00
8.700000000000000000e+01 1.252269744873046875e-02 5.238943147948055412e+05 1.221814213336495758e+00
8.800000000000000000e+01 1.247882843017578125e-02 5.222189564029489993e+05 1.158186291087500708e+00
8.900000000000000000e+01 1.243615150451660156e-02 4.700958918308091233e+05 7.329361987506997078e-01
9.000000000000000000e+01 1.252222061157226562e-02 5.351880859387228265e+05 1.194641654286226817e+00
9.100000000000000000e+01 1.241111755371093750e-02 4.693743249684619368e+05 6.682780143835994613e-01
9.200000000000000000e+01 1.248717308044433594e-02 4.163669314904803177e+05 2.621859927086247488e-01
9.300000000000000000e+01 1.240062713623046875e-02 5.200984726128281327e+05 1.035672512030607395e+00
9.400000000000000000e+01 1.247262954711914062e-02 4.626053436788872350e+05 5.747866213785640666e-01
9.500000000000000000e+01 1.265287399291992188e-02 4.503605064372602501e+05 4.716920117052864070e-01
9.600000000000000000e+01 1.245594024658203125e-02 4.271078580797976465e+05 2.861778299823783400e-01
9.700000000000000000e+01 1.249456405639648438e-02 4.107532586369656492e+05 1.555081005933298677e-01
9.800000000000000000e+01 1.557779312133789062e-02 3.946534635318884975e+05 2.717567983684892122e-02
9.900000000000000000e+01 1.582551002502441406e-02 4.112623476556792157e+05 1.588695701342694167e-01
1.000000000000000000e+02 1.257085800170898438e-02 3.728364111286191619e+05 -1.523290319345169674e-01
1.010000000000000000e+02 1.160907745361328125e-02 3.894669391309834318e+05 -1.504140325256790069e-02
1.020000000000000000e+02 1.651763916015625000e-02 5.052535768545860774e+05 9.397106424985703921e-01
1.030000000000000000e+02 1.258611679077148438e-02 5.633902717323554680e+05 1.399882236433118932e+00
1.040000000000000000e+02 1.252460479736328125e-02 5.277015167097344529e+05 1.063064898967693406e+00
1.050000000000000000e+02 1.260900497436523438e-02 5.469950065124090761e+05 1.196235168993174280e+00
1.060000000000000000e+02 1.261091232299804688e-02 5.510844315464310348e+05 1.198957908319573828e+00
1.070000000000000000e+02 1.260209083557128906e-02 5.216702723347976571e+05 9.308755681096613221e-01
1.080000000000000000e+02 1.255702972412109375e-02 6.734066308653906453e+05 2.143248171042827721e+00
1.090000000000000000e+02 9.280824661254882812e-02 6.826166536220804555e+05 2.101252484647332164e+00
1.100000000000000000e+02 4.511427879333496094e-02 6.351747656249387655e+05 1.634999323051814724e+00
1.110000000000000000e+02 1.325154304504394531e-02 5.042782582064006128e+05 6.015562226338714291e-01
1.120000000000000000e+02 1.283359527587890625e-02 4.847708546778117889e+05 4.473732404800239704e-01
1.130000000000000000e+02 1.259946823120117188e-02 4.846599129751535365e+05 4.416158084233061665e-01
1.140000000000000000e+02 1.261162757873535156e-02 4.706225759687841637e+05 3.298166137312178448e-01
1.150000000000000000e+02 1.253676414489746094e-02 4.192634936119520571e+05 -6.830872503452242728e-02
1.160000000000000000e+02 1.291370391845703125e-02 3.729174413434560411e+05 -4.272782244803925988e-01
1.170000000000000000e+02 1.251339912414550781e-02 3.781944709877119749e+05 -3.817286178909974903e-01
1.180000000000000000e+02 1.261663436889648438e-02 3.942656022661376628e+05 -2.515324850171868909e-01
1.190000000000000000e+02 1.256465911865234375e-02 4.703692439946006052e+05 3.546574228469678847e-01
1.200000000000000000e+02 1.259732246398925781e-02 6.224052325922489399e+05 1.566942619636543910e+00
1.210000000000000000e+02 1.540040969848632812e-02 6.410856790976743214e+05 1.671731250291784487e+00
1.220000000000000000e+02 1.266813278198242188e-02 5.594920117441939656e+05 9.864696174237314041e-01
1.230000000000000000e+02 1.268553733825683594e-02 5.308255680892320815e+05 7.478645582418022020e-01
1.240000000000000000e+02 1.270794868469238281e-02 5.179900274983058334e+05 6.385238672030587592e-01
1.250000000000000000e+02 1.295518875122070312e-02 5.468741837801474612e+05 8.588202666374277205e-01
1.260000000000000000e+02 1.273512840270996094e-02 5.242988944965041010e+05 6.699288079754035508e-01
1.270000000000000000e+02 1.271438598632812500e-02 4.995807659259217326e+05 4.673153785071808008e-01
1.280000000000000000e+02 1.165318489074707031e-02 5.403630594312672038e+05 7.876992443421240164e-01
1.290000000000000000e+02 1.540637016296386719e-02 6.147869049210479716e+05 1.372452302286945702e+00
1.300000000000000000e+02 1.268482208251953125e-02 6.291742172811045311e+05 1.459010120226367002e+00
1.310000000000000000e+02 1.259279251098632812e-02 7.014304825818532845e+05 1.996371916099131116e+00
1.320000000000000000e+02 1.268339157104492188e-02 8.056125534988071304e+05 2.733817657263589496e+00
1.330000000000000000e+02 1.294922828674316406e-02 8.997205820581363514e+05 3.282563650780016662e+00
1.330000000000000000e+02 2.562594413757324219e-02 3.566260806226806599e+05 0.000000000000000000e+00
1.340000000000000000e+02 1.554703712463378906e-02 2.490002177202609892e+05 0.000000000000000000e+00
1.350000000000000000e+02 1.273083686828613281e-02 2.610322073277810996e+05 -5.490053506715173448e-01
1.360000000000000000e+02 1.264476776123046875e-02 2.756450948573560454e+05 -2.245309808786448702e-01
1.370000000000000000e+02 1.269793510437011719e-02 2.604773141268232721e+05 -5.163938274814966478e-01
1.380000000000000000e+02 1.269149780273437500e-02 2.466544339387795189e+05 -7.782268636843243659e-01
1.390000000000000000e+02 3.260684013366699219e-01 6.732944468893111916e+05 9.634809937521767509e+00
1.390000000000000000e+02 3.089904785156250000e-04 3.975313038226665958e+04 0.000000000000000000e+00
1.400000000000000000e+02 2.430751323699951172e-01 2.845901805798258283e+05 8.002946329882881571e+00
1.400000000000000000e+02 2.963542938232421875e-04 6.796763930156573770e+04 0.000000000000000000e+00
1.410000000000000000e+02 1.203107833862304688e-02 3.300761380088594742e+05 4.746626752803745575e+00
1.410000000000000000e+02 4.521203041076660156e-02 3.294937691549999872e+05 0.000000000000000000e+00
1.420000000000000000e+02 1.180863380432128906e-02 1.486735914553248731e+05 0.000000000000000000e+00
1.430000000000000000e+02 1.179242134094238281e-02 2.214786917939790001e+05 -1.376904604047564928e-01
1.440000000000000000e+02 1.185727119445800781e-02 1.734744691696129739e+05 -6.566400735435232727e-01
1.450000000000000000e+02 1.188158988952636719e-02 1.730117964557991654e+05 -5.653931870914616908e-01
1.460000000000000000e+02 1.186585426330566406e-02 2.226684504406565975e+05 1.860908242839045823e-01
1.470000000000000000e+02 1.214194297790527344e-02 1.997057456281185441e+05 -1.813850840808751141e-01
1.480000000000000000e+02 1.658010482788085938e-02 2.282725273881484463e+05 3.114332863710554400e-01
1.490000000000000000e+02 1.185703277587890625e-02 3.558468425253868918e+05 2.597493976493044698e+00
1.500000000000000000e+02 1.186203956604003906e-02 2.888244686909986194e+05 8.612873196631188888e-01
1.510000000000000000e+02 1.999306678771972656e-02 2.966837212520677131e+05 9.034128732322606048e-01
1.520000000000000000e+02 1.184725761413574219e-02 2.793152342707628268e+05 5.778897896339333373e-01
1.530000000000000000e+02 1.958417892456054688e-02 2.160299154106743226e+05 -4.096243563997719606e-01
1.540000000000000000e+02 1.728963851928710938e-02 1.961069878017750452e+05 -7.046221077677887745e-01
1.550000000000000000e+02 1.243972778320312500e-02 1.855863796930147219e+05 -8.368140836135857796e-01
1.560000000000000000e+02 1.240015029907226562e-02 2.419430063711363182e+05 1.232439066796843508e-01
1.570000000000000000e+02 1.231002807617187500e-02 2.496667627469736617e+05 2.491479392097664669e-01
1.580000000000000000e+02 1.256251335144042969e-02 3.636097022803596919e+05 2.212660111040773536e+00
1.590000000000000000e+02 1.258516311645507812e-02 4.367566332871115883e+05 3.046019669476823122e+00
1.590000000000000000e+02 2.483415603637695312e-02 1.998218147520683124e+05 0.000000000000000000e+00
1.600000000000000000e+02 1.249027252197265625e-02 2.143821410122241650e+05 0.000000000000000000e+00
1.610000000000000000e+02 1.251816749572753906e-02 2.290468510294353764e+05 2.131458916163136763e+00
1.620000000000000000e+02 1.233506202697753906e-02 2.323596129048366565e+05 1.227895081943272348e+00
1.630000000000000000e+02 1.244306564331054688e-02 2.170836704486468807e+05 -1.218496811104587962e-01
1.640000000000000000e+02 4.147229194641113281e-01 3.750260072666818160e+05 1.208084879813874046e+01
1.640000000000000000e+02 3.168582916259765625e-04 5.312550711330230115e+04 0.000000000000000000e+00
1.650000000000000000e+02 3.443293571472167969e-01 2.863210852305258159e+05 5.500614653932422549e+00
1.650000000000000000e+02 2.975463867187500000e-04 6.458896410715289676e+04 0.000000000000000000e+00
1.660000000000000000e+02 1.169347763061523438e-02 1.783404092746915121e+05 1.783548375143125808e+00
1.670000000000000000e+02 1.162028312683105469e-02 1.293518108137640083e+05 9.318251807822117150e-02
1.680000000000000000e+02 1.177549362182617188e-02 2.015062275743607024e+05 1.631949696875589328e+00
1.690000000000000000e+02 1.170158386230468750e-02 1.877817691467028926e+05 8.930365555086202667e-01
1.700000000000000000e+02 1.181483268737792969e-02 2.738954610954661621e+05 2.457746021981199291e+00
1.710000000000000000e+02 1.177597045898437500e-02 1.523488128184790839e+05 -2.110473175145869684e-01
1.720000000000000000e+02 1.185846328735351562e-02 1.451847201085143315e+05 -3.148534149971294882e-01
1.730000000000000000e+02 1.170897483825683594e-02 2.242243764378879860e+05 1.062721184976618272e+00
1.740000000000000000e+02 1.195406913757324219e-02 2.508086155964509526e+05 1.412599143670131729e+00
1.750000000000000000e+02 1.178789138793945312e-02 1.852161012496766634e+05 1.505413388214071890e-01
1.760000000000000000e+02 1.194643974304199219e-02 2.217597405874706456e+05 7.775424569367690442e-01
1.770000000000000000e+02 1.187372207641601562e-02 2.523339878762013686e+05 1.270920542522689933e+00
1.780000000000000000e+02 1.191568374633789062e-02 3.064563213797186036e+05 2.095424438272353918e+00
1.790000000000000000e+02 1.181626319885253906e-02 3.151286173092021490e+05 1.905605517268375682e+00
1.800000000000000000e+02 1.188611984252929688e-02 3.055277596427735407e+05 1.518839121627291622e+00
1.810000000000000000e+02 1.441526412963867188e-02 4.836289432796987239e+05 3.881114669183401311e+00
1.810000000000000000e+02 2.627158164978027344e-02 3.972267135464444291e+05 0.000000000000000000e+00
1.820000000000000000e+02 1.180648803710937500e-02 4.126101636928296066e+05 0.000000000000000000e+00
1.830000000000000000e+02 1.190972328186035156e-02 3.601657240807285416e+05 -4.114154838588537366e+00
1.840000000000000000e+02 1.114773750305175781e-02 3.543186801771314349e+05 -1.323593498029796756e+00
1.850000000000000000e+02 1.199579238891601562e-02 3.710560101190445712e+05 -3.537911482928760565e-01
1.860000000000000000e+02 1.187372207641601562e-02 4.375336399181217421e+05 2.343567624770551472e+00
1.870000000000000000e+02 1.200056076049804688e-02 3.870647372340614675e+05 -5.368085444471609041e-02
1.880000000000000000e+02 1.407718658447265625e-02 4.557581073547155829e+05 2.252373562854003364e+00
1.890000000000000000e+02 1.229906082153320312e-02 5.174927056298940443e+05 3.308523613417814868e+00
1.890000000000000000e+02 2.414703369140625000e-02 3.477649203819853137e+05 0.000000000000000000e+00
1.900000000000000000e+02 1.203632354736328125e-02 3.595790786506562727e+05 0.000000000000000000e+00
1.910000000000000000e+02 1.216268539428710938e-02 3.578223360201481846e+05 4.968159422486853050e-01
1.920000000000000000e+02 1.213693618774414062e-02 3.080881630778464605e+05 -7.367895110237887124e+00
1.930000000000000000e+02 1.194238662719726562e-02 3.451522100358600146e+05 7.643728732474526499e-02
1.940000000000000000e+02 2.771685123443603516e-01 4.855245699286650633e+05 6.803953683797928420e+00
1.940000000000000000e+02 3.032684326171875000e-04 7.829292960248711461e+04 0.000000000000000000e+00
1.950000000000000000e+02 2.336239814758300781e-02 2.613865255415009742e+05 2.600132427708599092e+00
1.960000000000000000e+02 2.362704277038574219e-02 1.258531142553015525e+05 -4.307212185093540757e-01
1.970000000000000000e+02 2.350926399230957031e-02 1.249449116319272580e+05 -3.942666841617539220e-01
1.980000000000000000e+02 2.364850044250488281e-02 1.415339803884205176e+05 -1.149183744705843668e-01
1.990000000000000000e+02 1.217007637023925781e-02 1.830683342069015198e+05 5.694747476680862563e-01
2.000000000000000000e+02 1.210880279541015625e-02 1.948788124817154894e+05 7.255095395096879951e-01
2.010000000000000000e+02 1.218295097351074219e-02 2.329644771521171788e+05 1.349145104917429006e+00
2.020000000000000000e+02 1.212930679321289062e-02 1.909812663571033918e+05 4.243588912731173779e-01
2.030000000000000000e+02 1.219987869262695312e-02 2.290758858551071608e+05 1.097638710022655451e+00
2.040000000000000000e+02 1.219344139099121094e-02 2.227146126583159785e+05 8.773625052847235928e-01
2.050000000000000000e+02 5.669450759887695312e-02 2.389720564486503717e+05 1.115145911669066736e+00
2.060000000000000000e+02 5.342864990234375000e-02 2.965874222237449721e+05 2.079468350885337991e+00
2.070000000000000000e+02 2.136468887329101562e-02 3.639497003688520053e+05 2.852459626126034209e+00
2.080000000000000000e+02 2.386593818664550781e-02 3.091237091757097514e+05 1.448335142067169068e+00
2.090000000000000000e+02 2.470231056213378906e-02 2.860314293610618915e+05 1.011222026253971285e+00
2.100000000000000000e+02 2.392959594726562500e-02 2.363226831793053134e+05 2.958586394558447852e-01
2.110000000000000000e+02 2.391743659973144531e-02 2.076236991310981102e+05 -1.027011480027966439e-01
2.120000000000000000e+02 2.607417106628417969e-02 1.984934022749290161e+05 -2.277153763899666394e-01
2.130000000000000000e+02 2.426266670227050781e-02 2.453234312894254399e+05 4.496809147770989834e-01
2.140000000000000000e+02 2.425265312194824219e-02 2.793816681837164215e+05 9.358141936010208051e-01
2.150000000000000000e+02 2.391195297241210938e-02 2.744229439091615495e+05 8.239033819498546851e-01
2.160000000000000000e+02 2.426385879516601562e-02 2.509989439162458002e+05 4.473740460236150795e-01
2.170000000000000000e+02 2.405047416687011719e-02 3.799090628552689450e+05 2.380953909730608942e+00
2.180000000000000000e+02 2.404165267944335938e-02 3.499417180434125476e+05 1.684416555172444818e+00
2.190000000000000000e+02 2.026867866516113281e-02 3.611546111574253882e+05 1.716657485268911376e+00
2.200000000000000000e+02 1.200151443481445312e-02 3.601935436668120674e+05 1.585133736080616806e+00
2.210000000000000000e+02 1.205921173095703125e-02 3.332948136013316107e+05 1.150241827921685722e+00
2.220000000000000000e+02 1.206779479980468750e-02 3.041445640438941773e+05 7.389783583805259459e-01
2.230000000000000000e+02 1.205801963806152344e-02 2.733326656715684221e+05 3.300337381749958721e-01
2.240000000000000000e+02 1.115989685058593750e-02 2.745562093045577058e+05 3.399898829422425828e-01
2.250000000000000000e+02 1.206612586975097656e-02 3.138222003470278578e+05 8.464210404553689227e-01
2.260000000000000000e+02 1.215815544128417969e-02 2.691779645605697879e+05 2.395221044755670714e-01
2.270000000000000000e+02 1.208448410034179688e-02 2.654475525814926368e+05 1.862637609761428892e-01
2.280000000000000000e+02 1.290416717529296875e-02 2.534449973070138658e+05 2.162233474737798589e-02
2.290000000000000000e+02 1.206922531127929688e-02 2.786800385173227405e+05 3.667861117944160587e-01
2.300000000000000000e+02 1.207685470581054688e-02 3.176167671043033479e+05 9.008416321384608016e-01
2.310000000000000000e+02 1.230096817016601562e-02 4.761922390581020154e+05 3.083414272375977649e+00
2.310000000000000000e+02 2.430438995361328125e-02 3.470333230938802008e+05 0.000000000000000000e+00
2.320000000000000000e+02 1.214909553527832031e-02 3.590241286085478496e+05 0.000000000000000000e+00
2.330000000000000000e+02 1.210498809814453125e-02 3.263972719718416920e+05 -3.140953559446153953e+00
2.340000000000000000e+02 1.208925247192382812e-02 3.361277381021628971e+05 -4.861982102469787348e-01
2.350000000000000000e+02 1.210570335388183594e-02 3.197363906065423507e+05 -1.593897751528899231e+00
2.360000000000000000e+02 1.519417762756347656e-02 3.832519747154909419e+05 2.890867464938244424e+00
2.370000000000000000e+02 2.029681205749511719e-02 4.297213254854246625e+05 3.616759283125076774e+00
2.370000000000000000e+02 3.276658058166503906e-02 2.040797704592837254e+05 0.000000000000000000e+00
2.380000000000000000e+02 1.283073425292968750e-02 2.749498100132592372e+05 0.000000000000000000e+00
2.390000000000000000e+02 1.701164245605468750e-02 2.940435057938240934e+05 1.088121998599193008e+00
2.400000000000000000e+02 1.306962966918945312e-02 3.514545282240700908e+05 1.978129569178699754e+00
2.410000000000000000e+02 2.486183643341064453e-01 1.117879102841068991e+06 1.376395855775479582e+01
2.410000000000000000e+02 2.996921539306640625e-04 5.298036422662963014e+04 0.000000000000000000e+00
2.420000000000000000e+02 2.841546535491943359e-01 9.119702017264820170e+05 2.222205000861063340e+01
2.420000000000000000e+02 3.001689910888671875e-04 8.059303756374404475e+04 0.000000000000000000e+00
2.430000000000000000e+02 5.505056381225585938e-01 8.450425254682593513e+05 1.270713924085542779e+01
2.430000000000000000e+02 3.013610839843750000e-04 7.758769487877629581e+04 0.000000000000000000e+00
2.440000000000000000e+02 2.867982387542724609e-01 8.040718997303373180e+05 1.253473288109670669e+01
2.440000000000000000e+02 2.923011779785156250e-04 9.856002236617979361e+04 0.000000000000000000e+00
2.450000000000000000e+02 1.167678833007812500e-02 2.353673483527104545e+05 1.255907950317190380e+00
2.460000000000000000e+02 1.179289817810058594e-02 2.210915590574615344e+05 6.244380023257283252e-01
2.470000000000000000e+02 1.174330711364746094e-02 2.042885195906570298e+05 2.634239657886031649e-01
2.480000000000000000e+02 1.178026199340820312e-02 3.098323440712992451e+05 2.198259152533331928e+00
2.490000000000000000e+02 1.174831390380859375e-02 2.918573928828164353e+05 1.182729981507032013e+00
2.500000000000000000e+02 1.169300079345703125e-02 3.722074006555351662e+05 2.154270519725527411e+00
2.510000000000000000e+02 1.179409027099609375e-02 2.665257322429940687e+05 3.030764328027814036e-01
2.520000000000000000e+02 1.176023483276367188e-02 2.877975990505073569e+05 5.578743504015561960e-01
2.530000000000000000e+02 1.182007789611816406e-02 3.315151674173033680e+05 1.105271606874570045e+00
2.540000000000000000e+02 1.177382469177246094e-02 3.822436437146810931e+05 1.670698756488621095e+00
2.550000000000000000e+02 1.203083992004394531e-02 3.482466436899651890e+05 1.012172742391556746e+00
2.560000000000000000e+02 1.177167892456054688e-02 3.900859494265019894e+05 1.455873696465919354e+00
2.570000000000000000e+02 1.185202598571777344e-02 2.995058811558293528e+05 2.193033102690170599e-01
2.580000000000000000e+02 1.181244850158691406e-02 4.423205649135067943e+05 1.984063512931081963e+00
2.590000000000000000e+02 1.185393333435058594e-02 4.619057080400079722e+05 1.936552611016990610e+00
2.600000000000000000e+02 1.435804367065429688e-02 4.111387723257247126e+05 1.154674800282155189e+00
2.610000000000000000e+02 1.190352439880371094e-02 2.805882760045208270e+05 -2.932890810695870099e-01
2.620000000000000000e+02 1.184201240539550781e-02 2.452165185847318789e+05 -6.678229286224303118e-01
2.630000000000000000e+02 1.242804527282714844e-02 2.812320458791423589e+05 -2.486713272841347966e-01
2.640000000000000000e+02 1.180648803710937500e-02 3.031184818296170561e+05 3.665553187325187694e-03
2.650000000000000000e+02 1.189565658569335938e-02 3.342569810317131341e+05 3.626167285646675342e-01
2.660000000000000000e+02 1.187276840209960938e-02 3.511671224595868262e+05 5.529244468163660997e-01
2.670000000000000000e+02 1.055288314819335938e-02 3.802321866086766822e+05 8.855917274345480594e-01
2.680000000000000000e+02 1.186776161193847656e-02 4.090077514201449230e+05 1.200271795046404799e+00
2.690000000000000000e+02 1.197528839111328125e-02 4.323848036834073137e+05 1.424016067293082388e+00
2.700000000000000000e+02 1.210808753967285156e-02 3.722015462093972601e+05 6.421161056394716349e-01
2.710000000000000000e+02 1.196336746215820312e-02 3.544866487376262085e+05 4.164257923997193855e-01
2.720000000000000000e+02 1.193785667419433594e-02 3.483499248356556636e+05 3.344033413747988237e-01
2.730000000000000000e+02 1.197695732116699219e-02 3.184784416071751039e+05 -3.643073080356705462e-02
2.740000000000000000e+02 1.201057434082031250e-02 3.256538605808042339e+05 5.326119912417505431e-02
2.750000000000000000e+02 1.206874847412109375e-02 3.388023766454296419e+05 2.184435872281720037e-01
2.760000000000000000e+02 1.283216476440429688e-02 4.193070123580960790e+05 1.246894171795980943e+00
2.770000000000000000e+02 2.264237403869628906e-02 5.017220426336643868e+05 2.249266953659042834e+00
2.780000000000000000e+02 3.499865531921386719e-02 4.084485771464103018e+05 9.456584668461974763e-01
2.790000000000000000e+02 1.289677619934082031e-02 3.861848513908641180e+05 6.524434808233463556e-01
2.800000000000000000e+02 1.208662986755371094e-02 3.294521540026752627e+05 -5.021952217813942243e-02
2.810000000000000000e+02 1.212954521179199219e-02 3.249152501669952762e+05 -1.055300976255674900e-01
2.820000000000000000e+02 1.216292381286621094e-02 3.057148856371914735e+05 -3.441552178658288663e-01
2.830000000000000000e+02 1.219940185546875000e-02 3.176610125539830187e+05 -1.883973874628814549e-01
2.840000000000000000e+02 1.207756996154785156e-02 3.483774157929255744e+05 2.070334842299573486e-01
2.850000000000000000e+02 1.219129562377929688e-02 3.652883173857237562e+05 4.235000401093020339e-01
2.860000000000000000e+02 1.211071014404296875e-02 4.640264486859290628e+05 1.709152364324867612e+00
2.870000000000000000e+02 1.225519180297851562e-02 5.233389784007322160e+05 2.394938415919400487e+00
2.880000000000000000e+02 1.212882995605468750e-02 4.962551975462562405e+05 1.897978295517838365e+00
2.890000000000000000e+02 1.869726181030273438e-02 4.151865700413468294e+05 8.456319319928521372e-01
2.900000000000000000e+02 2.493643760681152344e-02 3.438994691997137270e+05 -1.756085080753910441e-02
2.910000000000000000e+02 2.144336700439453125e-02 3.206636668126680306e+05 -2.967426400739753278e-01
2.920000000000000000e+02 1.249146461486816406e-02 3.763955893563339487e+05 3.830361424128967407e-01
2.930000000000000000e+02 1.266765594482421875e-02 3.682876744476871099e+05 2.794053486626997262e-01
2.940000000000000000e+02 1.243376731872558594e-02 3.225826039881132310e+05 -2.884751906059552229e-01
2.950000000000000000e+02 1.288390159606933594e-02 3.178406486041782191e+05 -3.446609481435976563e-01
2.960000000000000000e+02 1.243734359741210938e-02 3.145224116682788590e+05 -3.828153436787657404e-01
2.970000000000000000e+02 1.341795921325683594e-02 3.264809571856887196e+05 -2.271139445906164289e-01
2.980000000000000000e+02 1.272749900817871094e-02 3.857132155532487668e+05 5.330338957907240216e-01
2.990000000000000000e+02 1.271748542785644531e-02 3.655557138862536522e+05 2.673143870563256530e-01
