4.075836778314870596e+07
1.000000000000000000e+00 5.698990821838378906e-02 1.464504079317339929e+05 0.000000000000000000e+00
2.000000000000000000e+00 6.016278266906738281e-02 1.471328297811658122e+05 7.251444772004020933e-01
3.000000000000000000e+00 6.381702423095703125e-02 8.930446497719947365e+04 -1.271772556153815348e+00
4.000000000000000000e+00 7.422375679016113281e-02 1.451438409802020760e+05 8.138539566912916801e-01
5.000000000000000000e+00 1.005594730377197266e-01 1.291496494198317232e+05 1.639081337887912937e-01
6.000000000000000000e+00 7.971477508544921875e-02 1.275207731701730372e+05 9.220138116613373069e-02
7.000000000000000000e+00 8.654522895812988281e-02 1.361655108896798629e+05 4.355754985076688568e-01
8.000000000000000000e+00 8.741354942321777344e-02 1.324122550900375936e+05 2.446094223193674144e-01
9.000000000000000000e+00 9.217905998229980469e-02 1.245839973300998681e+05 -1.271253749644782327e-01
1.000000000000000000e+01 1.459860801696777344e-01 1.355832966209174192e+05 4.128311063485477495e-01
1.100000000000000000e+01 9.889698028564453125e-02 1.375398666949042236e+05 4.915298828351418181e-01
1.200000000000000000e+01 1.042399406433105469e-01 1.638353317626295611e+05 1.851710648250791236e+00
1.300000000000000000e+01 1.112287044525146484e-01 1.522782156829934102e+05 1.013241295679829790e+00
1.400000000000000000e+01 1.164665222167968750e-01 1.563518439957197988e+05 1.140299420706533340e+00
1.500000000000000000e+01 1.415181159973144531e-01 1.391569303523090202e+05 2.278854344862468739e-01
1.600000000000000000e+01 1.217656135559082031e-01 1.517909236698100285e+05 8.496714500721433971e-01
1.700000000000000000e+01 1.257874965667724609e-01 1.864546207209050190e+05 2.550912574934912858e+00
1.800000000000000000e+01 1.345410346984863281e-01 2.087973168474906415e+05 3.095200332905359897e+00
1.800000000000000000e+01 2.724294662475585938e-01 1.414735385470025067e+05 0.000000000000000000e+00
1.900000000000000000e+01 1.600775718688964844e-01 2.651627965696176398e+05 0.000000000000000000e+00
2.000000000000000000e+01 1.630957126617431641e-01 3.361108765212435392e+05 1.518298783596124579e+00
2.100000000000000000e+01 2.057061195373535156e-01 2.282654126584607875e+05 -1.961067755944268243e-01
2.200000000000000000e+01 1.493248939514160156e-01 3.054116903589366702e+05 7.735167317339964876e-01
2.300000000000000000e+01 1.539328098297119141e-01 2.936664384772403864e+05 5.080847108587054350e-01
2.400000000000000000e+01 1.558372974395751953e-01 2.327647414538095763e+05 -4.169145913014212779e-01
2.500000000000000000e+01 1.652252674102783203e-01 2.261394855189657537e+05 -4.888703997472433338e-01
2.600000000000000000e+01 1.823549270629882812e-01 2.093371750771491497e+05 -7.318465533601891115e-01
2.700000000000000000e+01 1.882252693176269531e-01 1.606378463363113697e+05 -1.505416032452959740e+00
2.800000000000000000e+01 2.865741252899169922e-01 2.341699282779097557e+05 -9.269242056975451893e-02
2.900000000000000000e+01 2.719976902008056641e-01 1.885684892034506483e+05 -8.664289080133474874e-01
3.000000000000000000e+01 1.820051670074462891e-01 1.904935879518423462e+05 -7.724258882393850723e-01
3.100000000000000000e+01 2.442042827606201172e-01 2.801548770506269066e+05 8.542794996584275324e-01
3.200000000000000000e+01 2.452454566955566406e-01 3.172468510733452858e+05 1.465596030800369043e+00
3.300000000000000000e+01 1.972270011901855469e-01 3.105598539683893323e+05 1.205960595439738992e+00
3.400000000000000000e+01 2.567727565765380859e-01 3.516830509877332952e+05 1.817980767602985104e+00
3.500000000000000000e+01 2.584862709045410156e-01 1.752418414423106587e+05 -1.218117780642128833e+00
3.600000000000000000e+01 3.402123451232910156e-01 1.212325143295598536e+05 -1.992224981316143673e+00
3.700000000000000000e+01 2.448916435241699219e-01 1.421266053232101840e+05 -1.449394904187187638e+00
3.800000000000000000e+01 2.204756736755371094e-01 2.029677655868094880e+05 -4.678472348858734864e-01
3.900000000000000000e+01 2.269301414489746094e-01 2.841821662794271833e+05 7.362927575108872968e-01
4.000000000000000000e+01 2.993464469909667969e-01 2.263363572525688214e+05 -1.471415330740959426e-01
4.100000000000000000e+01 3.189227581024169922e-01 2.318279609205550223e+05 -6.063727051819278735e-02
4.200000000000000000e+01 2.632489204406738281e-01 2.308905680145915831e+05 -7.395769299804143271e-02
4.300000000000000000e+01 2.425894737243652344e-01 2.501855757858549186e+05 2.332909394045686868e-01
4.400000000000000000e+01 3.148295879364013672e-01 2.545008708997812937e+05 2.984226422610266050e-01
4.500000000000000000e+01 2.584106922149658203e-01 2.983721067761904560e+05 1.014248133434258348e+00
4.600000000000000000e+01 3.535957336425781250e-01 2.873818315509271924e+05 7.973520153612615458e-01
4.700000000000000000e+01 3.437755107879638672e-01 3.105812549760557595e+05 1.159571676711701915e+00
4.800000000000000000e+01 2.663514614105224609e-01 2.501390328880446614e+05 1.189453296499185381e-01
4.900000000000000000e+01 2.673740386962890625e-01 2.639643628278934630e+05 3.487621759379337383e-01
5.000000000000000000e+01 2.827146053314208984e-01 2.646307112745740451e+05 3.541061678477483432e-01
5.100000000000000000e+01 4.021275043487548828e-01 2.823665261940563214e+05 6.539898147174424414e-01
5.200000000000000000e+01 3.713519573211669922e-01 2.658902255621982040e+05 3.538189605219954625e-01
5.300000000000000000e+01 3.131327629089355469e-01 2.443948457097058999e+05 -3.064185825277670333e-02
5.400000000000000000e+01 3.595190048217773438e-01 2.572214540216697205e+05 1.991553125638398092e-01
5.500000000000000000e+01 3.511500358581542969e-01 2.902837644310779287e+05 7.957291330978030208e-01
5.600000000000000000e+01 3.692953586578369141e-01 2.567057082526739396e+05 1.669917051140191733e-01
5.700000000000000000e+01 3.694057464599609375e-01 2.572271970132280258e+05 1.744598226485702397e-01
5.800000000000000000e+01 3.117372989654541016e-01 3.094565242418170674e+05 1.148596564814807097e+00
5.900000000000000000e+01 3.174686431884765625e-01 4.056498224196186638e+05 2.908339933962350354e+00
6.000000000000000000e+01 4.392976760864257812e-01 3.639367876196437282e+05 1.900752196106703762e+00
6.100000000000000000e+01 3.871080875396728516e-01 2.935262151921245386e+05 6.290070095805095907e-01
6.200000000000000000e+01 3.290638923645019531e-01 2.804759656887533492e+05 3.999692020537805037e-01
6.300000000000000000e+01 4.004814624786376953e-01 2.715801686487531988e+05 2.440302795364079902e-01
6.400000000000000000e+01 4.008462429046630859e-01 2.599662756991611968e+05 4.222162728084741939e-02
6.500000000000000000e+01 4.512197971343994141e-01 3.024547005858592456e+05 7.779874803006067152e-01
6.600000000000000000e+01 3.944849967956542969e-01 3.260104259643289843e+05 1.175038863591994831e+00
6.700000000000000000e+01 3.521821498870849609e-01 3.587101132183685550e+05 1.713843963061532305e+00
6.800000000000000000e+01 4.913105964660644531e-01 3.821037124194075004e+05 2.046339070605153854e+00
6.900000000000000000e+01 3.709626197814941406e-01 3.444134327246699249e+05 1.324362889532627596e+00
7.000000000000000000e+01 3.833274841308593750e-01 3.249889259299998521e+05 9.713386349486889948e-01
7.100000000000000000e+01 4.706707000732421875e-01 3.006030420428391662e+05 5.535809302522287645e-01
7.200000000000000000e+01 4.409971237182617188e-01 3.308071467966035125e+05 1.045825888513880031e+00
7.300000000000000000e+01 4.189369678497314453e-01 3.073968806724067545e+05 6.397097313878984393e-01
7.400000000000000000e+01 4.090204238891601562e-01 3.703064769673690316e+05 1.675780811643373003e+00
7.500000000000000000e+01 4.248058795928955078e-01 4.129130414253515773e+05 2.317368316328337396e+00
7.600000000000000000e+01 5.035562515258789062e-01 4.409720993688434828e+05 2.638716324544690295e+00
7.700000000000000000e+01 3.987734317779541016e-01 3.666708418365778052e+05 1.356256187955650283e+00
7.800000000000000000e+01 4.951181411743164062e-01 3.458994047670732834e+05 1.014693218444382428e+00
7.900000000000000000e+01 4.779016971588134766e-01 3.301456556588383391e+05 7.629313900663495795e-01
8.000000000000000000e+01 4.594707489013671875e-01 3.608326684027154115e+05 1.212684154243576451e+00
8.100000000000000000e+01 4.439382553100585938e-01 2.998092312120288843e+05 2.788498067563167648e-01
8.200000000000000000e+01 4.681406021118164062e-01 3.767213383602419635e+05 1.432348951090734124e+00
8.300000000000000000e+01 5.188274383544921875e-01 5.923104491513377288e+05 4.613528291681168625e+00
8.300000000000000000e+01 9.518785476684570312e-01 3.600118466899201740e+05 0.000000000000000000e+00
8.400000000000000000e+01 5.373237133026123047e-01 5.708491594399868045e+05 0.000000000000000000e+00
8.500000000000000000e+01 4.757897853851318359e-01 5.984744409636922646e+05 8.924062772084478956e-01
8.600000000000000000e+01 4.757854938507080078e-01 6.217410774570613867e+05 8.583776151723638836e-01
8.700000000000000000e+01 5.477035045623779297e-01 5.626832668491821969e+05 2.070712114200418397e-01
8.800000000000000000e+01 5.781688690185546875e-01 5.516077379978980171e+05 8.450866500493359190e-02
8.900000000000000000e+01 4.899396896362304688e-01 4.681503067861261079e+05 -8.110796151718678848e-01
9.000000000000000000e+01 5.490062236785888672e-01 5.005727399709934252e+05 -3.629900382280787374e-01
9.100000000000000000e+01 5.769677162170410156e-01 4.461893617668399820e+05 -9.839852113541243117e-01
9.200000000000000000e+01 5.322818756103515625e-01 3.798403565384618123e+05 -1.675210302680500085e+00
9.300000000000000000e+01 6.226708889007568359e-01 4.970743042243883829e+05 -9.875811978848646200e-02
9.400000000000000000e+01 5.424058437347412109e-01 4.427281258876745705e+05 -7.272636133663322733e-01
9.500000000000000000e+01 6.333618164062500000e-01 4.430062687775782542e+05 -6.795231707299531632e-01
9.600000000000000000e+01 7.639544010162353516e-01 4.233584741883000825e+05 -8.829007944457938351e-01
9.700000000000000000e+01 7.337481975555419922e-01 4.021696757181101129e+05 -1.090404262646396116e+00
9.800000000000000000e+01 6.304762363433837891e-01 3.974945594283043174e+05 -1.071266958558520166e+00
9.900000000000000000e+01 6.021299362182617188e-01 4.053849976904006326e+05 -9.049455854505413788e-01
1.000000000000000000e+02 6.068041324615478516e-01 3.694368302423037239e+05 -1.302254410994441836e+00
1.010000000000000000e+02 7.052078247070312500e-01 3.948396296672276221e+05 -9.001010912664434427e-01
1.020000000000000000e+02 6.064310073852539062e-01 5.117612581395485904e+05 5.713833189928625433e-01
1.030000000000000000e+02 7.650129795074462891e-01 5.690801257550156442e+05 1.266897965488386735e+00
1.040000000000000000e+02 6.333909034729003906e-01 5.298343562747215619e+05 7.084307651217881530e-01
1.050000000000000000e+02 7.120018005371093750e-01 5.427452757133819396e+05 8.455143850260642413e-01
1.060000000000000000e+02 6.748771667480468750e-01 5.400391467273541493e+05 7.806925875341376164e-01
1.070000000000000000e+02 7.177066802978515625e-01 5.046491789279417717e+05 3.071552905816625767e-01
1.080000000000000000e+02 6.591050624847412109e-01 6.413078524560959777e+05 2.063787387934548967e+00
1.090000000000000000e+02 7.057867050170898438e-01 6.247066826406852342e+05 1.669861102992165502e+00
1.100000000000000000e+02 6.272711753845214844e-01 5.560208174778043758e+05 7.482059669000373781e-01
1.110000000000000000e+02 6.270532608032226562e-01 4.392349911570876720e+05 -6.615841479054200835e-01
1.120000000000000000e+02 6.987669467926025391e-01 4.162867152162109851e+05 -9.213149177527754086e-01
1.130000000000000000e+02 6.356651782989501953e-01 4.170084946616276866e+05 -8.846698661921996720e-01
1.140000000000000000e+02 7.743980884552001953e-01 3.900797197631132440e+05 -1.185644809468933802e+00
1.150000000000000000e+02 7.061176300048828125e-01 3.458529622427778668e+05 -1.674309244125220086e+00
1.160000000000000000e+02 6.983518600463867188e-01 3.287249926304965047e+05 -1.782509702482516500e+00
1.170000000000000000e+02 7.238078117370605469e-01 3.453190371692699264e+05 -1.489195223283555913e+00
1.180000000000000000e+02 7.647702693939208984e-01 3.807423050807924010e+05 -1.026506444292517140e+00
1.190000000000000000e+02 7.335298061370849609e-01 4.601637248857501545e+05 -1.096668431334450883e-01
1.200000000000000000e+02 6.828150749206542969e-01 6.006402352036728989e+05 1.484422904039961688e+00
1.210000000000000000e+02 8.074004650115966797e-01 5.889312280313668307e+05 1.292751543666481595e+00
1.220000000000000000e+02 7.263259887695312500e-01 5.158185145254774252e+05 4.396259863342112384e-01
1.230000000000000000e+02 7.967333793640136719e-01 4.829009403747039032e+05 6.476501449124175136e-02
1.240000000000000000e+02 7.580733299255371094e-01 4.463108358475652058e+05 -3.507105874413053992e-01
1.250000000000000000e+02 8.168153762817382812e-01 4.455169079522930551e+05 -3.551905687468832618e-01
1.260000000000000000e+02 7.274074554443359375e-01 4.151667241572190542e+05 -7.020250132786386432e-01
1.270000000000000000e+02 8.031396865844726562e-01 4.028824093659391510e+05 -8.333445319136237872e-01
1.280000000000000000e+02 7.331314086914062500e-01 4.326898572650276474e+05 -4.693097528370354654e-01
1.290000000000000000e+02 8.197801113128662109e-01 5.418475559287614888e+05 8.243662419694085530e-01
1.300000000000000000e+02 7.548983097076416016e-01 5.934019094309081556e+05 1.420095197264945819e+00
1.310000000000000000e+02 9.012148380279541016e-01 7.321876027882392518e+05 3.002523496752914856e+00
1.310000000000000000e+02 1.744871377944946289e+00 3.879654684321132954e+05 0.000000000000000000e+00
1.320000000000000000e+02 8.761568069458007812e-01 8.651847029488417320e+05 0.000000000000000000e+00
1.330000000000000000e+02 8.395416736602783203e-01 1.000261046442015446e+06 1.107398268006567488e+00
1.340000000000000000e+02 8.571524620056152344e-01 7.099035830701324157e+05 -1.281794756705982308e-01
1.350000000000000000e+02 8.334746360778808594e-01 5.139904211245968472e+05 -8.609869760605581845e-01
1.360000000000000000e+02 8.502886295318603516e-01 4.333544990064513986e+05 -1.049680533463203780e+00
1.370000000000000000e+02 9.381387233734130859e-01 3.870485297942644102e+05 -1.068960382068570025e+00
1.380000000000000000e+02 8.634026050567626953e-01 3.506269527360384818e+05 -1.065147282340924706e+00
1.390000000000000000e+02 9.679839611053466797e-01 7.039564974719987949e+05 4.974351107858335230e-01
1.400000000000000000e+02 8.998558521270751953e-01 7.117645325969931437e+05 4.987003630512381047e-01
1.410000000000000000e+02 9.279816150665283203e-01 5.433175064840113046e+05 -2.811529445009569028e-01
1.420000000000000000e+02 9.853374958038330078e-01 4.491940556247215718e+05 -7.087474747483516468e-01
1.430000000000000000e+02 8.866028785705566406e-01 4.989198427684933413e+05 -4.276410341457275721e-01
1.440000000000000000e+02 9.935071468353271484e-01 6.175748138987715356e+05 1.809501389322229203e-01
1.450000000000000000e+02 9.613597393035888672e-01 5.533417260798605857e+05 -1.574170255389950868e-01
1.460000000000000000e+02 1.050295352935791016e+00 6.514481944376318716e+05 3.735513956289306936e-01
1.470000000000000000e+02 9.533629417419433594e-01 7.517100833304283442e+05 9.145348381642821600e-01
1.480000000000000000e+02 9.400815963745117188e-01 7.837418939896947704e+05 1.044612866753530156e+00
1.490000000000000000e+02 9.457361698150634766e-01 7.744459257994408254e+05 9.340546072582159853e-01
1.500000000000000000e+02 1.054303169250488281e+00 7.818806511370283552e+05 9.306878508398386263e-01
1.510000000000000000e+02 9.868505001068115234e-01 7.558604583482398884e+05 7.423822908384982711e-01
1.520000000000000000e+02 1.024838685989379883e+00 7.456409864493368659e+05 6.575773833093232490e-01
1.530000000000000000e+02 1.048220157623291016e+00 8.371439720212540124e+05 1.163425508950387766e+00
1.540000000000000000e+02 9.952034950256347656e-01 9.509005780083242571e+05 1.756004290878975915e+00
1.550000000000000000e+02 1.115656852722167969e+00 7.773279830789307598e+05 6.626356962651780425e-01
1.560000000000000000e+02 1.080703973770141602e+00 6.175421367956720060e+05 -2.440757031321672821e-01
1.570000000000000000e+02 1.004658699035644531e+00 5.659725496246609837e+05 -5.314029781879726633e-01
1.580000000000000000e+02 1.082422256469726562e+00 5.810416658326168545e+05 -4.324471274393524300e-01
1.590000000000000000e+02 1.130376338958740234e+00 5.859999036460664356e+05 -3.945455664403211271e-01
1.600000000000000000e+02 1.277321100234985352e+00 7.025425773197821109e+05 3.038080313795814558e-01
1.610000000000000000e+02 1.069912910461425781e+00 6.906128597025393974e+05 2.265685388844278780e-01
1.620000000000000000e+02 1.137806177139282227e+00 7.083983616311734077e+05 3.316519854193996086e-01
1.630000000000000000e+02 1.206792831420898438e+00 5.872694032691130415e+05 -4.261203008829348993e-01
1.640000000000000000e+02 1.095493555068969727e+00 8.334011471387122292e+05 1.129767086836394707e+00
1.650000000000000000e+02 1.150104045867919922e+00 9.645021576404103544e+05 1.914371762380720821e+00
1.660000000000000000e+02 1.188190698623657227e+00 8.513095064849030459e+05 1.109150310606815015e+00
1.670000000000000000e+02 1.107303857803344727e+00 8.903651011688414728e+05 1.310759775085003742e+00
1.680000000000000000e+02 1.120872259140014648e+00 8.732614502930223243e+05 1.161448699296230291e+00
1.690000000000000000e+02 1.184087753295898438e+00 9.137110383780980483e+05 1.366693455215839181e+00
1.700000000000000000e+02 1.171522855758666992e+00 8.700271239602597198e+05 1.060464644258572120e+00
1.710000000000000000e+02 1.102205514907836914e+00 1.028491294095825288e+06 1.963967059852319785e+00
1.720000000000000000e+02 1.180644989013671875e+00 9.139883405629780609e+05 1.202301611018634198e+00
1.730000000000000000e+02 1.217962026596069336e+00 8.532589348683881108e+05 8.243703258440556736e-01
1.740000000000000000e+02 1.249337673187255859e+00 8.627762768157467945e+05 8.624848520910965988e-01
1.750000000000000000e+02 1.293347120285034180e+00 8.117909383162558079e+05 5.551314172445473982e-01
1.760000000000000000e+02 2.090095996856689453e+00 8.645393481338182464e+05 8.500548453002283456e-01
1.770000000000000000e+02 1.752927303314208984e+00 8.705258989849885693e+05 8.687861878608117427e-01
1.780000000000000000e+02 1.927138328552246094e+00 8.008317125231362879e+05 4.500653471067013189e-01
1.790000000000000000e+02 1.788884162902832031e+00 8.536069971382021904e+05 7.520416662004115738e-01
1.800000000000000000e+02 1.505269050598144531e+00 9.107952438562192256e+05 1.074961259929744228e+00
1.810000000000000000e+02 1.389261960983276367e+00 1.204607234820076963e+06 2.769907436927875999e+00
1.820000000000000000e+02 1.565862178802490234e+00 1.368703174442868680e+06 3.456510913438092913e+00
1.820000000000000000e+02 3.009997844696044922e+00 5.256143093985095620e+05 0.000000000000000000e+00
1.830000000000000000e+02 1.479753494262695312e+00 1.155867068202146795e+06 0.000000000000000000e+00
1.840000000000000000e+02 1.333317041397094727e+00 8.899606664062553318e+05 1.104438796938122941e-01
1.850000000000000000e+02 1.416538238525390625e+00 7.819240597441281425e+05 -2.377436223757320721e-01
1.860000000000000000e+02 1.629227161407470703e+00 8.072012458228184842e+05 -1.192807068967570161e-01
1.870000000000000000e+02 1.893141508102416992e+00 8.076581897397579160e+05 -1.079611197646271892e-01
1.880000000000000000e+02 1.764337301254272461e+00 7.926435648242984898e+05 -1.744829717494892907e-01
1.890000000000000000e+02 1.826566457748413086e+00 9.176492330912150210e+05 5.099014667676380341e-01
1.900000000000000000e+02 1.579595804214477539e+00 8.564376921766059240e+05 1.234779686009530308e-01
1.910000000000000000e+02 1.520158767700195312e+00 7.404060719555717660e+05 -5.904421999508655539e-01
1.920000000000000000e+02 1.540002584457397461e+00 6.614079173566912068e+05 -1.054186904543694236e+00
1.930000000000000000e+02 1.356337070465087891e+00 6.031435341577340150e+05 -1.327393099998741111e+00
1.940000000000000000e+02 1.395958900451660156e+00 6.570512130889170803e+05 -8.513931655573147017e-01
1.950000000000000000e+02 1.420603513717651367e+00 9.401623094861406134e+05 9.750334549920189886e-01
1.960000000000000000e+02 1.479142665863037109e+00 8.940136121951777022e+05 6.193408620692218980e-01
1.970000000000000000e+02 1.465183019638061523e+00 8.072821713672792539e+05 3.351052745296975027e-02
1.980000000000000000e+02 1.434167385101318359e+00 8.167034720506118611e+05 9.528619880773289696e-02
1.990000000000000000e+02 1.504024028778076172e+00 8.571955604898578022e+05 3.711392390426765386e-01
2.000000000000000000e+02 1.557001829147338867e+00 9.131254796030187281e+05 7.548261292205830086e-01
2.010000000000000000e+02 1.613749742507934570e+00 8.067168863624308724e+05 -3.683459804738897780e-02
2.020000000000000000e+02 1.546597003936767578e+00 6.979101263688105391e+05 -8.356627437997727892e-01
2.030000000000000000e+02 1.482184648513793945e+00 5.823792013341602869e+05 -1.658952215530066443e+00
2.040000000000000000e+02 1.491918325424194336e+00 6.876036019045375288e+05 -7.741736767697404709e-01
2.050000000000000000e+02 1.507123708724975586e+00 6.787749643259543227e+05 -8.114647772310210616e-01
2.060000000000000000e+02 1.543877363204956055e+00 5.931641197779636132e+05 -1.406317147740969720e+00
2.070000000000000000e+02 1.519332885742187500e+00 5.980975218483363278e+05 -1.290267573518486532e+00
2.080000000000000000e+02 1.541827678680419922e+00 6.466312327045483980e+05 -8.836955883775569065e-01
2.090000000000000000e+02 1.577141046524047852e+00 7.571995325566936517e+05 -7.148131468882941431e-02
2.100000000000000000e+02 1.581473350524902344e+00 7.953277737417479511e+05 2.050926137602148980e-01
2.110000000000000000e+02 1.563727140426635742e+00 8.557950171749411384e+05 6.458203566402901386e-01
2.120000000000000000e+02 1.551670312881469727e+00 8.486129456088538282e+05 5.774919017194551918e-01
2.130000000000000000e+02 1.604485988616943359e+00 8.331722133562023519e+05 4.493183952879350462e-01
2.140000000000000000e+02 1.619280576705932617e+00 9.073633332682624459e+05 1.005594844366008989e+00
2.150000000000000000e+02 1.606515645980834961e+00 9.478990966001839843e+05 1.283969117576155838e+00
2.160000000000000000e+02 1.622145652770996094e+00 8.912340100779903587e+05 8.075715140192499808e-01
2.170000000000000000e+02 1.618936300277709961e+00 8.422483081966834143e+05 4.172271450544102200e-01
2.180000000000000000e+02 1.647579193115234375e+00 7.943965738389776088e+05 4.322097411119872612e-02
2.190000000000000000e+02 1.624506235122680664e+00 7.871913381109574111e+05 -1.344346019070073381e-02
2.200000000000000000e+02 1.718952417373657227e+00 8.197079692511754110e+05 2.433581412853835502e-01
2.210000000000000000e+02 1.638386964797973633e+00 9.025661773607407231e+05 9.023108914820298088e-01
2.220000000000000000e+02 1.773403406143188477e+00 9.254153081931262277e+05 1.065181240734541568e+00
2.230000000000000000e+02 1.785547971725463867e+00 9.349760412372647552e+05 1.114324153388962513e+00
2.240000000000000000e+02 1.845469474792480469e+00 9.572039190536102979e+05 1.262408162779087073e+00
2.250000000000000000e+02 1.795822143554687500e+00 9.703302020854988368e+05 1.329043829567621238e+00
2.260000000000000000e+02 1.790748357772827148e+00 9.143946593603325309e+05 8.481676829677561313e-01
2.270000000000000000e+02 1.756152629852294922e+00 8.848864787672616076e+05 5.993102250949463583e-01
2.280000000000000000e+02 1.741986513137817383e+00 9.109123477566326037e+05 7.973927874529569415e-01
2.290000000000000000e+02 1.804575443267822266e+00 8.684514809716700111e+05 4.448009530597986094e-01
2.300000000000000000e+02 1.729345560073852539e+00 8.339864456842604559e+05 1.618880350218933895e-01
2.310000000000000000e+02 1.975094079971313477e+00 8.508067131065740250e+05 2.970109955383242184e-01
2.320000000000000000e+02 1.873089790344238281e+00 1.068504597207402112e+06 2.081009020738444182e+00
2.330000000000000000e+02 1.751855134963989258e+00 1.113037901190928416e+06 2.331322452223853592e+00
2.340000000000000000e+02 1.810105562210083008e+00 1.102225327256183373e+06 2.112605488377161223e+00
2.350000000000000000e+02 1.806130647659301758e+00 1.012873446877882350e+06 1.347223016657071337e+00
2.360000000000000000e+02 1.828529357910156250e+00 1.025575646347908420e+06 1.405957109442694586e+00
2.370000000000000000e+02 1.891725063323974609e+00 1.079856171811293345e+06 1.763896759662277880e+00
2.380000000000000000e+02 1.903352737426757812e+00 1.071475274403161136e+06 1.640966841097815099e+00
2.390000000000000000e+02 1.875175714492797852e+00 9.878847723174717976e+05 9.998024867695318729e-01
2.400000000000000000e+02 1.958866357803344727e+00 9.600613390339297475e+05 7.865690781555985112e-01
2.410000000000000000e+02 1.874347686767578125e+00 1.398387396360292798e+06 3.876428449604066184e+00
2.410000000000000000e+02 3.798687458038330078e+00 1.128795731677853735e+06 0.000000000000000000e+00
2.420000000000000000e+02 1.926835536956787109e+00 2.007202525437592296e+06 0.000000000000000000e+00
2.430000000000000000e+02 1.863521337509155273e+00 1.452661564301527338e+06 -1.856906717718357358e-01
2.440000000000000000e+02 1.942404031753540039e+00 7.639657309804946417e+05 -1.723431538173933575e+00
2.450000000000000000e+02 1.931557893753051758e+00 7.534086159606408328e+05 -1.108863891670675228e+00
2.460000000000000000e+02 1.958675861358642578e+00 7.722490262156459503e+05 -8.531077303826801739e-01
2.470000000000000000e+02 1.961992979049682617e+00 8.342176615096621681e+05 -6.179870043019285442e-01
2.480000000000000000e+02 1.932410717010498047e+00 9.846431570240664296e+05 -2.461122744759927095e-01
2.490000000000000000e+02 1.974432945251464844e+00 1.042987624840762117e+06 -9.976205894526805895e-02
2.500000000000000000e+02 1.987280130386352539e+00 1.049578947975185234e+06 -7.883004736297000159e-02
2.510000000000000000e+02 1.971466302871704102e+00 1.005940270009031985e+06 -1.869106386469643055e-01
2.520000000000000000e+02 1.965471267700195312e+00 9.343365789908639854e+05 -3.716260886522063100e-01
2.530000000000000000e+02 1.942525625228881836e+00 9.603126719833047828e+05 -2.821351755824066943e-01
2.540000000000000000e+02 2.031877279281616211e+00 1.109628862344588852e+06 1.651677377543154801e-01
2.550000000000000000e+02 2.118676900863647461e+00 1.136000365216887090e+06 2.395792334670359680e-01
2.560000000000000000e+02 2.018692970275878906e+00 1.100710595006507589e+06 1.205451713218780446e-01
2.570000000000000000e+02 2.050430536270141602e+00 1.106028561371310614e+06 1.342305865585377567e-01
2.580000000000000000e+02 2.004004240036010742e+00 1.201133622491502436e+06 4.499407664158840414e-01
2.590000000000000000e+02 2.111341238021850586e+00 1.284156502218514681e+06 7.212530070596723242e-01
2.600000000000000000e+02 2.475139617919921875e+00 1.295381976112345932e+06 7.323293851841502500e-01
2.610000000000000000e+02 2.301239967346191406e+00 1.245476898240896408e+06 5.282946621877165905e-01
2.620000000000000000e+02 1.976113557815551758e+00 1.233504711166703608e+06 4.694749850373229338e-01
2.630000000000000000e+02 2.189142704010009766e+00 1.240394840744323563e+06 4.821252849745633062e-01
2.640000000000000000e+02 2.137597560882568359e+00 1.212701401420700597e+06 3.659215233661438083e-01
2.650000000000000000e+02 2.166215658187866211e+00 1.231436916446571471e+06 4.289813204831026128e-01
2.660000000000000000e+02 2.120568513870239258e+00 1.190144505756778410e+06 2.587905307172239655e-01
2.670000000000000000e+02 2.112661838531494141e+00 1.052064213230960304e+06 -2.926705838289362926e-01
2.680000000000000000e+02 2.193637371063232422e+00 9.086050337621945655e+05 -8.648068474193451038e-01
2.690000000000000000e+02 2.079738378524780273e+00 9.216053630120919552e+05 -7.856212417474258691e-01
2.700000000000000000e+02 2.596005201339721680e+00 8.711864035648846766e+05 -9.697027130344425538e-01
2.710000000000000000e+02 2.214671134948730469e+00 8.143155620393413119e+05 -1.171171822368063831e+00
2.720000000000000000e+02 2.592431306838989258e+00 7.587391169318944449e+05 -1.353059383215087896e+00
2.730000000000000000e+02 2.196628093719482422e+00 7.176802065697551006e+05 -1.459497015147246612e+00
2.740000000000000000e+02 2.173300981521606445e+00 7.314969350853612414e+05 -1.337730928648458217e+00
2.750000000000000000e+02 2.112448692321777344e+00 7.510857672983584926e+05 -1.207641374717183247e+00
2.760000000000000000e+02 2.184273958206176758e+00 8.374918260069448734e+05 -8.306817944225822758e-01
2.770000000000000000e+02 2.125376701354980469e+00 1.033873828597218264e+06 -4.568764821689406952e-02
2.780000000000000000e+02 2.180033206939697266e+00 9.545808052766909823e+05 -3.586427178436876750e-01
2.790000000000000000e+02 2.212857246398925781e+00 9.548205710633255076e+05 -3.524478452629340453e-01
2.800000000000000000e+02 2.230802059173583984e+00 9.381628634882979095e+05 -4.149021812967850220e-01
2.810000000000000000e+02 2.166565895080566406e+00 9.592546170175560983e+05 -3.225861059290358601e-01
2.820000000000000000e+02 2.134177446365356445e+00 1.000971202032339876e+06 -1.456146684558415616e-01
2.830000000000000000e+02 2.207678556442260742e+00 1.015054709411744145e+06 -8.486423611969036440e-02
2.840000000000000000e+02 2.233769416809082031e+00 9.607168556075546658e+05 -3.143123707022940638e-01
2.850000000000000000e+02 2.236282110214233398e+00 9.006579089818635257e+05 -5.678509124937918262e-01
2.860000000000000000e+02 2.314916133880615234e+00 9.138455563649081159e+05 -5.026380503176697268e-01
2.870000000000000000e+02 2.278599500656127930e+00 9.474443011447484605e+05 -3.495144441520556255e-01
2.880000000000000000e+02 2.402394771575927734e+00 9.185503385015577078e+05 -4.724888271385689897e-01
2.890000000000000000e+02 2.314371109008789062e+00 9.463156131009993842e+05 -3.433868732976202431e-01
2.900000000000000000e+02 2.558284282684326172e+00 9.337388427895985078e+05 -3.958271719650894860e-01
2.910000000000000000e+02 2.348897933959960938e+00 9.193673493240056559e+05 -4.562085533500833678e-01
2.920000000000000000e+02 2.315644025802612305e+00 9.126924189324794570e+05 -4.812540033065063616e-01
2.930000000000000000e+02 2.458245038986206055e+00 8.901405056677446701e+05 -5.790710643938054014e-01
2.940000000000000000e+02 2.699160099029541016e+00 8.595297763286087429e+05 -7.131849909639178531e-01
2.950000000000000000e+02 2.296169281005859375e+00 9.560285010632083286e+05 -2.556268516454722195e-01
2.960000000000000000e+02 2.541004896163940430e+00 9.705664749658597866e+05 -1.851451446828500380e-01
2.970000000000000000e+02 2.659492731094360352e+00 1.049368747337723151e+06 1.886183398964084990e-01
2.980000000000000000e+02 2.306977748870849609e+00 1.025945309446595493e+06 7.536435868284602213e-02
2.990000000000000000e+02 2.342705249786376953e+00 1.012968957803675206e+06 1.236880206310728841e-02
