1.762204222291294485e+07
1.000000000000000000e+00 5.596728324890136719e-01 1.428532006056239188e+05 0.000000000000000000e+00
2.000000000000000000e+00 4.399600028991699219e-01 1.444294918486341485e+05 7.323170538888572612e-01
3.000000000000000000e+00 4.129660129547119141e-01 8.568410029915993800e+04 -5.478139261320770226e-01
4.000000000000000000e+00 3.722205162048339844e-01 1.298887724044372153e+05 5.193405043264862631e-01
5.000000000000000000e+00 6.574044227600097656e-01 1.063942906949657190e+05 -1.272692848817474076e-01
6.000000000000000000e+00 4.781622886657714844e-01 1.048835823692816193e+05 -1.607664432784982889e-01
7.000000000000000000e+00 8.335680961608886719e-01 1.159749870270179963e+05 1.895530738841699758e-01
8.000000000000000000e+00 4.760479927062988281e-01 1.019144623021439329e+05 -2.858902366076184753e-01
9.000000000000000000e+00 5.615830421447753906e-01 1.094476770826805441e+05 -5.553045724900194935e-03
1.000000000000000000e+01 6.776707172393798828e-01 1.041250812335926021e+05 -2.036833604477200632e-01
1.100000000000000000e+01 5.520329475402832031e-01 9.071168273379861785e+04 -7.206583340768061285e-01
1.200000000000000000e+01 6.262669563293457031e-01 1.220809773938651633e+05 5.833163896008807248e-01
1.300000000000000000e+01 6.412999629974365234e-01 1.015532528820660518e+05 -2.947887081351126537e-01
1.400000000000000000e+01 6.659035682678222656e-01 1.122350750491982762e+05 1.745015161399849912e-01
1.500000000000000000e+01 7.875852584838867188e-01 9.718172886727354489e+04 -5.009070628845246897e-01
1.600000000000000000e+01 6.996953487396240234e-01 1.172307516259605036e+05 4.335993266602253815e-01
1.700000000000000000e+01 7.703938484191894531e-01 1.613935744358008087e+05 2.489919166927959449e+00
1.800000000000000000e+01 7.266919612884521484e-01 1.425370572819874797e+05 1.294145891186795794e+00
1.900000000000000000e+01 8.513419628143310547e-01 2.140391767255312880e+05 4.116605242859653124e+00
1.900000000000000000e+01 1.651081085205078125e+00 2.006059888706937199e+05 0.000000000000000000e+00
2.000000000000000000e+01 9.373083114624023438e-01 2.879947960208785371e+05 0.000000000000000000e+00
2.100000000000000000e+01 8.299081325531005859e-01 1.842610799760081572e+05 -9.716165346483565113e-01
2.200000000000000000e+01 7.887153625488281250e-01 2.312528280234345584e+05 1.248879536328607875e-01
2.300000000000000000e+01 8.452990055084228516e-01 1.852193279568833823e+05 -8.935207960306758013e-01
2.400000000000000000e+01 8.959417343139648438e-01 1.416253875702756050e+05 -1.750220048860810618e+00
2.500000000000000000e+01 1.078445672988891602e+00 1.333515057595864055e+05 -1.439961717106797323e+00
2.600000000000000000e+01 9.591004848480224609e-01 1.415037922304408276e+05 -1.007504111590883378e+00
2.700000000000000000e+01 1.197798013687133789e+00 1.321888134577611054e+05 -1.065867649779377535e+00
2.800000000000000000e+01 1.080547094345092773e+00 1.298721125136142946e+05 -9.908931486724121829e-01
2.900000000000000000e+01 1.195782184600830078e+00 1.028773946021194715e+05 -1.414107352257336192e+00
3.000000000000000000e+01 1.088874340057373047e+00 1.546764505374891742e+05 -2.831403519489186227e-01
3.100000000000000000e+01 1.176369905471801758e+00 1.778572317879288166e+05 1.743770272690769174e-01
3.200000000000000000e+01 1.216741323471069336e+00 1.970111644873339392e+05 5.519779631518278995e-01
3.300000000000000000e+01 1.184894084930419922e+00 1.544232460074120900e+05 -3.512390135089001331e-01
3.400000000000000000e+01 1.120858669281005859e+00 1.382662280155591434e+05 -6.830620088347670871e-01
3.500000000000000000e+01 1.366504907608032227e+00 1.318617206380143471e+05 -7.918639677011437561e-01
3.600000000000000000e+01 1.331439018249511719e+00 1.153666681038678944e+05 -1.118045444663187560e+00
3.700000000000000000e+01 1.315482854843139648e+00 1.229997417605301016e+05 -8.832615537467585209e-01
3.800000000000000000e+01 1.325562000274658203e+00 1.377175222056831408e+05 -5.183369041399903399e-01
3.900000000000000000e+01 1.291096448898315430e+00 1.409943887972740922e+05 -4.286408294394633001e-01
4.000000000000000000e+01 1.328203439712524414e+00 1.290138178176696965e+05 -6.921973710530369139e-01
4.100000000000000000e+01 1.676608085632324219e+00 1.456241712300362997e+05 -2.827538276813049700e-01
4.200000000000000000e+01 1.729841232299804688e+00 1.270927046775939234e+05 -7.170815004630739509e-01
4.300000000000000000e+01 1.627852439880371094e+00 1.431657239601491892e+05 -3.083352024600261587e-01
4.400000000000000000e+01 1.547384977340698242e+00 1.364564611806300818e+05 -4.662793718845384960e-01
4.500000000000000000e+01 1.571970224380493164e+00 1.521514772252668627e+05 -6.453698496925043548e-02
4.600000000000000000e+01 1.569939851760864258e+00 1.354937838007326936e+05 -4.866191201293952884e-01
4.700000000000000000e+01 1.547673702239990234e+00 1.398468912859943812e+05 -3.638714135452407739e-01
4.800000000000000000e+01 1.609486341476440430e+00 1.324050964299738116e+05 -5.518326145963867724e-01
4.900000000000000000e+01 1.564416408538818359e+00 1.514560788017492741e+05 -3.490745527030349876e-02
5.000000000000000000e+01 1.653710126876831055e+00 1.537509054470215633e+05 2.752863133610264010e-02
5.100000000000000000e+01 1.606772661209106445e+00 1.596129958552911121e+05 1.878088537638785416e-01
5.200000000000000000e+01 1.576103687286376953e+00 1.657062723589261586e+05 3.545465760772980590e-01
5.300000000000000000e+01 1.538057088851928711e+00 1.459558062107052538e+05 -2.084612746770342639e-01
5.400000000000000000e+01 1.578764677047729492e+00 1.522378260857035930e+05 -2.562414611188463046e-02
5.500000000000000000e+01 1.730814218521118164e+00 1.174423742718755384e+05 -1.035671626867749051e+00
5.600000000000000000e+01 1.781888723373413086e+00 1.227622347827631602e+05 -8.526850556038827467e-01
5.700000000000000000e+01 1.774871110916137695e+00 1.188112310856136028e+05 -9.486579489750129879e-01
5.800000000000000000e+01 1.816280603408813477e+00 1.874878620929063763e+05 1.078363532406603653e+00
5.900000000000000000e+01 1.890752077102661133e+00 2.254700259415785549e+05 2.156146956953822524e+00
6.000000000000000000e+01 1.964259386062622070e+00 1.646915480844486447e+05 3.190840970149561584e-01
6.100000000000000000e+01 1.884963035583496094e+00 1.391519924895076838e+05 -4.061955527008798139e-01
6.200000000000000000e+01 1.951753854751586914e+00 1.605125597520502924e+05 2.085022315279987382e-01
6.300000000000000000e+01 1.938702344894409180e+00 1.440119829777029227e+05 -2.699093281881469464e-01
6.400000000000000000e+01 2.031736373901367188e+00 1.673867688534704503e+05 4.147649889843034732e-01
6.500000000000000000e+01 1.908331871032714844e+00 1.985968190067650576e+05 1.328026828675454851e+00
6.600000000000000000e+01 2.071311235427856445e+00 1.861183029816979542e+05 9.252681956148951503e-01
6.700000000000000000e+01 2.142960071563720703e+00 2.225848348245684465e+05 1.974188100881387298e+00
6.800000000000000000e+01 2.078949689865112305e+00 2.626244098247067886e+05 3.017726646560505266e+00
6.800000000000000000e+01 4.207865715026855469e+00 1.464206991334950726e+05 0.000000000000000000e+00
6.900000000000000000e+01 2.087521553039550781e+00 2.044891336050040845e+05 0.000000000000000000e+00
7.000000000000000000e+01 2.170944452285766602e+00 2.054109951903738256e+05 7.295580349275160303e-01
7.100000000000000000e+01 2.087825298309326172e+00 2.228802297474959341e+05 1.107851930800761275e+00
7.200000000000000000e+01 2.359517097473144531e+00 2.499402789052685548e+05 1.653655995876717633e+00
7.300000000000000000e+01 2.212343692779541016e+00 1.976556763987592713e+05 -2.152197846367933931e-01
7.400000000000000000e+01 2.334856271743774414e+00 2.008198807410868758e+05 -1.068422467760985900e-01
7.500000000000000000e+01 2.233916759490966797e+00 2.175725531730721123e+05 4.369858751073171232e-01
7.600000000000000000e+01 2.400295257568359375e+00 2.055424584735427925e+05 -3.628968322866363196e-03
7.700000000000000000e+01 2.325612783432006836e+00 2.367615820380263322e+05 1.136757821607647045e+00
7.800000000000000000e+01 2.495948076248168945e+00 2.621597393859887379e+05 1.933263156722727638e+00
7.900000000000000000e+01 2.560787200927734375e+00 2.962823766472676652e+05 2.687705085969389174e+00
8.000000000000000000e+01 2.699264764785766602e+00 3.130680951993270428e+05 2.448150857382599188e+00
8.100000000000000000e+01 2.623063087463378906e+00 1.806981270886749262e+05 -1.057083958636805932e+00
8.200000000000000000e+01 2.589806318283081055e+00 2.365946792950612144e+05 2.774081746847540941e-01
8.300000000000000000e+01 3.184226989746093750e+00 4.824552612075080397e+05 5.992371902765294855e+00
8.300000000000000000e+01 1.023292541503906250e-03 4.019171064815833961e+04 0.000000000000000000e+00
8.400000000000000000e+01 1.014765977859497070e+00 3.263318254637145437e+05 9.361218865701452785e+00
8.400000000000000000e+01 7.905960083007812500e-04 4.618166321699733089e+04 0.000000000000000000e+00
8.500000000000000000e+01 8.255841732025146484e-01 3.467955619445583434e+05 8.498543752029794618e+00
8.500000000000000000e+01 7.731914520263671875e-04 4.242863402352359117e+04 0.000000000000000000e+00
8.600000000000000000e+01 7.460420131683349609e-01 3.249955138031354873e+05 8.711294797337531648e+00
8.600000000000000000e+01 8.447170257568359375e-04 4.921946336494004208e+04 0.000000000000000000e+00
8.700000000000000000e+01 5.653936862945556641e-01 1.790766085634701012e+05 3.024054092087577139e+00
8.700000000000000000e+01 1.154232978820800781e+00 1.779906712129873631e+05 0.000000000000000000e+00
8.800000000000000000e+01 2.960979938507080078e-01 1.399750747272477311e+05 0.000000000000000000e+00
8.900000000000000000e+01 3.160710334777832031e-01 1.633197826069880975e+05 1.613368457745922857e-01
9.000000000000000000e+01 3.687288761138916016e-01 2.394988557436260162e+05 4.124259475001493591e+00
9.000000000000000000e+01 8.103034496307373047e-01 2.367264853137840400e+05 0.000000000000000000e+00
9.100000000000000000e+01 5.090272426605224609e-01 1.617583149657976173e+05 0.000000000000000000e+00
9.200000000000000000e+01 5.759227275848388672e-01 1.578062560733301216e+05 -7.816591580030221031e-01
9.300000000000000000e+01 6.308150291442871094e-01 1.923029539689904195e+05 1.545527380256412064e-01
9.400000000000000000e+01 5.614194869995117188e-01 1.369583519166625920e+05 -1.376205282397887641e+00
9.500000000000000000e+01 6.090166568756103516e-01 1.658929561664423381e+05 -2.895044209207839891e-01
9.600000000000000000e+01 6.165707111358642578e-01 1.417599027591069462e+05 -9.577514553641820472e-01
9.700000000000000000e+01 6.376051902770996094e-01 1.595892111754769285e+05 -3.165982192750989022e-01
9.800000000000000000e+01 6.809389591217041016e-01 1.383610157839449530e+05 -9.601379988372762408e-01
9.900000000000000000e+01 5.861191749572753906e-01 1.175255066956766823e+05 -1.521540821655348097e+00
1.000000000000000000e+02 7.858622074127197266e-01 1.375547979442974902e+05 -6.958712668158063552e-01
1.010000000000000000e+02 6.228492259979248047e-01 1.358951897301873832e+05 -7.020810585483538979e-01
1.020000000000000000e+02 7.014367580413818359e-01 1.246112544868577097e+05 -1.015862175963038849e+00
1.030000000000000000e+02 6.543850898742675781e-01 1.258684650734757743e+05 -8.998756690486514609e-01
1.040000000000000000e+02 8.860774040222167969e-01 1.475661312937810144e+05 -1.518715215726834933e-01
1.050000000000000000e+02 7.532584667205810547e-01 1.029334595075317775e+05 -1.622557787932482176e+00
1.060000000000000000e+02 7.889680862426757812e-01 1.484709072845463525e+05 -1.493958417217496233e-02
1.070000000000000000e+02 8.514280319213867188e-01 1.434299256547538680e+05 -1.787925036707893045e-01
1.080000000000000000e+02 9.975643157958984375e-01 1.473955018520878511e+05 -4.081445984803414723e-02
1.090000000000000000e+02 9.261596202850341797e-01 1.506607967006373801e+05 7.296388887466109807e-02
1.100000000000000000e+02 1.011798143386840820e+00 1.308588929325524514e+05 -6.311847060453844582e-01
1.110000000000000000e+02 1.000312805175781250e+00 1.464536098468509736e+05 -4.873287949628583859e-02
1.120000000000000000e+02 9.656214714050292969e-01 1.166349787354633590e+05 -1.148628960765748941e+00
1.130000000000000000e+02 1.033328294754028320e+00 1.528704140278339910e+05 2.377865408857853524e-01
1.140000000000000000e+02 1.141091108322143555e+00 1.456863024069766107e+05 -3.656776715809723077e-02
1.150000000000000000e+02 9.834733009338378906e-01 1.328425669280949514e+05 -5.276206704936936553e-01
1.160000000000000000e+02 1.110825061798095703e+00 1.422026370651933539e+05 -1.511794407235454718e-01
1.170000000000000000e+02 1.189328193664550781e+00 1.658281167821890558e+05 7.874932692847463889e-01
1.180000000000000000e+02 1.073546886444091797e+00 1.429355562873271701e+05 -1.485995100359926435e-01
1.190000000000000000e+02 1.149645328521728516e+00 1.549595210927526350e+05 3.424618516666536605e-01
1.200000000000000000e+02 1.208143711090087891e+00 1.707474747979576059e+05 9.876989100469814042e-01
1.210000000000000000e+02 1.266627311706542969e+00 1.366651040715836862e+05 -4.509548474582659172e-01
1.220000000000000000e+02 1.174077033996582031e+00 1.543710440442761465e+05 2.983248795071183346e-01
1.230000000000000000e+02 1.308857679367065430e+00 1.623050421192528738e+05 6.303712031667285665e-01
1.240000000000000000e+02 1.325525760650634766e+00 1.709276400043451868e+05 9.871652617401925900e-01
1.250000000000000000e+02 1.435604333877563477e+00 1.385901514980194333e+05 -4.273379887055964166e-01
1.260000000000000000e+02 1.441406250000000000e+00 1.557901754649200884e+05 3.261478649641015859e-01
1.270000000000000000e+02 1.404343843460083008e+00 1.326693036226513213e+05 -6.949597556844242519e-01
1.280000000000000000e+02 1.455535650253295898e+00 1.777516195580846397e+05 1.314446376768995783e+00
1.290000000000000000e+02 1.420569658279418945e+00 2.461623753598004405e+05 4.271379765702812747e+00
1.290000000000000000e+02 2.830783605575561523e+00 1.284154547424403281e+05 0.000000000000000000e+00
1.300000000000000000e+02 1.466245889663696289e+00 1.562882571408382792e+05 0.000000000000000000e+00
1.310000000000000000e+02 2.194512367248535156e+00 2.758151401868992252e+05 6.771675985811552501e+00
1.310000000000000000e+02 1.055479049682617188e-03 3.176578462321075494e+04 0.000000000000000000e+00
1.320000000000000000e+02 7.955853939056396484e-01 2.440473642886442831e+05 8.743674698502795550e+00
1.320000000000000000e+02 9.541511535644531250e-04 4.231821413371266681e+04 0.000000000000000000e+00
1.330000000000000000e+02 8.371760845184326172e-01 2.708849321799458121e+05 6.931262634562979308e+00
1.330000000000000000e+02 8.254051208496093750e-04 3.555296426880820218e+04 0.000000000000000000e+00
1.340000000000000000e+02 3.745656013488769531e-01 1.680058755864059785e+05 4.561559486550985199e+00
1.340000000000000000e+02 8.585400581359863281e-01 1.687196617906754254e+05 0.000000000000000000e+00
1.350000000000000000e+02 2.981705665588378906e-01 1.265476418633772410e+05 0.000000000000000000e+00
1.360000000000000000e+02 3.851792812347412109e-01 1.290213680575947510e+05 -6.241518470977617250e-01
1.370000000000000000e+02 3.619282245635986328e-01 1.199247983954603842e+05 -9.086671338892096106e-01
1.380000000000000000e+02 5.226149559020996094e-01 8.154953470096574165e+04 -2.464727215024103746e+00
1.390000000000000000e+02 5.027685165405273438e-01 2.734368930770283914e+05 4.783638299532511517e+00
1.390000000000000000e+02 9.911782741546630859e-01 2.721578240564840380e+05 0.000000000000000000e+00
1.400000000000000000e+02 6.002068519592285156e-01 1.195508797807265801e+05 0.000000000000000000e+00
1.410000000000000000e+02 7.394781112670898438e-01 2.760340111040116753e+05 7.430275338031722132e-01
1.420000000000000000e+02 5.572710037231445312e-01 1.217707751293571200e+05 -1.129554811551435778e+00
1.430000000000000000e+02 6.851830482482910156e-01 1.098919841697221855e+05 -9.873802207467160530e-01
1.440000000000000000e+02 5.055038928985595703e-01 1.062687364739526529e+05 -8.546384994905800170e-01
1.450000000000000000e+02 6.813664436340332031e-01 1.177278362939332292e+05 -6.032463522215634200e-01
1.460000000000000000e+02 5.891907215118408203e-01 1.159051373172815802e+05 -5.729638403628792842e-01
1.470000000000000000e+02 7.246918678283691406e-01 1.200654076803948701e+05 -4.725796521048108989e-01
1.480000000000000000e+02 7.306249141693115234e-01 1.047081007142503513e+05 -6.623903200378283840e-01
1.490000000000000000e+02 6.670286655426025391e-01 1.333191939768075536e+05 -1.937478858640931112e-01
1.500000000000000000e+02 7.198531627655029297e-01 1.144629390191225975e+05 -4.789725149738852106e-01
1.510000000000000000e+02 7.098567485809326172e-01 1.626650032806758245e+05 3.234527047510104003e-01
1.520000000000000000e+02 7.809612751007080078e-01 1.182345924992516811e+05 -4.363823579936851327e-01
1.530000000000000000e+02 8.706707954406738281e-01 1.121477140515022038e+05 -5.244064100447800580e-01
1.540000000000000000e+02 9.994049072265625000e-01 1.332083873952848371e+05 -1.270669400622579936e-01
1.550000000000000000e+02 9.521391391754150391e-01 1.293389325225015200e+05 -1.946915319514925247e-01
1.560000000000000000e+02 7.957048416137695312e-01 1.500372687322627462e+05 2.052493194630984064e-01
1.570000000000000000e+02 9.949352741241455078e-01 1.345627301074258576e+05 -1.038977474075644253e-01
1.580000000000000000e+02 9.786534309387207031e-01 1.419041970148661349e+05 4.684601023254479635e-02
1.590000000000000000e+02 1.030466079711914062e+00 1.541484843763092940e+05 2.994770160090671762e-01
1.600000000000000000e+02 1.052588701248168945e+00 1.296734017151518929e+05 -2.272744226397158396e-01
1.610000000000000000e+02 1.058076143264770508e+00 1.339933154117126251e+05 -1.282320234092780564e-01
1.620000000000000000e+02 1.137417793273925781e+00 1.453904084857556736e+05 1.276905695678783592e-01
1.630000000000000000e+02 1.197964191436767578e+00 1.650772304767396417e+05 5.720896918886935190e-01
1.640000000000000000e+02 1.080489873886108398e+00 2.063659330972764874e+05 1.508425346568814440e+00
1.650000000000000000e+02 1.138455152511596680e+00 1.612397936863379728e+05 4.013780699286627063e-01
1.660000000000000000e+02 1.171369552612304688e+00 1.685109229534407787e+05 5.593427187524757649e-01
1.670000000000000000e+02 1.209651708602905273e+00 1.930848506118959049e+05 1.116248391618151592e+00
1.680000000000000000e+02 1.281723976135253906e+00 2.095518852037295583e+05 1.454296888313206138e+00
1.690000000000000000e+02 1.226191520690917969e+00 2.024896544442260929e+05 1.220875148365442087e+00
1.700000000000000000e+02 1.289601564407348633e+00 3.401618307296269923e+05 4.274854022017332333e+00
1.700000000000000000e+02 2.660401582717895508e+00 2.645554283438173006e+05 0.000000000000000000e+00
1.710000000000000000e+02 1.353346586227416992e+00 1.462504734591001761e+05 0.000000000000000000e+00
1.720000000000000000e+02 1.331969022750854492e+00 1.283750772799697879e+05 -9.207886826246763912e-01
1.730000000000000000e+02 1.326150655746459961e+00 2.366621959945581330e+05 7.693398425456489109e-01
1.740000000000000000e+02 1.292987346649169922e+00 2.595869256433949631e+05 9.824985730674282713e-01
1.750000000000000000e+02 1.488004922866821289e+00 2.535920355233969749e+05 7.169591823932902619e-01
1.760000000000000000e+02 1.477612257003784180e+00 2.401299660190285358e+05 4.143318090061896553e-01
1.770000000000000000e+02 1.469509363174438477e+00 2.218731979967934894e+05 6.053899188492418981e-02
1.780000000000000000e+02 1.627486705780029297e+00 2.073214481150798092e+05 -2.207155929394161165e-01
1.790000000000000000e+02 1.520131111145019531e+00 2.445552266809938010e+05 5.487742996991071820e-01
1.800000000000000000e+02 1.550390243530273438e+00 2.252557710842515808e+05 1.054304660779906838e-01
1.810000000000000000e+02 2.093109607696533203e+00 5.084652650916778366e+05 6.435871151180999838e+00
1.810000000000000000e+02 9.911060333251953125e-04 3.867713357712636935e+04 0.000000000000000000e+00
1.820000000000000000e+02 9.761056900024414062e-01 5.024720107279152144e+05 1.625136311467230144e+01
1.820000000000000000e+02 7.784366607666015625e-04 5.995371625977617805e+04 0.000000000000000000e+00
1.830000000000000000e+02 8.230955600738525391e-01 3.628995752982636332e+05 6.438907998958730339e+00
1.830000000000000000e+02 7.998943328857421875e-04 5.644819386133638181e+04 0.000000000000000000e+00
1.840000000000000000e+02 2.875626087188720703e-01 2.173369038221891387e+05 3.323686413335736667e+00
1.840000000000000000e+02 5.720980167388916016e-01 2.171798980900246243e+05 0.000000000000000000e+00
1.850000000000000000e+02 2.933564186096191406e-01 1.584659713633328502e+05 0.000000000000000000e+00
1.860000000000000000e+02 5.217897891998291016e-01 2.050349975361952675e+05 4.145785168643813523e-01
1.870000000000000000e+02 5.171699523925781250e-01 1.769034492406836944e+05 -5.374340266305741576e-01
1.880000000000000000e+02 5.071802139282226562e-01 2.547741761859719991e+05 2.454026197887455130e+00
1.890000000000000000e+02 5.615518093109130859e-01 2.729224171868251287e+05 1.891560275326820584e+00
1.900000000000000000e+02 4.925339221954345703e-01 2.320638608497075329e+05 4.055903032113515327e-01
1.910000000000000000e+02 5.186355113983154297e-01 1.816029191461013397e+05 -8.630747515969583450e-01
1.920000000000000000e+02 7.255990505218505859e-01 2.004542251092611987e+05 -3.000115595008931435e-01
1.930000000000000000e+02 5.418369770050048828e-01 1.847750124890181469e+05 -7.031600061202538665e-01
1.940000000000000000e+02 6.135225296020507812e-01 1.818604408400027314e+05 -7.338457180979756078e-01
1.950000000000000000e+02 5.961263179779052734e-01 2.062813122019215953e+05 7.883343821925143519e-03
1.960000000000000000e+02 5.678935050964355469e-01 1.515193177657459746e+05 -1.621614432838794695e+00
1.970000000000000000e+02 7.693769931793212891e-01 1.695138193209788005e+05 -9.089886629084231728e-01
1.980000000000000000e+02 6.555814743041992188e-01 1.701925098586074018e+05 -8.324589236918530366e-01
1.990000000000000000e+02 8.729004859924316406e-01 1.850324123274559097e+05 -3.603807835075287236e-01
2.000000000000000000e+02 6.128015518188476562e-01 2.221040865827863745e+05 7.500532382888678296e-01
2.010000000000000000e+02 7.872290611267089844e-01 2.397493076406251057e+05 1.247150876284229604e+00
2.020000000000000000e+02 7.720413208007812500e-01 1.829048880856442847e+05 -5.243036644858517503e-01
2.030000000000000000e+02 9.104137420654296875e-01 2.160157229890803283e+05 4.957934658711608544e-01
2.040000000000000000e+02 7.980177402496337891e-01 1.650465382500339765e+05 -1.095335147751984151e+00
2.050000000000000000e+02 9.558830261230468750e-01 1.778404481309185503e+05 -6.452493939355432584e-01
2.060000000000000000e+02 8.089153766632080078e-01 1.974604914262547682e+05 -1.152121702141237387e-02
2.070000000000000000e+02 1.013440370559692383e+00 2.018810345759687189e+05 1.301828529414296165e-01
2.080000000000000000e+02 1.146401643753051758e+00 1.869407218536609726e+05 -3.611566942080475240e-01
2.090000000000000000e+02 9.479014873504638672e-01 2.051736238810237846e+05 2.543348501277803431e-01
2.100000000000000000e+02 1.027409791946411133e+00 1.725652896164911508e+05 -8.582471369304018882e-01
2.110000000000000000e+02 1.062556743621826172e+00 1.784433406909475452e+05 -6.303499092295632433e-01
2.120000000000000000e+02 1.054066419601440430e+00 1.963085188370866526e+05 2.389440916212316138e-03
2.130000000000000000e+02 1.481650352478027344e+00 1.706942089999277086e+05 -8.989368370579536860e-01
2.140000000000000000e+02 1.216486930847167969e+00 1.978810982738816820e+05 8.798062030867156991e-02
2.150000000000000000e+02 1.193042278289794922e+00 2.173264691801014997e+05 7.850552931731440420e-01
2.160000000000000000e+02 1.221203565597534180e+00 1.959949813611163408e+05 -5.731881082997845878e-03
2.170000000000000000e+02 1.145950555801391602e+00 2.324945678657625685e+05 1.335120312402961362e+00
2.180000000000000000e+02 1.178764581680297852e+00 1.694990622878888098e+05 -1.007130052697536859e+00
2.190000000000000000e+02 1.308130741119384766e+00 2.270117502867298317e+05 1.111552518477163964e+00
2.200000000000000000e+02 1.297532796859741211e+00 2.731084717718014144e+05 2.748028651772156827e+00
2.210000000000000000e+02 1.369038581848144531e+00 1.889666806243884494e+05 -3.460864407803565523e-01
2.220000000000000000e+02 1.223600149154663086e+00 1.503969578254918160e+05 -1.645422306949917424e+00
2.230000000000000000e+02 1.344080448150634766e+00 1.568892500404308375e+05 -1.354785248846689827e+00
2.240000000000000000e+02 1.707846879959106445e+00 1.753307720576593128e+05 -7.032012987842374274e-01
2.250000000000000000e+02 1.551745176315307617e+00 2.101381313892229227e+05 4.579640870438351774e-01
2.260000000000000000e+02 1.390217304229736328e+00 2.050204602996374306e+05 2.809365594093284901e-01
2.270000000000000000e+02 1.508221149444580078e+00 2.415308098626626888e+05 1.507603095277801675e+00
2.280000000000000000e+02 1.694579839706420898e+00 2.247629624809192610e+05 8.957535623829091520e-01
2.290000000000000000e+02 1.544288873672485352e+00 2.653423506299561705e+05 2.229534062580379672e+00
2.300000000000000000e+02 1.641880512237548828e+00 2.718187395080113783e+05 2.300081669881870461e+00
2.310000000000000000e+02 2.061668872833251953e+00 3.942702292063799687e+05 5.902755363044112080e+00
2.310000000000000000e+02 1.029968261718750000e-03 2.885773499290919790e+04 0.000000000000000000e+00
2.320000000000000000e+02 8.254981040954589844e-01 4.014603958594565629e+05 1.755280642763776200e+01
2.320000000000000000e+02 8.046627044677734375e-04 4.435963048868766782e+04 0.000000000000000000e+00
2.330000000000000000e+02 3.599081039428710938e-01 1.906771783574399597e+05 3.957590790222047072e+00
2.330000000000000000e+02 7.331888675689697266e-01 1.884605266841950652e+05 0.000000000000000000e+00
2.340000000000000000e+02 3.939564228057861328e-01 1.444003061477273004e+05 0.000000000000000000e+00
2.350000000000000000e+02 5.139436721801757812e-01 1.103793558166138391e+05 -1.799087002285532533e+00
2.360000000000000000e+02 3.793814182281494141e-01 1.377116423626696924e+05 -2.563371345099153542e-01
2.370000000000000000e+02 4.831409454345703125e-01 1.477781133322160167e+05 7.850738380668141614e-02
2.380000000000000000e+02 4.164750576019287109e-01 1.611591380116354558e+05 5.496096281234205128e-01
2.390000000000000000e+02 4.319729804992675781e-01 1.257053100031956710e+05 -8.742930145660605668e-01
2.400000000000000000e+02 5.777313709259033203e-01 1.374268750926743087e+05 -3.050246152670891275e-01
2.410000000000000000e+02 8.743524551391601562e-01 8.503691648334023776e+05 3.017987805364299447e+01
2.410000000000000000e+02 8.053779602050781250e-04 3.389758109332298773e+04 0.000000000000000000e+00
2.420000000000000000e+02 9.855651855468750000e-01 9.145210765350708971e+05 3.603267377039485098e+01
2.420000000000000000e+02 7.884502410888671875e-04 4.560296262245146499e+04 0.000000000000000000e+00
2.430000000000000000e+02 7.133011817932128906e-01 8.429635919793624198e+05 2.402019493985835297e+01
2.430000000000000000e+02 7.760524749755859375e-04 4.675353572754623019e+04 0.000000000000000000e+00
2.440000000000000000e+02 8.558013439178466797e-01 7.962050602066094289e+05 2.196250512658239629e+01
2.440000000000000000e+02 7.736682891845703125e-04 5.353246942020188726e+04 0.000000000000000000e+00
2.450000000000000000e+02 4.038474559783935547e-01 2.064108013795624720e+05 3.331612388535038605e+00
2.450000000000000000e+02 8.206295967102050781e-01 2.084240471798073559e+05 0.000000000000000000e+00
2.460000000000000000e+02 4.567253589630126953e-01 1.707026243501767167e+05 0.000000000000000000e+00
2.470000000000000000e+02 4.126882553100585938e-01 1.528467139645218849e+05 -1.376542575004904068e+00
2.480000000000000000e+02 5.738251209259033203e-01 2.316506039353304950e+05 1.914630112570889997e+00
2.490000000000000000e+02 5.775163173675537109e-01 2.003275819546953135e+05 2.639023277196804185e-01
2.500000000000000000e+02 5.502269268035888672e-01 3.318334123325881665e+05 4.455969793636873177e+00
2.500000000000000000e+02 9.860799312591552734e-01 3.209401695947531844e+05 0.000000000000000000e+00
2.510000000000000000e+02 5.518529415130615234e-01 1.533007884977421782e+05 0.000000000000000000e+00
2.520000000000000000e+02 6.282029151916503906e-01 1.526199593551957223e+05 -7.128502872812809699e-01
2.530000000000000000e+02 5.447189807891845703e-01 1.859928465527192166e+05 -2.367487959932130515e-01
2.540000000000000000e+02 5.695679187774658203e-01 1.550850569201418839e+05 -6.014935230318140258e-01
2.550000000000000000e+02 6.224839687347412109e-01 1.979725121358668257e+05 6.042875022900523474e-02
2.560000000000000000e+02 6.972234249114990234e-01 1.780476526757270913e+05 -2.506112156047940465e-01
2.570000000000000000e+02 5.558950901031494141e-01 1.875418888146665995e+05 -7.471946288237250877e-02
2.580000000000000000e+02 7.084453105926513672e-01 2.119738930629840761e+05 3.721110165379531987e-01
2.590000000000000000e+02 7.956724166870117188e-01 1.998528868412471784e+05 1.177789910453537203e-01
2.600000000000000000e+02 7.329854965209960938e-01 1.827718121636145515e+05 -2.352843303402537278e-01
2.610000000000000000e+02 8.727355003356933594e-01 1.906558283565290330e+05 -5.617618779588263306e-02
2.620000000000000000e+02 9.364011287689208984e-01 1.893434081595881435e+05 -8.344286487326661728e-02
2.630000000000000000e+02 8.563756942749023438e-01 2.252028976417193771e+05 7.595608919057078579e-01
2.640000000000000000e+02 8.731265068054199219e-01 1.757074355294851703e+05 -4.624268178541985352e-01
2.650000000000000000e+02 8.550646305084228516e-01 1.717468953255448723e+05 -5.417896696704951331e-01
2.660000000000000000e+02 9.011497497558593750e-01 2.527342808210169314e+05 1.518825153917295445e+00
2.670000000000000000e+02 9.265646934509277344e-01 2.407083053652678209e+05 1.087536168202035247e+00
2.680000000000000000e+02 1.015443086624145508e+00 2.589840580964700785e+05 1.466341442592110189e+00
2.690000000000000000e+02 1.034025669097900391e+00 2.083418998428609048e+05 1.578456495877280652e-01
2.700000000000000000e+02 9.647524356842041016e-01 1.921438902805646940e+05 -2.378063692663861250e-01
2.710000000000000000e+02 1.074414730072021484e+00 2.068489670336741838e+05 1.323454108171367993e-01
2.720000000000000000e+02 1.114398241043090820e+00 2.047957430499145703e+05 7.728309579790945683e-02
2.730000000000000000e+02 1.037054061889648438e+00 1.987387251906001475e+05 -8.167538804798092633e-02
2.740000000000000000e+02 1.142549753189086914e+00 2.563028053454293986e+05 1.448557118469971705e+00
2.750000000000000000e+02 1.232263565063476562e+00 2.647898230682276771e+05 1.582877298228419605e+00
2.760000000000000000e+02 1.253672361373901367e+00 2.029592269126825558e+05 -8.390659165820651966e-02
2.770000000000000000e+02 1.118211507797241211e+00 1.698166870048376732e+05 -9.376178883688960353e-01
2.780000000000000000e+02 1.267876148223876953e+00 1.740380829563093430e+05 -7.974519490528575449e-01
2.790000000000000000e+02 1.244035243988037109e+00 2.161550501375012973e+05 3.221638467921420501e-01
2.800000000000000000e+02 1.415294170379638672e+00 2.402231281327090983e+05 9.534955777678498778e-01
2.810000000000000000e+02 1.300043821334838867e+00 2.631212243817366543e+05 1.531962070672980181e+00
2.820000000000000000e+02 1.358414649963378906e+00 2.313536318618429650e+05 6.286708727647329908e-01
2.830000000000000000e+02 1.261500358581542969e+00 2.056409365652350534e+05 -5.939024549731418412e-02
2.840000000000000000e+02 1.373616695404052734e+00 2.205708087033228367e+05 3.394380637663991229e-01
2.850000000000000000e+02 1.506336688995361328e+00 1.978350396932815202e+05 -2.799878978312764777e-01
2.860000000000000000e+02 1.450970411300659180e+00 2.147533168315877556e+05 1.872602501004906883e-01
2.870000000000000000e+02 1.437454462051391602e+00 1.813573965236233489e+05 -7.420321088417826116e-01
2.880000000000000000e+02 1.559696674346923828e+00 1.792760757852304669e+05 -7.851985517714106244e-01
2.890000000000000000e+02 1.432200193405151367e+00 1.724501080491338507e+05 -9.607429523189757736e-01
2.900000000000000000e+02 1.619673967361450195e+00 1.602854168444933603e+05 -1.279868284284604307e+00
2.910000000000000000e+02 1.489654302597045898e+00 1.720056581048181397e+05 -9.124088529374043688e-01
2.920000000000000000e+02 1.639327526092529297e+00 2.214159108314505429e+05 4.890489399439803542e-01
2.930000000000000000e+02 1.598555088043212891e+00 2.146915436920982902e+05 2.923055475226405409e-01
2.940000000000000000e+02 1.709249258041381836e+00 2.072840032312173280e+05 7.742092340719500254e-02
2.950000000000000000e+02 1.614097118377685547e+00 2.206783019732736575e+05 4.630977534596058542e-01
2.960000000000000000e+02 1.890979766845703125e+00 1.886721213614904555e+05 -4.747782206652002013e-01
2.970000000000000000e+02 2.145343542098999023e+00 2.473012623845424678e+05 1.252932888528521138e+00
2.980000000000000000e+02 1.688272237777709961e+00 2.905844658421195927e+05 2.483654137150052232e+00
2.990000000000000000e+02 1.741137027740478516e+00 2.634834200739999651e+05 1.561692342363909303e+00
