2.141855294213074446e+07
1.000000000000000000e+00 1.892471313476562500e-01 1.437032658581745636e+05 0.000000000000000000e+00
2.000000000000000000e+00 1.951148509979248047e-01 1.438499627928301343e+05 7.108228333502892848e-01
3.000000000000000000e+00 2.535772323608398438e-01 8.628958076277516375e+04 -1.203819524924356621e+00
4.000000000000000000e+00 2.758188247680664062e-01 1.290838093594640231e+05 4.170678737486628873e-01
5.000000000000000000e+00 2.971901893615722656e-01 1.048946279341767222e+05 -4.573923014679025512e-01
6.000000000000000000e+00 2.685315608978271484e-01 1.190308009972642758e+05 1.162792214322528189e-01
7.000000000000000000e+00 2.986474037170410156e-01 1.360228445952427282e+05 8.106445893811577985e-01
8.000000000000000000e+00 3.456947803497314453e-01 1.329902808691376704e+05 6.026836265427150119e-01
9.000000000000000000e+00 3.784992694854736328e-01 1.249757301790584752e+05 2.030594082047413040e-01
1.000000000000000000e+01 3.908779621124267578e-01 1.357914681381206319e+05 7.030398606373631232e-01
1.100000000000000000e+01 3.643286228179931641e-01 1.372688861498598417e+05 7.291035323440633320e-01
1.200000000000000000e+01 4.968001842498779297e-01 1.638034899604922102e+05 2.001807340126037449e+00
1.300000000000000000e+01 4.274902343750000000e-01 1.519397287552281341e+05 1.137412420888105569e+00
1.400000000000000000e+01 3.813190460205078125e-01 1.560975941826410708e+05 1.233165268362699241e+00
1.500000000000000000e+01 3.996150493621826172e-01 1.388449623842532164e+05 3.773742820283461086e-01
1.600000000000000000e+01 5.551505088806152344e-01 1.516604023595543986e+05 9.435470512269200638e-01
1.700000000000000000e+01 5.214600563049316406e-01 1.867405492455394415e+05 2.485789647030904881e+00
1.800000000000000000e+01 4.672605991363525391e-01 2.091314411322630767e+05 2.968746484660922391e+00
1.900000000000000000e+01 5.519375801086425781e-01 2.667620157844195492e+05 4.316025903673898156e+00
1.900000000000000000e+01 1.011597871780395508e+00 2.201500831463319482e+05 0.000000000000000000e+00
2.000000000000000000e+01 4.785988330841064453e-01 3.342405277184341103e+05 0.000000000000000000e+00
2.100000000000000000e+01 7.048411369323730469e-01 2.280477509963102348e+05 -6.092108616251267206e-01
2.200000000000000000e+01 6.083583831787109375e-01 3.047913772420413443e+05 6.902632610712748917e-01
2.300000000000000000e+01 6.225221157073974609e-01 2.924330467331819236e+05 3.651986152383275286e-01
2.400000000000000000e+01 6.487674713134765625e-01 2.318060719608425861e+05 -8.865479508243946372e-01
2.500000000000000000e+01 5.714991092681884766e-01 2.251534979638294026e+05 -9.042022905217962370e-01
2.600000000000000000e+01 7.271382808685302734e-01 2.094269912937691552e+05 -1.131056179282642349e+00
2.700000000000000000e+01 6.623535156250000000e-01 1.596518648322793306e+05 -2.035675274213730734e+00
2.800000000000000000e+01 8.789849281311035156e-01 2.301021021744291938e+05 -2.745007623111107575e-01
2.900000000000000000e+01 8.411858081817626953e-01 1.815627585347700224e+05 -1.200635732962619606e+00
3.000000000000000000e+01 1.077847719192504883e+00 1.886915579486051865e+05 -9.390105888948536705e-01
3.100000000000000000e+01 8.311369419097900391e-01 2.798016013458890375e+05 8.840732672032455275e-01
3.200000000000000000e+01 7.616815567016601562e-01 3.173982853598189540e+05 1.557392772787129065e+00
3.300000000000000000e+01 7.618761062622070312e-01 3.107362731174707878e+05 1.257333714721677209e+00
3.400000000000000000e+01 7.482755184173583984e-01 3.209353110846137279e+05 1.340504993210316131e+00
3.500000000000000000e+01 8.366734981536865234e-01 1.680086841401878337e+05 -1.504669412196150136e+00
3.600000000000000000e+01 7.731478214263916016e-01 1.227355810128557787e+05 -2.150736664077399940e+00
3.700000000000000000e+01 8.282902240753173828e-01 1.422487031856281392e+05 -1.547730017814099579e+00
3.800000000000000000e+01 8.461794853210449219e-01 2.027720625990575645e+05 -4.939430908379872087e-01
3.900000000000000000e+01 9.027006626129150391e-01 2.842025756993859541e+05 7.889904660245221635e-01
4.000000000000000000e+01 8.579325675964355469e-01 2.265736527950827149e+05 -1.474759789394200493e-01
4.100000000000000000e+01 8.337459564208984375e-01 2.319502309899301908e+05 -5.754167542340672681e-02
4.200000000000000000e+01 7.953820228576660156e-01 2.308690630543964216e+05 -7.416024466272345961e-02
4.300000000000000000e+01 9.133591651916503906e-01 2.503242966976405878e+05 2.553462010105046476e-01
4.400000000000000000e+01 9.772491455078125000e-01 2.544787509397504327e+05 3.215157859955299902e-01
4.500000000000000000e+01 9.570007324218750000e-01 2.983216165587046416e+05 1.082873713389514103e+00
4.600000000000000000e+01 1.018958806991577148e+00 2.871430545617988100e+05 8.448548596001415056e-01
4.700000000000000000e+01 9.788138866424560547e-01 3.056168369439478847e+05 1.144111318935850274e+00
4.800000000000000000e+01 1.016682386398315430e+00 2.459792228537063929e+05 5.623378981105327246e-02
4.900000000000000000e+01 1.088392496109008789e+00 2.638442537829269422e+05 3.733507403808457581e-01
5.000000000000000000e+01 9.493334293365478516e-01 2.644209014857768198e+05 3.770488366983856254e-01
5.100000000000000000e+01 1.127616405487060547e+00 2.821365306896017282e+05 6.950209137621382594e-01
5.200000000000000000e+01 1.108089208602905273e+00 2.654466376678037341e+05 3.712825246207299701e-01
5.300000000000000000e+01 9.934203624725341797e-01 2.440167207123205299e+05 -3.603130603678864063e-02
5.400000000000000000e+01 1.141435623168945312e+00 2.563313790164758684e+05 1.984946165117253969e-01
5.500000000000000000e+01 1.075293540954589844e+00 2.893998127032083576e+05 8.329210940397028251e-01
5.600000000000000000e+01 1.218541860580444336e+00 2.561918899017099757e+05 1.712635067901673303e-01
5.700000000000000000e+01 1.111729860305786133e+00 2.567741529531326669e+05 1.804119738938263218e-01
5.800000000000000000e+01 1.155633926391601562e+00 3.093365557543548057e+05 1.222576453277937736e+00
5.900000000000000000e+01 1.253416061401367188e+00 4.056751795293928590e+05 3.088374526205280191e+00
5.900000000000000000e+01 2.410747051239013672e+00 1.393109674411604065e+05 0.000000000000000000e+00
6.000000000000000000e+01 1.238000631332397461e+00 3.638487932012422243e+05 0.000000000000000000e+00
6.100000000000000000e+01 1.256219863891601562e+00 2.933510730015423032e+05 2.630888003171357181e-01
6.200000000000000000e+01 1.241220712661743164e+00 2.801513298552365741e+05 1.275600782109065634e-01
6.300000000000000000e+01 1.273126602172851562e+00 2.711779940702226013e+05 2.139908648865620003e-02
6.400000000000000000e+01 1.299681425094604492e+00 2.592971293768767209e+05 -1.261016851452333720e-01
6.500000000000000000e+01 1.193621158599853516e+00 3.020591155640704674e+05 4.687184669852260677e-01
6.600000000000000000e+01 1.354649543762207031e+00 3.257355274923317484e+05 7.809652889437649348e-01
6.700000000000000000e+01 1.260860681533813477e+00 3.584651546501328121e+05 1.206566697890762763e+00
6.800000000000000000e+01 1.482414484024047852e+00 3.819217613810576731e+05 1.404726491221241824e+00
6.900000000000000000e+01 1.351986646652221680e+00 3.441252488656156929e+05 6.697460995393921257e-01
7.000000000000000000e+01 1.436465978622436523e+00 3.209479031093134545e+05 2.842476976761095231e-01
7.100000000000000000e+01 1.394606590270996094e+00 2.962198511337080272e+05 -1.106645579920903094e-01
7.200000000000000000e+01 1.378620624542236328e+00 3.251158247318924405e+05 3.604984675569297692e-01
7.300000000000000000e+01 1.443549633026123047e+00 3.043580367497285479e+05 -8.552454865082138435e-04
7.400000000000000000e+01 1.474622488021850586e+00 3.669608693117103539e+05 1.086854543299607068e+00
7.500000000000000000e+01 1.507923841476440430e+00 3.220821885238325922e+05 2.383367529991154421e-01
7.600000000000000000e+01 1.505578994750976562e+00 3.312296763602468418e+05 3.945302606830600189e-01
7.700000000000000000e+01 1.611047983169555664e+00 3.516003951445516432e+05 7.553928843445155694e-01
7.800000000000000000e+01 1.594849586486816406e+00 3.448324043188972282e+05 5.993861001701737967e-01
7.900000000000000000e+01 1.607500314712524414e+00 3.298162868373468518e+05 2.960126250235782241e-01
8.000000000000000000e+01 1.592752695083618164e+00 3.602720380429509678e+05 8.773300832566190977e-01
8.100000000000000000e+01 1.560613870620727539e+00 2.993797918217414990e+05 -3.417873177742787871e-01
8.200000000000000000e+01 1.750897645950317383e+00 3.764156286762283416e+05 1.196099619585859752e+00
8.300000000000000000e+01 1.903240919113159180e+00 5.923525093732622918e+05 5.391180701068883252e+00
8.300000000000000000e+01 7.736682891845703125e-04 6.036562988388157100e+04 0.000000000000000000e+00
8.400000000000000000e+01 4.368574619293212891e-01 3.246434910087730968e+05 5.484253039902139193e+00
8.400000000000000000e+01 6.947517395019531250e-04 7.733214018546052102e+04 0.000000000000000000e+00
8.500000000000000000e+01 1.938111782073974609e-01 3.467391852314494317e+05 4.219681692392122763e+00
8.500000000000000000e+01 4.361560344696044922e-01 3.450264066330132191e+05 0.000000000000000000e+00
8.600000000000000000e+01 2.312674522399902344e-01 1.537766784417809104e+05 0.000000000000000000e+00
8.700000000000000000e+01 2.894494533538818359e-01 1.436179719359695446e+05 -7.822262631986786063e-01
8.800000000000000000e+01 2.444314956665039062e-01 1.823317183270162495e+05 -2.803402215715703472e-01
8.900000000000000000e+01 3.137257099151611328e-01 1.803047214573917736e+05 -2.753603462303969573e-01
9.000000000000000000e+01 3.381621837615966797e-01 2.733073018859886797e+05 8.792542796429027030e-01
9.100000000000000000e+01 4.200575351715087891e-01 2.066752102846458729e+05 -8.058052178596990245e-02
9.200000000000000000e+01 4.827666282653808594e-01 2.191869489168666187e+05 9.724126537021662853e-02
9.300000000000000000e+01 3.129630088806152344e-01 2.429752600504069414e+05 4.465848812238311094e-01
9.400000000000000000e+01 3.173065185546875000e-01 1.771355305783852236e+05 -6.174872295951931989e-01
9.500000000000000000e+01 5.299735069274902344e-01 2.291781998285984737e+05 2.738063745344155864e-01
9.600000000000000000e+01 3.538045883178710938e-01 2.171919320637221099e+05 5.556660810726009314e-02
9.700000000000000000e+01 4.133298397064208984e-01 2.707107518642175128e+05 1.017144412522368979e+00
9.800000000000000000e+01 4.815924167633056641e-01 2.613345538540694106e+05 7.715104226471578563e-01
9.900000000000000000e+01 5.063679218292236328e-01 1.887390337788650359e+05 -6.037833053583046006e-01
1.000000000000000000e+02 4.847948551177978516e-01 1.718926644188462524e+05 -8.941493424971387327e-01
1.010000000000000000e+02 4.269511699676513672e-01 3.019454559592506266e+05 1.621400568785960283e+00
1.020000000000000000e+02 6.190655231475830078e-01 2.474094242394047324e+05 4.704258176300136207e-01
1.030000000000000000e+02 4.677929878234863281e-01 1.841123787003140606e+05 -7.215080410103485997e-01
1.040000000000000000e+02 7.409582138061523438e-01 2.418051017312832410e+05 3.944005749963884200e-01
1.050000000000000000e+02 8.036122322082519531e-01 2.566451107009050029e+05 6.696720831509275218e-01
1.060000000000000000e+02 7.112920284271240234e-01 2.509042851896337816e+05 5.347448268208219169e-01
1.070000000000000000e+02 7.800612449645996094e-01 2.284015982715035498e+05 7.120310828981391005e-02
1.080000000000000000e+02 6.028599739074707031e-01 1.929433688173566479e+05 -6.532510848575056039e-01
1.090000000000000000e+02 6.810774803161621094e-01 1.819631748315834557e+05 -8.610413287968544660e-01
1.100000000000000000e+02 6.243741512298583984e-01 1.629054368395899655e+05 -1.227651192935993452e+00
1.110000000000000000e+02 6.294133663177490234e-01 2.184904726570513449e+05 -2.508705773578702794e-02
1.120000000000000000e+02 7.002623081207275391e-01 1.731431599664097303e+05 -9.771390360932769026e-01
1.130000000000000000e+02 6.659789085388183594e-01 2.070062091860100627e+05 -2.313006970281213104e-01
1.140000000000000000e+02 8.366591930389404297e-01 2.158590612597835134e+05 -3.774506544009133269e-02
1.150000000000000000e+02 7.003707885742187500e-01 2.000763812199960230e+05 -3.808683199785555251e-01
1.160000000000000000e+02 8.169078826904296875e-01 2.085497959444502194e+05 -1.867315291757525308e-01
1.170000000000000000e+02 6.551113128662109375e-01 2.630317882136331755e+05 1.039386842020362023e+00
1.180000000000000000e+02 8.758044242858886719e-01 3.084365060460743262e+05 2.025761362720598591e+00
1.190000000000000000e+02 7.585217952728271484e-01 3.474747857536156662e+05 2.721624916945569961e+00
1.200000000000000000e+02 8.837091922760009766e-01 4.508488056077975780e+05 4.474172609653283672e+00
1.200000000000000000e+02 1.571712970733642578e+00 1.706209982492793351e+05 0.000000000000000000e+00
1.210000000000000000e+02 7.725114822387695312e-01 3.153628075391920866e+05 0.000000000000000000e+00
1.220000000000000000e+02 7.712616920471191406e-01 2.517535087503668910e+05 8.560610020488239325e-02
1.230000000000000000e+02 9.268431663513183594e-01 2.458253399074710032e+05 -1.200569278915410371e-03
1.240000000000000000e+02 8.265943527221679688e-01 2.833149153053400223e+05 6.317952028047603141e-01
1.250000000000000000e+02 8.846306800842285156e-01 2.878569754305258975e+05 6.390186061192196787e-01
1.260000000000000000e+02 9.947943687438964844e-01 2.397378792361109518e+05 -3.855753058072333150e-01
1.270000000000000000e+02 9.236938953399658203e-01 2.393953300962228386e+05 -3.648805763885144549e-01
1.280000000000000000e+02 1.053509950637817383e+00 2.526453386343109596e+05 -3.655638802212752420e-02
1.290000000000000000e+02 9.498984813690185547e-01 2.924048568670983659e+05 9.435765746082418470e-01
1.300000000000000000e+02 9.569520950317382812e-01 3.053674585553794168e+05 1.181285790621821485e+00
1.310000000000000000e+02 1.038279771804809570e+00 4.237891012700500432e+05 3.967527760678160487e+00
1.310000000000000000e+02 1.909772872924804688e+00 2.593262422312051349e+05 0.000000000000000000e+00
1.320000000000000000e+02 1.035536766052246094e+00 4.750462056131934514e+05 0.000000000000000000e+00
1.330000000000000000e+02 1.033567905426025391e+00 3.567763285613887710e+05 -6.824502920981020959e-02
1.340000000000000000e+02 9.711070060729980469e-01 3.056593654477306991e+05 -5.374279756870657954e-01
1.350000000000000000e+02 1.068064689636230469e+00 2.660718151434234460e+05 -8.952415968165846616e-01
1.360000000000000000e+02 1.107246875762939453e+00 2.750249414238717291e+05 -6.495974756776495829e-01
1.370000000000000000e+02 9.948606491088867188e-01 2.859621608398832032e+05 -4.479287891903548369e-01
1.380000000000000000e+02 1.131100654602050781e+00 2.907197520610365318e+05 -3.515335102709249981e-01
1.390000000000000000e+02 1.435216188430786133e+00 6.808136359729623655e+05 5.112742749154740807e+00
1.390000000000000000e+02 1.169204711914062500e-03 3.947129871948394430e+04 0.000000000000000000e+00
1.400000000000000000e+02 7.289218902587890625e-01 2.833700386946593062e+05 8.031518931889854329e+00
1.400000000000000000e+02 6.930828094482421875e-04 5.696683813890156307e+04 0.000000000000000000e+00
1.410000000000000000e+02 6.430983543395996094e-01 3.327221393774930038e+05 6.138575718463834541e+00
1.410000000000000000e+02 7.719993591308593750e-04 5.243527558777880768e+04 0.000000000000000000e+00
1.420000000000000000e+02 4.715056419372558594e-01 3.297604238281170838e+05 6.772533240387509146e+00
1.420000000000000000e+02 7.100105285644531250e-04 5.943898161218832684e+04 0.000000000000000000e+00
1.430000000000000000e+02 1.906979084014892578e-01 1.552595570512272243e+05 1.572722947802210891e+00
1.440000000000000000e+02 3.299794197082519531e-01 1.204071931222890998e+05 1.905094562799143632e-01
1.450000000000000000e+02 2.756652832031250000e-01 1.365720972307448101e+05 5.803552540004790483e-01
1.460000000000000000e+02 2.403776645660400391e-01 1.249783565693026903e+05 1.910303462814035014e-01
1.470000000000000000e+02 2.547974586486816406e-01 1.373714319728163537e+05 5.612924991820543719e-01
1.480000000000000000e+02 2.709436416625976562e-01 1.439350993010342063e+05 7.303412778664564176e-01
1.490000000000000000e+02 2.804780006408691406e-01 1.696651189964155492e+05 1.549887269507143506e+00
1.500000000000000000e+02 3.706171512603759766e-01 1.521593378150631033e+05 7.257607437283875029e-01
1.510000000000000000e+02 4.008240699768066406e-01 1.931436494009338785e+05 2.032673117699197896e+00
1.520000000000000000e+02 3.903357982635498047e-01 1.850795343696262862e+05 1.399273892065400204e+00
1.530000000000000000e+02 3.476030826568603516e-01 1.988802400765462662e+05 1.630133994038103662e+00
1.540000000000000000e+02 5.371382236480712891e-01 1.596504667225855519e+05 3.702687969105866173e-01
1.550000000000000000e+02 3.909690380096435547e-01 1.395764810563829087e+05 -2.007800188651663875e-01
1.560000000000000000e+02 4.512314796447753906e-01 1.805522987104127242e+05 9.834845402017604599e-01
1.570000000000000000e+02 4.789333343505859375e-01 2.135579652903474926e+05 1.876460970685132068e+00
1.580000000000000000e+02 5.192396640777587891e-01 1.823780187290508766e+05 8.105192995166635717e-01
1.590000000000000000e+02 4.761807918548583984e-01 1.721136643666190212e+05 4.944422138641876852e-01
1.600000000000000000e+02 5.214345455169677734e-01 1.553529014723444416e+05 1.188606606865121734e-02
1.610000000000000000e+02 5.632672309875488281e-01 1.659962146487232530e+05 3.161881105549433357e-01
1.620000000000000000e+02 4.820668697357177734e-01 1.733986519891362404e+05 5.249845386460206820e-01
1.630000000000000000e+02 7.174465656280517578e-01 1.754096619823358778e+05 5.701120636503186345e-01
1.640000000000000000e+02 5.737340450286865234e-01 2.763028731635158765e+05 3.610515899815715635e+00
1.640000000000000000e+02 1.077795028686523438e+00 1.929183469421671180e+05 0.000000000000000000e+00
1.650000000000000000e+02 7.024357318878173828e-01 2.472348166065607511e+05 0.000000000000000000e+00
1.660000000000000000e+02 5.622408390045166016e-01 2.473996012950656295e+05 7.113972062232798432e-01
1.670000000000000000e+02 7.669851779937744141e-01 2.311850403928974702e+05 6.370445985732636762e-02
1.680000000000000000e+02 9.580314159393310547e-01 4.479068960629552021e+05 8.503234402335291264e+00
1.680000000000000000e+02 7.829666137695312500e-04 6.019745913945692155e+04 0.000000000000000000e+00
1.690000000000000000e+02 2.020518779754638672e-01 2.902966846071039326e+05 4.698593891229354114e+00
1.690000000000000000e+02 6.252083778381347656e-01 2.876188777446277090e+05 0.000000000000000000e+00
1.700000000000000000e+02 4.028759002685546875e-01 2.601508367284932174e+05 0.000000000000000000e+00
1.710000000000000000e+02 3.024525642395019531e-01 1.483005494981097290e+05 -6.465806248091413799e+00
1.720000000000000000e+02 2.761592864990234375e-01 1.172931790934540768e+05 -1.554706990357541896e+00
1.730000000000000000e+02 3.003647327423095703e-01 1.309449398288434459e+05 -8.702045271458801468e-01
1.740000000000000000e+02 4.398787021636962891e-01 1.762627727398685820e+05 -1.595030146494605949e-01
1.750000000000000000e+02 3.701300621032714844e-01 1.532209530835790210e+05 -4.734978781833762418e-01
1.760000000000000000e+02 3.329033851623535156e-01 1.910599720572952938e+05 1.379407254206068967e-01
1.770000000000000000e+02 3.616504669189453125e-01 2.048425175500806363e+05 3.557916894913665806e-01
1.780000000000000000e+02 4.389207363128662109e-01 1.945241567573193170e+05 1.562838133818858222e-01
1.790000000000000000e+02 4.462940692901611328e-01 2.041594611436079140e+05 3.261550508349889688e-01
1.800000000000000000e+02 3.939280509948730469e-01 2.022059786917581514e+05 2.732160807964884031e-01
1.810000000000000000e+02 7.857236862182617188e-01 4.617304408588059014e+05 5.491533179590044611e+00
1.810000000000000000e+02 7.042884826660156250e-04 6.134365474917596293e+04 0.000000000000000000e+00
1.820000000000000000e+02 4.446337223052978516e-01 5.019216961198749486e+05 9.449957448811696636e+00
1.820000000000000000e+02 6.904602050781250000e-04 9.129666926335988683e+04 0.000000000000000000e+00
1.830000000000000000e+02 1.886403560638427734e-01 3.611033676270968863e+05 3.472282183644361364e+00
1.830000000000000000e+02 5.555806159973144531e-01 3.516821438138194499e+05 0.000000000000000000e+00
1.840000000000000000e+02 2.997052669525146484e-01 1.825296632564903121e+05 0.000000000000000000e+00
1.850000000000000000e+02 2.108576297760009766e-01 1.685801057313500496e+05 -8.237332319258905411e-01
1.860000000000000000e+02 4.318692684173583984e-01 2.309733503788513481e+05 -3.228439456295200544e-02
1.870000000000000000e+02 3.571472167968750000e-01 2.687824781637064298e+05 4.245769787721759836e-01
1.880000000000000000e+02 3.606057167053222656e-01 3.049667944017833797e+05 8.734165386882351001e-01
1.890000000000000000e+02 5.186736583709716797e-01 3.100654325144328759e+05 8.276558120171939592e-01
1.900000000000000000e+02 2.922561168670654297e-01 2.991092004695339710e+05 5.753840098738732811e-01
1.910000000000000000e+02 3.797163963317871094e-01 2.630865647607884603e+05 -2.307072704805017416e-02
1.920000000000000000e+02 3.465483188629150391e-01 2.692347672090939595e+05 7.919369482045468533e-02
1.930000000000000000e+02 5.087459087371826172e-01 3.029623997698095045e+05 6.637122650347219155e-01
1.940000000000000000e+02 4.459111690521240234e-01 2.467588099844712997e+05 -3.885278844932903985e-01
1.950000000000000000e+02 4.000790119171142578e-01 2.512233715341192437e+05 -2.873364009716937728e-01
1.960000000000000000e+02 5.754885673522949219e-01 1.825707978692116740e+05 -1.614777947592310525e+00
1.970000000000000000e+02 4.055323600769042969e-01 2.004026734825332533e+05 -1.093495826420242567e+00
1.980000000000000000e+02 4.245066642761230469e-01 2.205481084357881628e+05 -6.449583951075191779e-01
1.990000000000000000e+02 6.035587787628173828e-01 3.124571663496123510e+05 1.112803736799549581e+00
2.000000000000000000e+02 4.669518470764160156e-01 3.565778399129237514e+05 1.868254271908577513e+00
2.010000000000000000e+02 5.289924144744873047e-01 3.835861913431555731e+05 2.130900221797184635e+00
2.020000000000000000e+02 6.045913696289062500e-01 3.970010609462228604e+05 2.072476677246215093e+00
2.030000000000000000e+02 6.151552200317382812e-01 4.228615539350669715e+05 2.213985702994504479e+00
2.040000000000000000e+02 5.515086650848388672e-01 3.770199934393813019e+05 1.306647245867733842e+00
2.050000000000000000e+02 6.785118579864501953e-01 3.293370952873244532e+05 5.815933061127742665e-01
2.060000000000000000e+02 6.571846008300781250e-01 3.459402688876567408e+05 7.940235789088059271e-01
2.070000000000000000e+02 6.403326988220214844e-01 3.947373471751736943e+05 1.446361889716113680e+00
2.080000000000000000e+02 6.207330226898193359e-01 3.388104020849682274e+05 5.981036887017755488e-01
2.090000000000000000e+02 5.908272266387939453e-01 2.977052705364627182e+05 1.515408994230938930e-02
2.100000000000000000e+02 7.033212184906005859e-01 2.781557789254603558e+05 -2.604330313286817855e-01
2.110000000000000000e+02 6.752738952636718750e-01 2.738676213299922529e+05 -3.170575742702137489e-01
2.120000000000000000e+02 7.128624916076660156e-01 2.725424912216631346e+05 -3.304904109955013602e-01
2.130000000000000000e+02 7.139596939086914062e-01 3.007032959690508433e+05 9.226481684824820728e-02
2.140000000000000000e+02 7.711133956909179688e-01 3.323663745388276875e+05 5.673619020389999434e-01
2.150000000000000000e+02 6.559975147247314453e-01 3.113933242118114722e+05 2.366081529194633548e-01
2.160000000000000000e+02 8.335249423980712891e-01 2.900062310988614918e+05 -9.754379908594042192e-02
2.170000000000000000e+02 7.604949474334716797e-01 4.382196156874138978e+05 2.229069241981869176e+00
2.180000000000000000e+02 7.952885627746582031e-01 3.940542858962754253e+05 1.396038466717110405e+00
2.190000000000000000e+02 8.470895290374755859e-01 3.059567413303936482e+05 4.635468899058394626e-02
2.200000000000000000e+02 1.030146121978759766e+00 3.969291288430055720e+05 1.400756410196398960e+00
2.210000000000000000e+02 1.136672019958496094e+00 3.434830487936005811e+05 5.609652809978231680e-01
2.220000000000000000e+02 9.006547927856445312e-01 3.013098368739009020e+05 -7.467570917176526157e-02
2.230000000000000000e+02 8.878409862518310547e-01 2.682327379902425455e+05 -5.713684356204196124e-01
2.240000000000000000e+02 8.718783855438232422e-01 2.693399508138378151e+05 -5.454421199110282004e-01
2.250000000000000000e+02 8.823566436767578125e-01 3.032259319737438927e+05 -1.843465968360036636e-02
2.260000000000000000e+02 8.631837368011474609e-01 2.498180310685055156e+05 -8.456391664211125869e-01
2.270000000000000000e+02 9.551346302032470703e-01 2.774453994270722615e+05 -3.998091197830624388e-01
2.280000000000000000e+02 1.089598655700683594e+00 2.935685150998510071e+05 -1.416242847528588755e-01
2.290000000000000000e+02 9.950327873229980469e-01 3.343374504281391855e+05 5.070043393862336822e-01
2.300000000000000000e+02 1.005416393280029297e+00 3.661065594488410861e+05 1.008695340574960575e+00
2.310000000000000000e+02 1.014213562011718750e+00 5.104142876702664653e+05 3.297125770724239402e+00
2.310000000000000000e+02 1.966104507446289062e+00 3.544722133431409020e+05 0.000000000000000000e+00
2.320000000000000000e+02 9.368736743927001953e-01 6.738902222408326343e+05 0.000000000000000000e+00
2.330000000000000000e+02 9.823892116546630859e-01 5.538324185310354223e+05 1.755544906283019457e-01
2.340000000000000000e+02 1.086765766143798828e+00 4.683873452210103860e+05 -3.657520594274767944e-01
2.350000000000000000e+02 1.123256444931030273e+00 4.520516524960873066e+05 -4.488486277710931338e-01
2.360000000000000000e+02 1.085054874420166016e+00 4.866530965203154483e+05 -1.156028185678759646e-01
2.370000000000000000e+02 1.057388782501220703e+00 5.490050411314758239e+05 4.725101345829914035e-01
2.380000000000000000e+02 1.159347295761108398e+00 6.299460315082152374e+05 1.244937533425834353e+00
2.390000000000000000e+02 1.164813518524169922e+00 5.396133247609868413e+05 1.813076662372875014e-01
2.400000000000000000e+02 1.089778184890747070e+00 4.742194927394354017e+05 -5.087050701657568341e-01
2.410000000000000000e+02 1.447182893753051758e+00 1.125045940922054695e+06 6.603839956491455609e+00
2.410000000000000000e+02 7.750988006591796875e-04 5.309368583179783309e+04 0.000000000000000000e+00
2.420000000000000000e+02 6.110796928405761719e-01 9.138467392217918532e+05 2.222007604455631480e+01
2.420000000000000000e+02 6.895065307617187500e-04 7.084817528555788158e+04 0.000000000000000000e+00
2.430000000000000000e+02 4.763865470886230469e-01 8.422887322908737697e+05 1.469176120495853155e+01
2.430000000000000000e+02 6.942749023437500000e-04 7.766614131424663356e+04 0.000000000000000000e+00
2.440000000000000000e+02 4.819962978363037109e-01 8.000350588377185632e+05 1.244642322444374649e+01
2.440000000000000000e+02 6.916522979736328125e-04 9.073575588111567777e+04 0.000000000000000000e+00
2.450000000000000000e+02 2.229928970336914062e-01 2.054215709820465709e+05 1.080394006706324683e+00
2.460000000000000000e+02 2.834241390228271484e-01 2.120543369689307292e+05 8.735079019496706509e-01
2.470000000000000000e+02 2.107901573181152344e-01 2.192091055942231033e+05 8.352290684548819844e-01
2.480000000000000000e+02 3.058967590332031250e-01 2.522444589427742467e+05 1.333735260261541766e+00
2.490000000000000000e+02 4.423627853393554688e-01 2.378874546217510651e+05 8.019140833176051641e-01
2.500000000000000000e+02 3.263504505157470703e-01 3.223294984424248105e+05 2.301434695334085845e+00
2.510000000000000000e+02 4.209978580474853516e-01 2.167861718326421687e+05 2.465256483818263275e-02
2.520000000000000000e+02 5.807361602783203125e-01 1.931493917187291081e+05 -3.618135639793248481e-01
2.530000000000000000e+02 3.328163623809814453e-01 2.532768362430429552e+05 6.889798862239756572e-01
2.540000000000000000e+02 5.065550804138183594e-01 1.849821838324114797e+05 -5.618654550744305309e-01
2.550000000000000000e+02 3.722882270812988281e-01 2.471143137712604657e+05 6.026626173973927969e-01
2.560000000000000000e+02 4.158353805541992188e-01 2.986429595051155775e+05 1.541056935170724396e+00
2.570000000000000000e+02 3.878979682922363281e-01 2.375116057517307927e+05 2.695700653561713400e-01
2.580000000000000000e+02 4.803955554962158203e-01 2.719622903430957231e+05 9.016815555518530312e-01
2.590000000000000000e+02 4.930753707885742188e-01 2.602480633347857220e+05 6.323101184733433966e-01
2.600000000000000000e+02 4.092943668365478516e-01 3.193752020646674791e+05 1.738760678015394801e+00
2.610000000000000000e+02 6.055152416229248047e-01 3.401952379355882877e+05 1.937661320982788871e+00
2.620000000000000000e+02 4.713406562805175781e-01 3.078122895084867487e+05 1.167015303558397665e+00
2.630000000000000000e+02 5.314781665802001953e-01 3.345712293555940851e+05 1.551779639346094752e+00
2.640000000000000000e+02 5.985238552093505859e-01 3.491923193437046721e+05 1.671436609177731958e+00
2.650000000000000000e+02 5.809733867645263672e-01 3.609899077334221802e+05 1.721411732662553540e+00
2.660000000000000000e+02 5.314884185791015625e-01 3.942419672224153182e+05 2.084868856889281030e+00
2.670000000000000000e+02 7.381453514099121094e-01 4.488982120146522648e+05 2.648295459091591031e+00
2.680000000000000000e+02 5.319232940673828125e-01 4.873973587470783968e+05 2.774637742317621836e+00
2.690000000000000000e+02 6.616091728210449219e-01 4.552557663623359986e+05 2.015089033472633684e+00
2.700000000000000000e+02 6.412384510040283203e-01 3.636636196178075043e+05 8.528180840961079312e-01
2.710000000000000000e+02 5.885307788848876953e-01 3.478653717833929113e+05 6.556887187146259732e-01
2.720000000000000000e+02 7.738013267517089844e-01 3.335441686615977669e+05 4.829025775511930907e-01
2.730000000000000000e+02 6.222474575042724609e-01 2.910205001623675926e+05 9.567941118357245608e-04
2.740000000000000000e+02 7.699971199035644531e-01 2.983110839382690028e+05 8.328522998659362853e-02
2.750000000000000000e+02 6.993122100830078125e-01 3.163452073135909159e+05 2.890371678081896101e-01
2.760000000000000000e+02 8.585379123687744141e-01 4.047320197612590855e+05 1.313955847811616229e+00
2.770000000000000000e+02 6.623241901397705078e-01 4.617289224071183125e+05 1.919678314916162254e+00
2.780000000000000000e+02 8.136415481567382812e-01 3.411509820133451140e+05 4.574171555815216839e-01
2.790000000000000000e+02 7.531771659851074219e-01 3.163046227066410938e+05 1.704479731752394367e-01
2.800000000000000000e+02 8.360025882720947266e-01 2.820121011167425313e+05 -2.228261704519518549e-01
2.810000000000000000e+02 7.773730754852294922e-01 2.949196362014118349e+05 -7.072538273215264737e-02
2.820000000000000000e+02 8.765442371368408203e-01 2.841004867224892369e+05 -1.964626686859684002e-01
2.830000000000000000e+02 8.214483261108398438e-01 3.113540119866427267e+05 1.290336757822302671e-01
2.840000000000000000e+02 8.994841575622558594e-01 3.518930662403634051e+05 6.139280575388433858e-01
2.850000000000000000e+02 8.560709953308105469e-01 3.696075906001353869e+05 8.182145423991878941e-01
2.860000000000000000e+02 9.121451377868652344e-01 4.701717775173668633e+05 2.023712013027527234e+00
2.870000000000000000e+02 9.663162231445312500e-01 5.116512696871644584e+05 2.399088255422451521e+00
2.880000000000000000e+02 8.976442813873291016e-01 4.667830626001419732e+05 1.730276300295777725e+00
2.890000000000000000e+02 1.013944864273071289e+00 3.550319288361535873e+05 4.353888076478495961e-01
2.900000000000000000e+02 9.637639522552490234e-01 2.772330383483099868e+05 -4.285031296594160599e-01
2.910000000000000000e+02 8.783164024353027344e-01 2.582979392665958731e+05 -6.340674102756463926e-01
2.920000000000000000e+02 9.389257431030273438e-01 3.240053397635628353e+05 1.110175889094810187e-01
2.930000000000000000e+02 9.884517192840576172e-01 3.111419545467754360e+05 -3.566960503778999342e-02
2.940000000000000000e+02 1.027082204818725586e+00 2.780243283935502404e+05 -4.139316632563256881e-01
2.950000000000000000e+02 1.147063732147216797e+00 2.810944398388113477e+05 -3.739358743313702660e-01
2.960000000000000000e+02 9.345080852508544922e-01 2.669399347392392810e+05 -5.344864219388510973e-01
2.970000000000000000e+02 1.138474464416503906e+00 3.265268117221962893e+05 1.691673201040440333e-01
2.980000000000000000e+02 1.175578832626342773e+00 3.719177339415987371e+05 7.036692369746692099e-01
2.990000000000000000e+02 1.167164087295532227e+00 3.636038082121320185e+05 5.957054578529943356e-01
