1.932254701996729895e+07
1.000000000000000000e+00 1.212835311889648438e-03 1.397448318276981590e+05 0.000000000000000000e+00
2.000000000000000000e+00 1.205205917358398438e-03 1.552784849910545454e+05 9.603613418267678004e-01
3.000000000000000000e+00 1.194477081298828125e-03 9.001539107757227612e+04 -4.716182589775476108e-01
4.000000000000000000e+00 1.206159591674804688e-03 1.396585596969521139e+05 6.436395076075885902e-01
5.000000000000000000e+00 1.203298568725585938e-03 1.159812859798878490e+05 1.032454324481044648e-02
6.000000000000000000e+00 1.206398010253906250e-03 1.135876094213057804e+05 -5.298612825350644540e-02
7.000000000000000000e+00 1.208305358886718750e-03 1.269806397412736842e+05 3.338890601546782855e-01
8.000000000000000000e+00 1.205921173095703125e-03 1.134403185848821013e+05 -1.025319033061392188e-01
9.000000000000000000e+00 1.202821731567382812e-03 1.168854454333477770e+05 1.559027193690500947e-02
1.000000000000000000e+01 1.206874847412109375e-03 1.270914174448211124e+05 3.698054945595913856e-01
1.100000000000000000e+01 1.208066940307617188e-03 1.033158746148267528e+05 -5.136365803950323494e-01
1.200000000000000000e+01 1.210927963256835938e-03 1.262362376815666648e+05 3.768367213928088266e-01
1.300000000000000000e+01 1.202344894409179688e-03 1.151080007872289862e+05 -7.477768437550942615e-02
1.400000000000000000e+01 1.209020614624023438e-03 1.268799944528756896e+05 4.076389726005056890e-01
1.500000000000000000e+01 1.201152801513671875e-03 1.014460967389589059e+05 -6.771211187238305174e-01
1.600000000000000000e+01 1.210927963256835938e-03 1.263012456283062929e+05 4.185027739497678700e-01
1.700000000000000000e+01 1.207351684570312500e-03 1.624081697512445389e+05 1.994815085976986646e+00
1.800000000000000000e+01 1.209497451782226562e-03 1.601474144895241770e+05 1.655192425230684883e+00
1.900000000000000000e+01 1.434564590454101562e-03 2.269879884331882058e+05 4.119974206699183128e+00
1.900000000000000000e+01 2.635478973388671875e-03 2.059844530619024590e+05 0.000000000000000000e+00
2.000000000000000000e+01 1.199960708618164062e-03 2.965982132358344388e+05 0.000000000000000000e+00
2.100000000000000000e+01 1.205682754516601562e-03 1.981003843152004411e+05 -8.301538429889278037e-01
2.200000000000000000e+01 1.212358474731445312e-03 2.482293256077490514e+05 2.679928571488510713e-01
2.300000000000000000e+01 1.211404800415039062e-03 1.908502906613169762e+05 -1.024066167404157346e+00
2.400000000000000000e+01 1.210689544677734375e-03 1.386203961688631098e+05 -2.013484304650197121e+00
2.500000000000000000e+01 1.217365264892578125e-03 1.340945685337105533e+05 -1.465215902653144608e+00
2.600000000000000000e+01 1.210451126098632812e-03 1.456680487339717220e+05 -9.751259513499282994e-01
2.700000000000000000e+01 1.209735870361328125e-03 1.409275165520665760e+05 -9.470462967800550302e-01
2.800000000000000000e+01 1.217126846313476562e-03 1.398632708697455528e+05 -8.716556499216967513e-01
2.900000000000000000e+01 1.211404800415039062e-03 9.864506639966716466e+04 -1.546281070612999020e+00
3.000000000000000000e+01 1.227617263793945312e-03 1.543257297379331430e+05 -3.743864605348228847e-01
3.100000000000000000e+01 1.213788986206054688e-03 2.468874483283017180e+05 1.297587600459540580e+00
3.200000000000000000e+01 1.221656799316406250e-03 2.557910632463353686e+05 1.326701305369520245e+00
3.300000000000000000e+01 1.203775405883789062e-03 1.998360025454724964e+05 2.476843748053604022e-01
3.400000000000000000e+01 1.218080520629882812e-03 1.512877045103498385e+05 -6.188303471713952897e-01
3.500000000000000000e+01 1.213312149047851562e-03 1.386233898126814456e+05 -8.217740355097642446e-01
3.600000000000000000e+01 1.214504241943359375e-03 1.175740969315700349e+05 -1.167110748202920156e+00
3.700000000000000000e+01 1.222133636474609375e-03 1.234527765770414990e+05 -9.865497753993294205e-01
3.800000000000000000e+01 1.239299774169921875e-03 1.434800650624048722e+05 -5.728772790759152356e-01
3.900000000000000000e+01 1.211643218994140625e-03 1.750771762588902784e+05 3.025478700581763283e-02
4.000000000000000000e+01 1.212120056152343750e-03 1.437046438605898293e+05 -5.659696741797447528e-01
4.100000000000000000e+01 1.219272613525390625e-03 1.625368512190863548e+05 -1.858578415384630755e-01
4.200000000000000000e+01 1.218557357788085938e-03 1.829707042146821623e+05 2.216101530691940158e-01
4.300000000000000000e+01 1.254081726074218750e-03 2.043646264437505743e+05 6.483318580670588416e-01
4.400000000000000000e+01 1.240015029907226562e-03 1.924769813008733618e+05 3.875269442135900189e-01
4.500000000000000000e+01 1.250982284545898438e-03 1.960967368105504138e+05 4.543828237354792798e-01
4.600000000000000000e+01 1.221418380737304688e-03 1.702856215780489438e+05 -1.003411452313999613e-01
4.700000000000000000e+01 1.228094100952148438e-03 1.754802583565458481e+05 1.312893107297086540e-02
4.800000000000000000e+01 1.224756240844726562e-03 1.525796529794573726e+05 -4.886067547065938710e-01
4.900000000000000000e+01 1.225471496582031250e-03 1.821016715891133936e+05 1.765597379952270896e-01
5.000000000000000000e+01 1.222848892211914062e-03 1.920661404292273219e+05 3.985304722974783442e-01
5.100000000000000000e+01 1.213073730468750000e-03 1.822750149579038844e+05 1.674532112275395057e-01
5.200000000000000000e+01 1.233100891113281250e-03 1.730533299279939965e+05 -4.935183388304769520e-02
5.300000000000000000e+01 1.213550567626953125e-03 1.649063542792011867e+05 -2.408557820162608998e-01
5.400000000000000000e+01 1.265287399291992188e-03 1.900085822394427960e+05 3.633496188044435526e-01
5.500000000000000000e+01 1.215696334838867188e-03 1.892655308863394894e+05 3.397340869150887177e-01
5.600000000000000000e+01 1.224756240844726562e-03 1.510455117611324822e+05 -6.030534798001742081e-01
5.700000000000000000e+01 1.219511032104492188e-03 1.458638795462643320e+05 -7.206366869984603962e-01
5.800000000000000000e+01 1.216888427734375000e-03 2.043003678605986643e+05 7.491924405425931521e-01
5.900000000000000000e+01 1.497268676757812500e-03 2.993092225732298102e+05 3.115770860973617218e+00
5.900000000000000000e+01 2.705574035644531250e-03 1.349656438884204836e+05 0.000000000000000000e+00
6.000000000000000000e+01 1.225948333740234375e-03 2.178283408973455371e+05 0.000000000000000000e+00
6.100000000000000000e+01 1.220464706420898438e-03 1.916277043207861425e+05 2.599418091679818188e-01
6.200000000000000000e+01 1.213073730468750000e-03 2.176943312315986259e+05 8.551785211580507085e-01
6.300000000000000000e+01 1.213788986206054688e-03 2.115941078929594369e+05 5.396164859655822044e-01
6.400000000000000000e+01 1.217126846313476562e-03 2.134464230533363880e+05 5.329616164085704266e-01
6.500000000000000000e+01 1.218795776367187500e-03 2.534762674011492636e+05 1.721588443058020390e+00
6.600000000000000000e+01 1.215219497680664062e-03 2.413874373665231979e+05 9.825152351995596334e-01
6.700000000000000000e+01 1.185345649719238281e-02 2.563794639577251801e+05 1.288033489524289532e+00
6.800000000000000000e+01 1.220941543579101562e-03 2.729194906331083621e+05 1.561128303233968451e+00
6.900000000000000000e+01 1.232385635375976562e-03 2.191467543055673304e+05 -5.060740777395685008e-02
7.000000000000000000e+01 1.220703125000000000e-03 2.325309787356468441e+05 3.111218472855187267e-01
7.100000000000000000e+01 1.216650009155273438e-03 2.329293485924561392e+05 3.089732626839181706e-01
7.200000000000000000e+01 1.215934753417968750e-03 2.775403516474089702e+05 1.598733173969379084e+00
7.300000000000000000e+01 1.266241073608398438e-03 2.393530993653946498e+05 3.518722749717563825e-01
7.400000000000000000e+01 1.213550567626953125e-03 2.577306587869327050e+05 8.663302910997766615e-01
7.500000000000000000e+01 1.216411590576171875e-03 2.345137617059857002e+05 1.478485768432012404e-01
7.600000000000000000e+01 1.224994659423828125e-03 2.419433954835383047e+05 3.657224807022442792e-01
7.700000000000000000e+01 1.220941543579101562e-03 2.599661118678358325e+05 9.078215265850012594e-01
7.800000000000000000e+01 1.255273818969726562e-03 2.756184394671519403e+05 1.348707937293902592e+00
7.900000000000000000e+01 1.263141632080078125e-03 2.852301420583950239e+05 1.548710822534689058e+00
8.000000000000000000e+01 1.231193542480468750e-03 3.293024042734646355e+05 2.724549789731020688e+00
8.100000000000000000e+01 1.246452331542968750e-03 2.515085105310840590e+05 2.775708889980443295e-01
8.200000000000000000e+01 1.244306564331054688e-03 3.081098129950165749e+05 1.767293159518217083e+00
8.300000000000000000e+01 4.172089099884033203e-01 5.441411076489043189e+05 7.609291669471712538e+00
8.300000000000000000e+01 7.858276367187500000e-04 4.160187929702547990e+04 0.000000000000000000e+00
8.400000000000000000e+01 3.954701423645019531e-01 4.290813184762839810e+05 1.246486254538203653e+01
8.400000000000000000e+01 7.710456848144531250e-04 4.556025915179256117e+04 0.000000000000000000e+00
8.500000000000000000e+01 4.295020103454589844e-01 3.471294707589641330e+05 8.653754570108990407e+00
8.500000000000000000e+01 7.770061492919921875e-04 4.445326593038550345e+04 0.000000000000000000e+00
8.600000000000000000e+01 6.108715534210205078e-01 3.387554332729716552e+05 8.655672483299142073e+00
8.600000000000000000e+01 1.625537872314453125e-03 4.902674798721521802e+04 0.000000000000000000e+00
8.700000000000000000e+01 2.741813659667968750e-03 1.880822535665345495e+05 3.304054268373640468e+00
8.700000000000000000e+01 4.520893096923828125e-03 1.993899412954936852e+05 0.000000000000000000e+00
8.800000000000000000e+01 1.348900794982910156e-02 1.671561491479963879e+05 0.000000000000000000e+00
8.900000000000000000e+01 1.074314117431640625e-02 1.797972255918158044e+05 -1.524968343319855479e-01
9.000000000000000000e+01 4.840712547302246094e-01 2.646241922912842128e+05 5.080227576230396558e+00
9.000000000000000000e+01 1.190185546875000000e-03 3.762129749486989022e+04 0.000000000000000000e+00
9.100000000000000000e+01 6.132626533508300781e-01 2.595894438448329165e+05 7.636846880319652975e+00
9.100000000000000000e+01 8.349418640136718750e-04 5.751152531640251982e+04 0.000000000000000000e+00
9.200000000000000000e+01 1.316785812377929688e-03 1.983064047224729438e+05 2.755051923061226038e+00
9.300000000000000000e+01 1.338720321655273438e-03 1.962601970465842751e+05 1.026233722187503750e+00
9.400000000000000000e+01 1.280546188354492188e-03 1.297702105653373292e+05 -1.758593493075618630e-01
9.500000000000000000e+01 1.282453536987304688e-03 1.804244788285258401e+05 6.915147332444213646e-01
9.600000000000000000e+01 1.285076141357421875e-03 1.467034545814515150e+05 8.755340562930698928e-03
9.700000000000000000e+01 1.295566558837890625e-03 1.621778291773723031e+05 3.126736394806439723e-01
9.800000000000000000e+01 1.283168792724609375e-03 1.468774638794782222e+05 -2.942935884629206342e-02
9.900000000000000000e+01 1.493453979492187500e-03 1.224105257853934745e+05 -5.798609636834679559e-01
1.000000000000000000e+02 1.284599304199218750e-03 1.384734903606539883e+05 -1.661105622761422651e-01
1.010000000000000000e+02 1.297235488891601562e-03 1.269834733579679596e+05 -4.430017496380399544e-01
1.020000000000000000e+02 1.281738281250000000e-03 1.255410532098520489e+05 -4.591920752015269946e-01
1.030000000000000000e+02 4.353523254394531250e-03 1.318594403086740931e+05 -2.707458810391417114e-01
1.040000000000000000e+02 1.289844512939453125e-03 1.621937722595621017e+05 5.767191618964038202e-01
1.050000000000000000e+02 1.295089721679687500e-03 1.075218511168801779e+05 -9.962859207430735387e-01
1.060000000000000000e+02 1.296758651733398438e-03 1.490043901955057227e+05 2.413384108654176019e-01
1.070000000000000000e+02 1.296281814575195312e-03 1.372020891895263048e+05 -1.112138323002242052e-01
1.080000000000000000e+02 1.289367675781250000e-03 1.440894518651790568e+05 9.944767612229869769e-02
1.090000000000000000e+02 1.286745071411132812e-03 1.480581006827632664e+05 2.200211888344571209e-01
1.100000000000000000e+02 1.282930374145507812e-03 1.296838330939620209e+05 -3.703459452176648958e-01
1.110000000000000000e+02 1.288414001464843750e-03 1.491254979271091288e+05 2.720616005570006268e-01
1.120000000000000000e+02 1.278877258300781250e-03 1.141386581772336503e+05 -8.990123379885150978e-01
1.130000000000000000e+02 1.299381256103515625e-03 1.491782316178183246e+05 3.080753962254714762e-01
1.140000000000000000e+02 1.278162002563476562e-03 1.471173122059225861e+05 2.308866198123381286e-01
1.150000000000000000e+02 1.285552978515625000e-03 1.361944218686256499e+05 -1.543694041098921943e-01
1.160000000000000000e+02 1.288652420043945312e-03 1.674895621940353303e+05 9.608042561222963629e-01
1.170000000000000000e+02 1.288652420043945312e-03 1.680661493387630035e+05 9.477367920119030842e-01
1.180000000000000000e+02 1.286268234252929688e-03 1.417185917316045961e+05 -2.456650510125722373e-02
1.190000000000000000e+02 1.294851303100585938e-03 1.466462695255130529e+05 1.550131212908419931e-01
1.200000000000000000e+02 1.303434371948242188e-03 1.661607148414412222e+05 8.742288023812495590e-01
1.210000000000000000e+02 1.296758651733398438e-03 1.321950646293136815e+05 -4.120741689165917654e-01
1.220000000000000000e+02 1.309871673583984375e-03 1.470661021958312776e+05 1.553585476216110539e-01
1.230000000000000000e+02 1.300096511840820312e-03 1.332320410850174085e+05 -3.761266005662342593e-01
1.240000000000000000e+02 1.307249069213867188e-03 1.531367246087209496e+05 4.015407391795227099e-01
1.250000000000000000e+02 1.283645629882812500e-03 1.521106291525205888e+05 3.547255231507965290e-01
1.260000000000000000e+02 1.290321350097656250e-03 1.643546516931913211e+05 8.359754440868958358e-01
1.270000000000000000e+02 1.287460327148437500e-03 1.399953847681524057e+05 -1.555853323225154516e-01
1.280000000000000000e+02 1.310586929321289062e-03 1.800276910437188926e+05 1.466380313777192912e+00
1.290000000000000000e+02 1.506090164184570312e-03 2.507597317157789366e+05 4.230432634439043049e+00
1.290000000000000000e+02 2.746105194091796875e-03 1.462161971267634362e+05 0.000000000000000000e+00
1.300000000000000000e+02 1.712083816528320312e-03 2.194750934616294107e+05 0.000000000000000000e+00
1.310000000000000000e+02 2.444505691528320312e-03 2.963624843815251370e+05 2.191365983200328937e+00
1.320000000000000000e+02 2.704858779907226562e-03 2.054824523144919367e+05 -2.024779982774418119e-01
1.330000000000000000e+02 2.192735671997070312e-03 1.717941991534825356e+05 -7.299356984269969040e-01
1.340000000000000000e+02 2.441644668579101562e-03 1.538947704282256600e+05 -9.440381230012502289e-01
1.350000000000000000e+02 2.714633941650390625e-03 1.829913586372037535e+05 -2.851917512151062595e-01
1.360000000000000000e+02 2.478361129760742188e-03 2.045435676537492254e+05 1.551565278921354651e-01
1.370000000000000000e+02 2.196550369262695312e-03 1.858221906008004444e+05 -2.480143693343381528e-01
1.380000000000000000e+02 2.188682556152343750e-03 1.507784201559087087e+05 -1.020928101211978634e+00
1.390000000000000000e+02 6.888833045959472656e-01 5.760779892127237981e+05 8.652066710053542664e+00
1.390000000000000000e+02 2.017021179199218750e-03 2.665399027270059378e+04 0.000000000000000000e+00
1.400000000000000000e+02 8.670873641967773438e-01 3.015286794597747503e+05 1.387725786456759636e+01
1.400000000000000000e+02 7.965564727783203125e-04 3.525330993250185566e+04 0.000000000000000000e+00
1.410000000000000000e+02 4.169509410858154297e-01 3.260662546580366325e+05 1.095907750993262120e+01
1.410000000000000000e+02 7.755756378173828125e-04 3.069257530059841883e+04 0.000000000000000000e+00
1.420000000000000000e+02 3.978159427642822266e-01 2.729153898439906188e+05 1.045372889612363743e+01
1.420000000000000000e+02 7.772445678710937500e-04 3.250017415733742746e+04 0.000000000000000000e+00
1.430000000000000000e+02 1.453876495361328125e-03 1.609626808980029891e+05 4.882814626913930312e+00
1.430000000000000000e+02 2.641916275024414062e-03 1.615596506381860236e+05 0.000000000000000000e+00
1.440000000000000000e+02 1.238107681274414062e-03 1.116620887745526998e+05 0.000000000000000000e+00
1.450000000000000000e+02 1.225709915161132812e-03 1.171369090500985039e+05 -5.519375745950111378e-01
1.460000000000000000e+02 1.234292984008789062e-03 1.235387447647972149e+05 -2.404809092815677063e-01
1.470000000000000000e+02 1.231670379638671875e-03 1.263130102074033202e+05 -9.569981115689675522e-02
1.480000000000000000e+02 1.228809356689453125e-03 1.078772170384898054e+05 -1.029729956875723218e+00
1.490000000000000000e+02 1.224040985107421875e-03 1.326127224123956694e+05 4.098216094799634335e-01
1.500000000000000000e+02 1.233100891113281250e-03 1.190698845210308355e+05 -3.763704388664145251e-01
1.510000000000000000e+02 1.235723495483398438e-03 1.473717863098263333e+05 1.336472716718852372e+00
1.520000000000000000e+02 1.235723495483398438e-03 1.167443358398773125e+05 -6.170736856398109094e-01
1.530000000000000000e+02 1.232385635375976562e-03 1.121128870477147284e+05 -8.538382884999353717e-01
1.540000000000000000e+02 1.236915588378906250e-03 1.401688038372102601e+05 9.174212331361878414e-01
1.550000000000000000e+02 1.228809356689453125e-03 1.320865818211229052e+05 3.528894181759486548e-01
1.560000000000000000e+02 1.234531402587890625e-03 1.621326244066926592e+05 2.258052459869826833e+00
1.570000000000000000e+02 1.228094100952148438e-03 1.369533661896019767e+05 4.302070915048318289e-01
1.580000000000000000e+02 1.237869262695312500e-03 1.440443832506190520e+05 8.255843088861021251e-01
1.590000000000000000e+02 1.230716705322265625e-03 1.648467271090862632e+05 2.005869771608503882e+00
1.600000000000000000e+02 1.231908798217773438e-03 1.482916338884926809e+05 8.444650071113722900e-01
1.610000000000000000e+02 1.227855682373046875e-03 1.619822727757657412e+05 1.554988576896221719e+00
1.620000000000000000e+02 1.231670379638671875e-03 1.613727822245035495e+05 1.390771937557687910e+00
1.630000000000000000e+02 1.242399215698242188e-03 1.610483997054034844e+05 1.276249747442211868e+00
1.640000000000000000e+02 4.107899665832519531e-01 2.605748944443101063e+05 6.281528855766327801e+00
1.640000000000000000e+02 7.734298706054687500e-04 3.374085679852347675e+04 0.000000000000000000e+00
1.650000000000000000e+02 4.125413894653320312e-01 2.651106055986981955e+05 8.990520004935316223e+00
1.650000000000000000e+02 7.703304290771484375e-04 3.771429310797381186e+04 0.000000000000000000e+00
1.660000000000000000e+02 2.038025856018066406e-02 1.711922296570522012e+05 4.298059499004764028e+00
1.660000000000000000e+02 2.207517623901367188e-02 2.064963330675230245e+05 0.000000000000000000e+00
1.670000000000000000e+02 1.247406005859375000e-03 1.317706737711441529e+05 0.000000000000000000e+00
1.680000000000000000e+02 4.085063934326171875e-03 1.950792230192922580e+05 4.910333196025619129e-01
1.690000000000000000e+02 8.608102798461914062e-03 1.850815728795113682e+05 1.813364841424976170e-01
1.700000000000000000e+02 1.805305480957031250e-03 2.916817286571663572e+05 3.389101134949435323e+00
1.700000000000000000e+02 5.810499191284179688e-03 2.361964735876108170e+05 0.000000000000000000e+00
1.710000000000000000e+02 1.229286193847656250e-03 2.099175312794907368e+05 0.000000000000000000e+00
1.720000000000000000e+02 2.555370330810546875e-03 1.168350648566223826e+05 -5.716383215941797324e+00
1.730000000000000000e+02 1.243829727172851562e-03 2.109410410227834655e+05 3.713600840073895126e-01
1.740000000000000000e+02 1.232862472534179688e-03 2.475626628492843884e+05 1.029947466770130271e+00
1.750000000000000000e+02 1.235008239746093750e-03 1.803105638448103273e+05 -4.655032767870205812e-01
1.760000000000000000e+02 1.227617263793945312e-03 1.735101114604396862e+05 -5.686072818096662429e-01
1.770000000000000000e+02 1.242160797119140625e-03 1.693262069579133240e+05 -6.143985115420054210e-01
1.780000000000000000e+02 1.231908798217773438e-03 1.592435434785486432e+05 -8.053311066894773829e-01
1.790000000000000000e+02 1.235485076904296875e-03 1.745249129698213073e+05 -3.617950335735634626e-01
1.800000000000000000e+02 1.228809356689453125e-03 1.604120008679404855e+05 -7.063349112362647952e-01
1.810000000000000000e+02 4.125225543975830078e-01 4.583350423150691204e+05 7.231334503807355318e+00
1.810000000000000000e+02 7.815361022949218750e-04 3.704315603364817798e+04 0.000000000000000000e+00
1.820000000000000000e+02 4.376924037933349609e-01 5.356208805858688429e+05 1.832732374407414611e+01
1.820000000000000000e+02 7.758140563964843750e-04 5.789633807875803905e+04 0.000000000000000000e+00
1.830000000000000000e+02 4.004280567169189453e-01 3.582648789140742738e+05 6.629890311473674025e+00
1.830000000000000000e+02 7.691383361816406250e-04 5.578745753524593601e+04 0.000000000000000000e+00
1.840000000000000000e+02 1.469612121582031250e-03 2.117370502102668979e+05 3.246219624990608121e+00
1.840000000000000000e+02 2.659320831298828125e-03 2.068853428442776785e+05 0.000000000000000000e+00
1.850000000000000000e+02 1.256704330444335938e-03 1.631411237041076820e+05 0.000000000000000000e+00
1.860000000000000000e+02 1.236915588378906250e-03 2.313384847580163914e+05 1.497656152435626442e+00
1.870000000000000000e+02 1.232624053955078125e-03 1.916822534332282667e+05 -2.539108937335750049e-01
1.880000000000000000e+02 1.448392868041992188e-03 3.052513054404922295e+05 3.747537175647297047e+00
1.880000000000000000e+02 2.640724182128906250e-03 2.583321065966879542e+05 0.000000000000000000e+00
1.890000000000000000e+02 1.234054565429687500e-03 3.036246488586055348e+05 0.000000000000000000e+00
1.900000000000000000e+02 1.236200332641601562e-03 2.557193814876488177e+05 -7.886864651572260687e-01
1.910000000000000000e+02 1.244306564331054688e-03 1.966299785932961677e+05 -2.818900189838994041e+00
1.920000000000000000e+02 1.243114471435546875e-03 2.435241443258860381e+05 -2.291164718062512207e-01
1.930000000000000000e+02 1.241922378540039062e-03 2.622712074321127147e+05 2.797891765273601283e-01
1.940000000000000000e+02 1.240491867065429688e-03 2.426847306979372224e+05 -3.091447606637013346e-01
1.950000000000000000e+02 1.239538192749023438e-03 2.557143344435949402e+05 1.224442931172253640e-01
1.960000000000000000e+02 1.240253448486328125e-03 1.736689788397430093e+05 -2.672417945909379977e+00
1.970000000000000000e+02 1.237869262695312500e-03 1.948847045878710342e+05 -1.280885567668559988e+00
1.980000000000000000e+02 1.239538192749023438e-03 2.014950924214340339e+05 -9.539636574896496191e-01
1.990000000000000000e+02 1.250028610229492188e-03 2.245486000234942476e+05 -2.786316471029295361e-01
2.000000000000000000e+02 1.243114471435546875e-03 2.750544910798633355e+05 1.098121989771450702e+00
2.010000000000000000e+02 1.459360122680664062e-03 3.608745292457157630e+05 3.317560917985326263e+00
2.010000000000000000e+02 2.655506134033203125e-03 2.310130448678812827e+05 0.000000000000000000e+00
2.020000000000000000e+02 1.248121261596679688e-03 3.181452797023856547e+05 0.000000000000000000e+00
2.030000000000000000e+02 1.243829727172851562e-03 3.174306824357481091e+05 6.955083968683550832e-01
2.040000000000000000e+02 1.247644424438476562e-03 2.066764930012788973e+05 -1.640422869591295241e+00
2.050000000000000000e+02 1.237392425537109375e-03 1.794097148526150268e+05 -1.533318041517212516e+00
2.060000000000000000e+02 1.240253448486328125e-03 2.101593672534287616e+05 -6.303764172466741478e-01
2.070000000000000000e+02 1.241683959960937500e-03 2.182483317669023527e+05 -4.287271520850441942e-01
2.080000000000000000e+02 1.241683959960937500e-03 1.992071424418246315e+05 -7.408763821565635954e-01
2.090000000000000000e+02 1.250028610229492188e-03 2.391099050698022475e+05 7.660430504344070690e-02
2.100000000000000000e+02 1.247167587280273438e-03 2.247279217091575556e+05 -2.162494592785112468e-01
2.110000000000000000e+02 1.241207122802734375e-03 2.458927768549726461e+05 2.440519097199508325e-01
2.120000000000000000e+02 1.236438751220703125e-03 2.527031777015234402e+05 3.853224948703964370e-01
2.130000000000000000e+02 1.255512237548828125e-03 2.526928092018890602e+05 3.677153568938278938e-01
2.140000000000000000e+02 1.242637634277343750e-03 1.902221731658578210e+05 -1.157545168140289293e+00
2.150000000000000000e+02 1.254796981811523438e-03 1.780111083687206847e+05 -1.357346267350943325e+00
2.160000000000000000e+02 1.250028610229492188e-03 1.611464959634234256e+05 -1.629392498345822116e+00
2.170000000000000000e+02 1.263380050659179688e-03 2.211678057323118264e+05 -1.198912336081554980e-01
2.180000000000000000e+02 1.258373260498046875e-03 1.857243103206806409e+05 -9.315687932575408281e-01
2.190000000000000000e+02 1.257896423339843750e-03 2.411452479373217502e+05 3.967921482798424382e-01
2.200000000000000000e+02 1.253843307495117188e-03 3.298098018061054172e+05 2.485250360706405814e+00
2.210000000000000000e+02 1.247167587280273438e-03 2.889150098328987951e+05 1.242277391783200624e+00
2.220000000000000000e+02 1.263141632080078125e-03 2.627768029674454592e+05 6.234543517385531253e-01
2.230000000000000000e+02 1.245021820068359375e-03 2.349326612528949918e+05 1.367349986672987752e-02
2.240000000000000000e+02 1.257658004760742188e-03 2.230234264086936018e+05 -2.451448202222440143e-01
2.250000000000000000e+02 1.238584518432617188e-03 2.477320082051327045e+05 3.078281071704327965e-01
2.260000000000000000e+02 1.256942749023437500e-03 2.193711295006915170e+05 -3.396664164585657120e-01
2.270000000000000000e+02 1.251459121704101562e-03 2.324871454833516909e+05 -3.073824571113761492e-02
2.280000000000000000e+02 1.241445541381835938e-03 1.951646925550069136e+05 -9.060581995528943500e-01
2.290000000000000000e+02 1.250028610229492188e-03 2.510117551621470193e+05 4.385998547413281767e-01
2.300000000000000000e+02 1.261711120605468750e-03 2.811194083862873376e+05 1.149615211262030146e+00
2.310000000000000000e+02 1.488685607910156250e-03 4.334829436297998182e+05 4.731567583919927600e+00
2.310000000000000000e+02 2.713918685913085938e-03 3.425622691078523640e+05 0.000000000000000000e+00
2.320000000000000000e+02 1.271963119506835938e-03 5.597586647279059980e+05 0.000000000000000000e+00
2.330000000000000000e+02 1.266241073608398438e-03 3.745241418266221881e+05 -4.989959893445049532e-01
2.340000000000000000e+02 1.267194747924804688e-03 3.009549303548395983e+05 -1.063055484547090757e+00
2.350000000000000000e+02 1.258134841918945312e-03 2.318725220169832464e+05 -1.423025402772366110e+00
2.360000000000000000e+02 1.265048980712890625e-03 2.646172855650489801e+05 -7.925942551424856042e-01
2.370000000000000000e+02 1.257419586181640625e-03 2.445465647487321985e+05 -8.662706572431819740e-01
2.380000000000000000e+02 1.248598098754882812e-03 2.550158027137764730e+05 -6.731950478914799918e-01
2.390000000000000000e+02 1.290798187255859375e-03 2.525055571878804476e+05 -6.393905024119981295e-01
2.400000000000000000e+02 1.276254653930664062e-03 2.396754073984592105e+05 -7.159254767887375248e-01
2.410000000000000000e+02 4.393477439880371094e-01 9.681981302793339128e+05 6.568981339368288097e+00
2.410000000000000000e+02 7.848739624023437500e-04 3.426191938581028080e+04 0.000000000000000000e+00
2.420000000000000000e+02 5.880863666534423828e-01 1.086031801099686651e+06 4.270631715650837634e+01
2.420000000000000000e+02 1.638412475585937500e-03 4.482506472924037371e+04 0.000000000000000000e+00
2.430000000000000000e+02 6.652300357818603516e-01 8.422051107589071617e+05 2.444992717453324005e+01
2.430000000000000000e+02 7.946491241455078125e-04 5.185755641332193045e+04 0.000000000000000000e+00
2.440000000000000000e+02 4.788856506347656250e-01 1.316014298987624468e+06 3.376786145805542105e+01
2.440000000000000000e+02 7.705688476562500000e-04 5.395458434610949189e+04 0.000000000000000000e+00
2.450000000000000000e+02 1.458644866943359375e-03 2.020460393917862093e+05 3.174545662907632515e+00
2.450000000000000000e+02 2.651929855346679688e-03 2.161034594285292260e+05 0.000000000000000000e+00
2.460000000000000000e+02 1.250028610229492188e-03 2.641610064596703160e+05 0.000000000000000000e+00
2.470000000000000000e+02 1.232385635375976562e-03 2.127089573534119409e+05 -8.069984978616351334e-01
2.480000000000000000e+02 1.243591308593750000e-03 2.753065118303105701e+05 1.540009204518957953e+00
2.490000000000000000e+02 1.239776611328125000e-03 2.357209624431030534e+05 -1.965911277428035175e-01
2.500000000000000000e+02 1.249074935913085938e-03 3.216578551803709124e+05 2.876214363083469561e+00
2.510000000000000000e+02 1.248598098754882812e-03 2.034398882115313318e+05 -1.225097719476456515e+00
2.520000000000000000e+02 1.246690750122070312e-03 1.870274416131303005e+05 -1.412283245037978530e+00
2.530000000000000000e+02 1.238107681274414062e-03 2.429234235747769999e+05 7.627036829207319013e-02
2.540000000000000000e+02 1.248836517333984375e-03 2.083601586539550335e+05 -7.542529955904662131e-01
2.550000000000000000e+02 1.236438751220703125e-03 2.475062524054237583e+05 2.647680746111324424e-01
2.560000000000000000e+02 1.248121261596679688e-03 2.598305022089430422e+05 5.712056366011546427e-01
2.570000000000000000e+02 1.234769821166992188e-03 2.381246001951249491e+05 -3.838151162314787368e-02
2.580000000000000000e+02 1.252651214599609375e-03 2.591522114912021789e+05 5.493262529582008113e-01
2.590000000000000000e+02 1.237869262695312500e-03 2.615102229834262689e+05 5.924747170772507454e-01
2.600000000000000000e+02 1.250505447387695312e-03 3.250680035123273265e+05 2.435611321421174758e+00
2.610000000000000000e+02 1.233816146850585938e-03 3.028944427221366786e+05 1.428577141722485511e+00
2.620000000000000000e+02 1.245260238647460938e-03 2.669487095900417189e+05 4.074330506995987866e-01
2.630000000000000000e+02 1.240968704223632812e-03 2.627405610719526303e+05 2.866326314527826713e-01
2.640000000000000000e+02 1.253366470336914062e-03 2.828724751015380025e+05 8.096106014595469968e-01
2.650000000000000000e+02 1.245260238647460938e-03 3.181992544812872657e+05 1.717751107845140401e+00
2.660000000000000000e+02 1.236677169799804688e-03 3.156040986592369154e+05 1.500406964123833564e+00
2.670000000000000000e+02 1.240730285644531250e-03 3.420737024857987417e+05 2.051909117259533399e+00
2.680000000000000000e+02 1.237154006958007812e-03 3.426863155179255409e+05 1.854432067734234302e+00
2.690000000000000000e+02 1.240491867065429688e-03 3.890539515802250244e+05 2.724054834195541286e+00
2.700000000000000000e+02 1.246929168701171875e-03 3.104357071890203515e+05 7.762130250514575058e-01
2.710000000000000000e+02 1.242160797119140625e-03 2.901968447470251704e+05 3.482238157449119575e-01
2.720000000000000000e+02 1.242399215698242188e-03 2.961496503782818327e+05 4.622183252807279819e-01
2.730000000000000000e+02 1.248598098754882812e-03 2.672761724244374200e+05 -1.435406872444274506e-01
2.740000000000000000e+02 1.245975494384765625e-03 2.616604469576154952e+05 -2.590751094724853543e-01
2.750000000000000000e+02 1.252412796020507812e-03 2.934978473441804526e+05 4.254164717391623052e-01
2.760000000000000000e+02 1.244544982910156250e-03 3.965695035689180950e+05 2.649814925184455383e+00
2.770000000000000000e+02 1.462221145629882812e-03 4.795045416839438840e+05 4.004538899735678115e+00
2.770000000000000000e+02 2.655982971191406250e-03 2.117821767530715151e+05 0.000000000000000000e+00
2.780000000000000000e+02 1.246929168701171875e-03 3.052011926368406275e+05 0.000000000000000000e+00
2.790000000000000000e+02 1.248359680175781250e-03 2.869064274443655740e+05 4.301534777197248416e-01
2.800000000000000000e+02 1.247167587280273438e-03 2.705739020591073786e+05 5.273302146379195421e-02
2.810000000000000000e+02 1.240491867065429688e-03 2.903865567501311889e+05 5.383027580314582172e-01
2.820000000000000000e+02 1.253604888916015625e-03 2.851050661468593171e+05 3.338124849072401368e-01
2.830000000000000000e+02 1.247644424438476562e-03 2.968131138448294951e+05 6.634371174726837461e-01
2.840000000000000000e+02 1.249074935913085938e-03 2.990116567497248179e+05 6.712957705525215424e-01
2.850000000000000000e+02 1.239299774169921875e-03 2.982991117898777593e+05 5.906302236733026456e-01
2.860000000000000000e+02 1.455068588256835938e-03 4.056824815508691245e+05 4.324087668801717577e+00
2.860000000000000000e+02 2.657175064086914062e-03 2.176769128592897614e+05 0.000000000000000000e+00
2.870000000000000000e+02 1.239538192749023438e-03 3.843274862097688019e+05 0.000000000000000000e+00
2.880000000000000000e+02 1.249313354492187500e-03 3.492507506734022172e+05 4.094420679966403465e-01
2.890000000000000000e+02 1.247882843017578125e-03 2.697939724259480718e+05 -5.382654506740877087e-01
2.900000000000000000e+02 1.256465911865234375e-03 2.215634981424876023e+05 -1.108115684424462843e+00
2.910000000000000000e+02 1.248359680175781250e-03 2.191384685342017328e+05 -9.206332846935132430e-01
2.920000000000000000e+02 1.259088516235351562e-03 2.887387996180403279e+05 1.611119533883763610e-01
2.930000000000000000e+02 1.243591308593750000e-03 2.795813675393132144e+05 1.405094385408805178e-02
2.940000000000000000e+02 1.250267028808593750e-03 2.628386308699197252e+05 -2.570491785731582324e-01
2.950000000000000000e+02 1.249790191650390625e-03 2.801886251709339558e+05 5.498095852322420346e-02
2.960000000000000000e+02 1.244783401489257812e-03 2.493628468979405880e+05 -5.094304949399751647e-01
2.970000000000000000e+02 1.248598098754882812e-03 3.396500528443324147e+05 1.230625443483183590e+00
2.980000000000000000e+02 1.250028610229492188e-03 3.731583363260867773e+05 1.733317965523796245e+00
2.990000000000000000e+02 1.252651214599609375e-03 3.720853689422679599e+05 1.474771124150610513e+00
