4.583304266195511073e+07
1.000000000000000000e+00 1.232147216796875000e-03 1.572139601141908788e+05 0.000000000000000000e+00
2.000000000000000000e+00 1.149654388427734375e-03 1.763213952285496343e+05 1.130989929830903629e+00
3.000000000000000000e+00 1.147270202636718750e-03 2.248008208050692338e+05 1.900776135750624762e+00
4.000000000000000000e+00 1.137018203735351562e-03 1.594906268170856638e+05 -6.364373556830894840e-02
5.000000000000000000e+00 1.142740249633789062e-03 1.618194485628523980e+05 -9.319215453279849903e-03
6.000000000000000000e+00 1.135826110839843750e-03 2.005178316367267107e+05 9.098436917420020809e-01
7.000000000000000000e+00 1.147508621215820312e-03 2.500567695082456048e+05 2.004824477226319956e+00
8.000000000000000000e+00 1.142978668212890625e-03 2.045043277158120181e+05 5.539027826358362550e-01
9.000000000000000000e+00 1.132249832153320312e-03 1.582635409074427153e+05 -4.956467079885581439e-01
1.000000000000000000e+01 1.132726669311523438e-03 1.606866118810366315e+05 -4.112484546546103514e-01
1.100000000000000000e+01 1.143693923950195312e-03 2.243976356177434791e+05 1.134141581985951719e+00
1.200000000000000000e+01 1.144170761108398438e-03 2.714844268535037991e+05 2.149212670905139344e+00
1.300000000000000000e+01 1.141786575317382812e-03 2.923522786994178896e+05 2.198340283904120618e+00
1.400000000000000000e+01 1.368284225463867188e-03 3.738924072860726155e+05 3.336823593587448400e+00
1.400000000000000000e+01 2.477407455444335938e-03 2.341442514418291394e+05 0.000000000000000000e+00
1.500000000000000000e+01 1.160383224487304688e-03 2.436454402577960573e+05 0.000000000000000000e+00
1.600000000000000000e+01 1.146316528320312500e-03 1.850272318123698642e+05 -8.017976678498230925e+00
1.700000000000000000e+01 7.241725921630859375e-03 2.082166737862642913e+05 -4.043804546807514000e-01
1.800000000000000000e+01 1.146316528320312500e-03 2.440602515917510027e+05 9.938778603063486150e-01
1.900000000000000000e+01 1.150131225585937500e-03 2.885137813561524963e+05 2.542446702119039337e+00
2.000000000000000000e+01 1.370668411254882812e-03 3.789742133621103130e+05 4.109215121225281209e+00
2.000000000000000000e+01 2.499341964721679688e-03 3.160435135805355385e+05 0.000000000000000000e+00
2.100000000000000000e+01 1.154661178588867188e-03 2.475828622784155014e+05 0.000000000000000000e+00
2.200000000000000000e+01 1.148223876953125000e-03 3.485175087685083854e+05 1.377932482458362529e+00
2.300000000000000000e+01 1.152276992797851562e-03 3.877424030710264924e+05 1.624332490118299388e+00
2.400000000000000000e+01 1.146078109741210938e-03 2.729983465149252443e+05 -8.758712356389593001e-01
2.500000000000000000e+01 1.146554946899414062e-03 3.515157770243606647e+05 6.549327273679602657e-01
2.600000000000000000e+01 1.140356063842773438e-03 3.380357330548355822e+05 3.286146087309269048e-01
2.700000000000000000e+01 1.149892807006835938e-03 3.133594689122912241e+05 -2.029719946244086803e-01
2.800000000000000000e+01 1.153230667114257812e-03 3.525516778681902215e+05 6.788292191370134399e-01
2.900000000000000000e+01 1.145362854003906250e-03 3.770824241470796987e+05 1.192857532311201174e+00
3.000000000000000000e+01 1.147985458374023438e-03 3.839711648848359473e+05 1.213704903871573926e+00
3.100000000000000000e+01 1.142740249633789062e-03 3.688569059465614264e+05 7.474543226035590404e-01
3.200000000000000000e+01 1.135826110839843750e-03 3.398824135706296074e+05 3.871971569328956642e-02
3.300000000000000000e+01 1.128673553466796875e-03 3.399731832143759821e+05 3.949469623215333403e-02
3.400000000000000000e+01 1.124620437622070312e-03 3.489696961635280750e+05 2.616530801008109530e-01
3.500000000000000000e+01 1.119136810302734375e-03 3.360224062553250114e+05 -8.014246009742419241e-02
3.600000000000000000e+01 1.115798950195312500e-03 2.663247756773579167e+05 -1.932594410459418155e+00
3.700000000000000000e+01 1.843452453613281250e-03 2.003903492476485553e+05 -3.322017950674730713e+00
3.800000000000000000e+01 2.399682998657226562e-03 2.035274713487326517e+05 -2.454348493470011494e+00
3.900000000000000000e+01 2.161264419555664062e-03 2.767121671064485563e+05 -7.772056494892137790e-01
4.000000000000000000e+01 2.167701721191406250e-03 2.977776258325172239e+05 -3.703453674899245818e-01
4.100000000000000000e+01 2.424955368041992188e-03 3.179957586522844504e+05 8.763885752623006356e-03
4.200000000000000000e+01 2.192020416259765625e-03 2.827127215958637535e+05 -6.519913134254207154e-01
4.300000000000000000e+01 2.227306365966796875e-03 3.089866517363627790e+05 -1.335610543436936137e-01
4.400000000000000000e+01 2.426862716674804688e-03 2.763051365139826084e+05 -7.647967212507781332e-01
4.500000000000000000e+01 2.195119857788085938e-03 3.156819556444984628e+05 2.992398124703308723e-02
4.600000000000000000e+01 2.188205718994140625e-03 3.005430678121950477e+05 -2.731334688930414090e-01
4.700000000000000000e+01 2.215623855590820312e-03 3.394482827996658161e+05 5.238058486065194641e-01
4.800000000000000000e+01 2.229452133178710938e-03 3.059245963504444226e+05 -1.795066461038758443e-01
4.900000000000000000e+01 2.227544784545898438e-03 2.978849897092906758e+05 -3.452072678361324254e-01
5.000000000000000000e+01 2.228260040283203125e-03 2.889385075188938063e+05 -5.296974620319925275e-01
5.100000000000000000e+01 2.262592315673828125e-03 2.922947181360318791e+05 -4.464923347874519277e-01
5.200000000000000000e+01 2.225875854492187500e-03 2.810741842869801330e+05 -6.837373588488774301e-01
5.300000000000000000e+01 2.252578735351562500e-03 2.664503222186773783e+05 -9.914295208581983543e-01
5.400000000000000000e+01 2.243757247924804688e-03 3.062756881762171397e+05 -8.358399723571696693e-02
5.500000000000000000e+01 2.260208129882812500e-03 3.624433609764302964e+05 1.176313040181802050e+00
5.600000000000000000e+01 2.261877059936523438e-03 3.148811839688182226e+05 7.738517006032910595e-02
5.700000000000000000e+01 2.258539199829101562e-03 2.771039197635851451e+05 -7.779696814756595913e-01
5.800000000000000000e+01 2.267599105834960938e-03 2.262743546456423646e+05 -1.917669463931561014e+00
5.900000000000000000e+01 4.099369049072265625e-03 2.591467777564529970e+05 -1.084674051267344730e+00
6.000000000000000000e+01 1.132965087890625000e-03 1.883423990283407911e+05 -2.610738224067906899e+00
6.100000000000000000e+01 1.139640808105468750e-03 1.516894653303714003e+05 -3.137836610724705988e+00
6.200000000000000000e+01 1.133680343627929688e-03 1.785022171989393537e+05 -2.283462447946456475e+00
6.300000000000000000e+01 1.156091690063476562e-03 1.865732967593537178e+05 -1.985029927196037880e+00
6.400000000000000000e+01 1.152753829956054688e-03 2.287969914005516039e+05 -1.149092916854988600e+00
6.500000000000000000e+01 1.144409179687500000e-03 2.781627385765949730e+05 -2.697179263454128062e-01
6.600000000000000000e+01 1.163959503173828125e-03 3.210002279756774078e+05 4.788295955703293916e-01
6.700000000000000000e+01 1.155138015747070312e-03 3.469307330628617201e+05 9.277340353286517294e-01
6.800000000000000000e+01 1.153230667114257812e-03 3.760779009315263247e+05 1.422331970939386903e+00
6.900000000000000000e+01 1.169919967651367188e-03 3.209717756160749123e+05 4.202721500389119402e-01
7.000000000000000000e+01 1.135826110839843750e-03 3.119489193886736175e+05 2.570219873192960969e-01
7.100000000000000000e+01 1.163005828857421875e-03 2.748893615846988978e+05 -4.022478740217518278e-01
7.200000000000000000e+01 1.181602478027343750e-03 3.368361253793404903e+05 7.089307142086637148e-01
7.300000000000000000e+01 1.163959503173828125e-03 3.048081725085319486e+05 1.239504392328248106e-01
7.400000000000000000e+01 1.158475875854492188e-03 3.389701542132400209e+05 7.419140625271132272e-01
7.500000000000000000e+01 1.163005828857421875e-03 3.602351913157323725e+05 1.118577929954796213e+00
7.600000000000000000e+01 1.168012619018554688e-03 4.036537409814278362e+05 1.884923422621003652e+00
7.700000000000000000e+01 1.162052154541015625e-03 4.245323149250739370e+05 2.183048677738905763e+00
7.800000000000000000e+01 1.135587692260742188e-03 4.272574359870817279e+05 2.126214107302034417e+00
7.900000000000000000e+01 1.146316528320312500e-03 4.242391337017619517e+05 1.980241753280256756e+00
8.000000000000000000e+01 1.351118087768554688e-03 5.140766147848569090e+05 3.370003068040447136e+00
8.000000000000000000e+01 2.473354339599609375e-03 2.682061639373486396e+05 0.000000000000000000e+00
8.100000000000000000e+01 1.137971878051757812e-03 4.297032981565109803e+05 0.000000000000000000e+00
8.200000000000000000e+01 1.136302947998046875e-03 4.603122703962117084e+05 9.751463589845172919e-01
8.300000000000000000e+01 1.158952713012695312e-03 6.855445185205811867e+05 2.901357798026793944e+00
8.400000000000000000e+01 1.134395599365234375e-03 6.530639979997365735e+05 1.118140179185713290e+00
8.500000000000000000e+01 1.159191131591796875e-03 6.331968551783495350e+05 7.788681589635149116e-01
8.600000000000000000e+01 1.146078109741210938e-03 6.421507350503143389e+05 7.386407671903658656e-01
8.700000000000000000e+01 1.138687133789062500e-03 6.011926574118187418e+05 4.001785132287109525e-01
8.800000000000000000e+01 1.158952713012695312e-03 6.053067225300128339e+05 4.020829332528992883e-01
8.900000000000000000e+01 1.161336898803710938e-03 5.380231091303826543e+05 -1.100350619372105626e-01
9.000000000000000000e+01 1.170396804809570312e-03 5.650531125794553664e+05 1.029379669236897554e-01
9.100000000000000000e+01 1.161098480224609375e-03 4.797545290318876505e+05 -5.926172623168941556e-01
9.200000000000000000e+01 1.166343688964843750e-03 4.202018334226069856e+05 -1.058968368985076625e+00
9.300000000000000000e+01 1.173019409179687500e-03 5.121341517757277470e+05 -2.081625406222314678e-01
9.400000000000000000e+01 1.458406448364257812e-03 4.443896417549639009e+05 -7.888469541736650159e-01
9.500000000000000000e+01 1.158237457275390625e-03 4.298977313332784688e+05 -8.752449225169987024e-01
9.600000000000000000e+01 1.164436340332031250e-03 4.096600384430767735e+05 -1.008406139642947341e+00
9.700000000000000000e+01 1.146793365478515625e-03 4.025482854681105819e+05 -1.013719100497690873e+00
9.800000000000000000e+01 1.146554946899414062e-03 3.893579252376341610e+05 -1.075840369904656368e+00
9.900000000000000000e+01 1.164197921752929688e-03 4.091509517994402559e+05 -8.404877627550246810e-01
1.000000000000000000e+02 1.137256622314453125e-03 3.686740810167868622e+05 -1.168559030954406719e+00
1.010000000000000000e+02 1.145362854003906250e-03 3.831912504000916379e+05 -9.753881574753944239e-01
1.020000000000000000e+02 1.149177551269531250e-03 5.049992823339093593e+05 1.538337133018610470e-01
1.030000000000000000e+02 1.145124435424804688e-03 5.598339347822677810e+05 6.510777048118674415e-01
1.040000000000000000e+02 1.138210296630859375e-03 5.209159711980223656e+05 2.722288949539443115e-01
1.050000000000000000e+02 1.140356063842773438e-03 5.385335385960532585e+05 4.327327709735313555e-01
1.060000000000000000e+02 1.141786575317382812e-03 5.419103874327311059e+05 4.554740965549882170e-01
1.070000000000000000e+02 1.147508621215820312e-03 5.130863478081541252e+05 1.646942255907070940e-01
1.080000000000000000e+02 1.141071319580078125e-03 6.705505165918808198e+05 1.724298883579095332e+00
1.090000000000000000e+02 1.138687133789062500e-03 6.916095844958692323e+05 1.814189556114423230e+00
1.100000000000000000e+02 1.137495040893554688e-03 6.475270748398193391e+05 1.282821207809180075e+00
1.110000000000000000e+02 1.139163970947265625e-03 5.145911687564627500e+05 9.662157519004217418e-03
1.120000000000000000e+02 1.152992248535156250e-03 4.960840675251171924e+05 -1.630956302761024379e-01
1.130000000000000000e+02 1.193761825561523438e-03 4.928175370623444906e+05 -1.915577775579711262e-01
1.140000000000000000e+02 1.164197921752929688e-03 4.746121458706539706e+05 -3.637195441563310649e-01
1.150000000000000000e+02 1.130104064941406250e-03 4.197110578399873921e+05 -8.926351311312252790e-01
1.160000000000000000e+02 1.143217086791992188e-03 3.760574801019863226e+05 -1.297171249751235766e+00
1.170000000000000000e+02 1.173257827758789062e-03 3.790664509831410833e+05 -1.221946540217317967e+00
1.180000000000000000e+02 1.142263412475585938e-03 3.938698058804309694e+05 -1.040055275075598251e+00
1.190000000000000000e+02 1.143693923950195312e-03 4.699458818751482759e+05 -2.808441868486813431e-01
1.200000000000000000e+02 1.145601272583007812e-03 6.201268217436167179e+05 1.184970231614389968e+00
1.210000000000000000e+02 1.156330108642578125e-03 6.399205647431648104e+05 1.342577728736534803e+00
1.220000000000000000e+02 1.141548156738281250e-03 5.565898096265104832e+05 4.984706948840116336e-01
1.230000000000000000e+02 1.141548156738281250e-03 5.271795618840862298e+05 2.063412779927057961e-01
1.240000000000000000e+02 1.144170761108398438e-03 5.162043654161919840e+05 9.638162233385583200e-02
1.250000000000000000e+02 1.146554946899414062e-03 5.465607763494189130e+05 3.962158795046417659e-01
1.260000000000000000e+02 1.152992248535156250e-03 5.236200291676181951e+05 1.617392080488267159e-01
1.270000000000000000e+02 1.147270202636718750e-03 4.978328910820437013e+05 -1.008193321767873324e-01
1.280000000000000000e+02 1.152992248535156250e-03 5.371801366995798890e+05 3.024567086468315513e-01
1.290000000000000000e+02 1.141786575317382812e-03 6.113685233376357937e+05 1.064830460239178267e+00
1.300000000000000000e+02 1.164913177490234375e-03 6.271145394406464184e+05 1.204681981889723863e+00
1.310000000000000000e+02 1.158475875854492188e-03 7.036622351772424299e+05 1.961934649024821287e+00
1.320000000000000000e+02 4.118680953979492188e-03 8.170842308946195990e+05 3.007839600903354338e+00
1.320000000000000000e+02 6.006956100463867188e-03 4.881457612917884835e+05 0.000000000000000000e+00
1.330000000000000000e+02 3.345251083374023438e-03 8.788225846430259990e+05 0.000000000000000000e+00
1.340000000000000000e+02 3.385305404663085938e-03 7.381435491221458651e+05 1.978618296468213911e-01
1.350000000000000000e+02 3.524541854858398438e-03 6.391663466885966482e+05 -3.160522889664975632e-01
1.360000000000000000e+02 3.305435180664062500e-03 6.262866914910227060e+05 -3.632910010852402061e-01
1.370000000000000000e+02 3.414869308471679688e-03 5.496637530768364668e+05 -8.582789269956015987e-01
1.380000000000000000e+02 1.128673553466796875e-03 4.813361224346510135e+05 -1.235111689021399117e+00
1.390000000000000000e+02 1.130342483520507812e-03 7.954860168764314149e+05 1.167200262361433705e+00
1.400000000000000000e+02 1.117706298828125000e-03 7.519260181756600505e+05 7.066565772262116685e-01
1.410000000000000000e+02 1.122236251831054688e-03 5.863133552221065620e+05 -5.348460091761892965e-01
1.420000000000000000e+02 1.119852066040039062e-03 5.333450541637522401e+05 -8.985566632568614542e-01
1.430000000000000000e+02 1.122236251831054688e-03 5.329213689020806924e+05 -8.311662427954934484e-01
1.440000000000000000e+02 1.125574111938476562e-03 6.366409983511960600e+05 2.449417069240660341e-02
1.450000000000000000e+02 1.184463500976562500e-03 5.662050401859829435e+05 -5.433994112146145472e-01
1.460000000000000000e+02 1.194238662719726562e-03 6.594012689289605478e+05 2.528094482615688698e-01
1.470000000000000000e+02 1.321792602539062500e-03 7.582331954316484043e+05 1.092057439692507126e+00
1.480000000000000000e+02 1.116752624511718750e-03 7.967134709658384090e+05 1.348581323733794024e+00
1.490000000000000000e+02 1.117467880249023438e-03 7.895538649105076911e+05 1.182076251086462859e+00
1.500000000000000000e+02 1.117944717407226562e-03 7.917910205757514341e+05 1.124584212433769270e+00
1.510000000000000000e+02 1.126527786254882812e-03 7.733960015996075235e+05 9.080502548631972370e-01
1.520000000000000000e+02 1.131296157836914062e-03 7.955263933255163720e+05 1.050957542510463139e+00
1.530000000000000000e+02 1.109123229980468750e-03 8.990884713650965132e+05 1.856507780077033765e+00
1.540000000000000000e+02 1.106977462768554688e-03 1.029045331617063493e+06 2.703803647781596542e+00
1.550000000000000000e+02 1.106500625610351562e-03 9.064138015948618995e+05 1.438596396532110466e+00
1.560000000000000000e+02 1.148939132690429688e-03 7.771649572999310913e+05 4.684881385063350834e-01
1.570000000000000000e+02 1.108169555664062500e-03 7.229370434762570076e+05 8.120573301300000602e-02
1.580000000000000000e+02 1.112937927246093750e-03 7.459446637279894203e+05 2.425325490563821351e-01
1.590000000000000000e+02 1.155853271484375000e-03 7.510777180317211896e+05 2.749156509727283537e-01
1.600000000000000000e+02 1.153707504272460938e-03 8.299321214751943480e+05 8.483394770514477434e-01
1.610000000000000000e+02 1.172542572021484375e-03 8.533383121263361536e+05 9.962655703368652471e-01
1.620000000000000000e+02 1.114606857299804688e-03 8.301552747433237964e+05 7.925779358039700684e-01
1.630000000000000000e+02 1.115322113037109375e-03 6.798842895650579594e+05 -3.446492259244368084e-01
1.640000000000000000e+02 1.112937927246093750e-03 8.692386157795808977e+05 1.088941600489857109e+00
1.650000000000000000e+02 1.108646392822265625e-03 1.005684323627832578e+06 2.079849962523690809e+00
1.660000000000000000e+02 1.108646392822265625e-03 9.040570256255576387e+05 1.197524637891582033e+00
1.670000000000000000e+02 1.108169555664062500e-03 9.591910397641820600e+05 1.550355034532884924e+00
1.680000000000000000e+02 1.106500625610351562e-03 9.432054045859589241e+05 1.367269148922193311e+00
1.690000000000000000e+02 1.113414764404296875e-03 9.931464861729089171e+05 1.661532556279170292e+00
1.700000000000000000e+02 1.117944717407226562e-03 9.572733558394152205e+05 1.339001916600403241e+00
1.710000000000000000e+02 1.116752624511718750e-03 1.086607497115999926e+06 2.160061444913568884e+00
1.720000000000000000e+02 1.115798950195312500e-03 9.925024732869022992e+05 1.411636497200015050e+00
1.730000000000000000e+02 1.108646392822265625e-03 9.329102045015549520e+05 9.827649820642215817e-01
1.740000000000000000e+02 1.108407974243164062e-03 9.238300945137523813e+05 9.023273400490668950e-01
1.750000000000000000e+02 1.114130020141601562e-03 8.517541665117159719e+05 4.243047293234610273e-01
1.760000000000000000e+02 1.109838485717773438e-03 8.953510506067730021e+05 6.991480113310147848e-01
1.770000000000000000e+02 1.115798950195312500e-03 9.047652816382852616e+05 7.486268081595218726e-01
1.780000000000000000e+02 1.111745834350585938e-03 8.983652879977318225e+05 6.944296108320298089e-01
1.790000000000000000e+02 1.116037368774414062e-03 9.987847879669286776e+05 1.340514387731717605e+00
1.800000000000000000e+02 1.116514205932617188e-03 1.053845492147692246e+06 1.659428756457412613e+00
1.810000000000000000e+02 1.336812973022460938e-03 1.297928128857373260e+06 3.154266713605662797e+00
1.810000000000000000e+02 2.400875091552734375e-03 1.003123227684857557e+06 0.000000000000000000e+00
1.820000000000000000e+02 1.964092254638671875e-03 1.333199112068049144e+06 0.000000000000000000e+00
1.830000000000000000e+02 1.134634017944335938e-03 1.462087774934661807e+06 1.259331598830266241e+00
1.840000000000000000e+02 1.119852066040039062e-03 1.326470400756858056e+06 2.548764467019713487e-01
1.850000000000000000e+02 1.124620437622070312e-03 1.295629791271361755e+06 7.366187089008902067e-02
1.860000000000000000e+02 1.121044158935546875e-03 1.307951980242998339e+06 1.406796370024876452e-01
1.870000000000000000e+02 8.583068847656250000e-04 1.277541084046426928e+06 -6.933940875824858019e-02
1.880000000000000000e+02 1.119852066040039062e-03 1.348424261591707822e+06 4.457319851899261276e-01
1.890000000000000000e+02 1.117944717407226562e-03 1.422019197335019242e+06 9.800162370442083715e-01
1.900000000000000000e+02 1.119136810302734375e-03 1.343097381244378397e+06 2.679869098875573563e-01
1.910000000000000000e+02 1.125574111938476562e-03 1.197016593966939021e+06 -9.403468461171249348e-01
1.920000000000000000e+02 1.124858856201171875e-03 1.186219662967544748e+06 -9.525822308858278298e-01
1.930000000000000000e+02 1.128435134887695312e-03 1.085417454709771322e+06 -1.719303151868146307e+00
1.940000000000000000e+02 1.125812530517578125e-03 1.144355953404603526e+06 -1.024946485373889216e+00
1.950000000000000000e+02 1.139163970947265625e-03 1.380813670806842623e+06 8.898893770823702587e-01
1.960000000000000000e+02 1.121520996093750000e-03 1.453722641770590097e+06 1.411901507638727571e+00
1.970000000000000000e+02 1.127243041992187500e-03 1.362335468830947531e+06 5.880307744808523918e-01
1.980000000000000000e+02 1.138448715209960938e-03 1.425560836384725757e+06 1.059529364999466816e+00
1.990000000000000000e+02 1.126527786254882812e-03 1.462835724183140788e+06 1.289647901899046545e+00
2.000000000000000000e+02 1.121997833251953125e-03 1.529049620760309743e+06 1.711103518149799552e+00
2.010000000000000000e+02 1.121759414672851562e-03 1.360978433689266909e+06 3.203602449910922245e-01
2.020000000000000000e+02 1.122474670410156250e-03 1.190402186770033091e+06 -9.693569104521829738e-01
2.030000000000000000e+02 1.128196716308593750e-03 1.050198405850624200e+06 -1.983557740100360789e+00
2.040000000000000000e+02 1.126289367675781250e-03 1.215671177103886846e+06 -6.136135090825105554e-01
2.050000000000000000e+02 1.126289367675781250e-03 1.170872531777756521e+06 -9.189348885624166741e-01
2.060000000000000000e+02 1.120328903198242188e-03 1.018841706154223182e+06 -1.984620063336058227e+00
2.070000000000000000e+02 1.124620437622070312e-03 1.008367479209517012e+06 -1.881868151961844315e+00
2.080000000000000000e+02 1.118183135986328125e-03 1.065550824007403571e+06 -1.358528435943612500e+00
2.090000000000000000e+02 1.131534576416015625e-03 1.213141582439251710e+06 -3.371244459055680043e-01
2.100000000000000000e+02 1.125335693359375000e-03 1.268133658489250811e+06 3.058759992604064004e-02
2.110000000000000000e+02 1.126050949096679688e-03 1.367486220251094084e+06 6.945469130582088146e-01
2.120000000000000000e+02 1.125335693359375000e-03 1.301737551058882615e+06 2.345175711072351454e-01
2.130000000000000000e+02 1.128911972045898438e-03 1.172978621422910364e+06 -6.517170003194395766e-01
2.140000000000000000e+02 1.126766204833984375e-03 1.206536555227684556e+06 -4.057225486003379622e-01
2.150000000000000000e+02 1.127243041992187500e-03 1.255826879861405119e+06 -5.351335015005387330e-02
2.160000000000000000e+02 1.124858856201171875e-03 1.245591181844795356e+06 -1.255630785257172144e-01
2.170000000000000000e+02 1.117706298828125000e-03 1.115232692552747438e+06 -1.064299200493487030e+00
2.180000000000000000e+02 1.118898391723632812e-03 1.034412373834616854e+06 -1.616320707767338494e+00
2.190000000000000000e+02 1.121520996093750000e-03 9.852595483418186195e+05 -1.888894216026433259e+00
2.200000000000000000e+02 1.123189926147460938e-03 9.696675323354555294e+05 -1.889907603950860659e+00
2.210000000000000000e+02 1.120090484619140625e-03 1.049830405434858054e+06 -1.255081896477542758e+00
2.220000000000000000e+02 1.118421554565429688e-03 1.092657536179214483e+06 -9.342185941626417467e-01
2.230000000000000000e+02 1.123189926147460938e-03 1.107542470804380486e+06 -8.153963088935584080e-01
2.240000000000000000e+02 1.129150390625000000e-03 1.136209168713998049e+06 -6.098049321119415334e-01
2.250000000000000000e+02 1.123666763305664062e-03 1.146065348667681683e+06 -5.346009770206220368e-01
2.260000000000000000e+02 1.297235488891601562e-03 1.076941200873912079e+06 -9.923937891479666096e-01
2.270000000000000000e+02 1.134157180786132812e-03 1.049794264275929192e+06 -1.154040439345717983e+00
2.280000000000000000e+02 1.150131225585937500e-03 1.081612669590128819e+06 -9.121957544858334543e-01
2.290000000000000000e+02 1.121282577514648438e-03 9.697579047210167628e+05 -1.647273720351628556e+00
2.300000000000000000e+02 1.128196716308593750e-03 8.884444856972772395e+05 -2.124178765465327245e+00
2.310000000000000000e+02 1.181602478027343750e-03 9.680630837143181125e+05 -1.503594490498926683e+00
2.320000000000000000e+02 1.159906387329101562e-03 1.214523365726190386e+06 1.003265677761582819e-01
2.330000000000000000e+02 1.191139221191406250e-03 1.212037497975474689e+06 8.350921986952963838e-02
2.340000000000000000e+02 1.138925552368164062e-03 1.151275087469131686e+06 -3.086296884645614025e-01
2.350000000000000000e+02 1.155853271484375000e-03 9.864898795892563649e+05 -1.376077930209873790e+00
2.360000000000000000e+02 1.159191131591796875e-03 9.218984890325368615e+05 -1.756760876614520406e+00
2.370000000000000000e+02 1.149415969848632812e-03 9.139514704548340524e+05 -1.744689843601158197e+00
2.380000000000000000e+02 1.143217086791992188e-03 8.655618835237451131e+05 -1.985394490264180911e+00
2.390000000000000000e+02 1.142740249633789062e-03 8.299046493229737971e+05 -2.120165154393240048e+00
2.400000000000000000e+02 1.146078109741210938e-03 8.223191364292927319e+05 -2.070126515902340536e+00
2.410000000000000000e+02 1.138925552368164062e-03 1.243111460754558211e+06 4.343895020013721076e-01
2.420000000000000000e+02 1.150846481323242188e-03 1.646718826494104695e+06 2.764129417231760755e+00
2.430000000000000000e+02 1.138448715209960938e-03 1.327413064890626119e+06 8.298963917789178302e-01
2.440000000000000000e+02 1.141548156738281250e-03 8.402699960926785134e+05 -1.865716115666869568e+00
2.450000000000000000e+02 1.142740249633789062e-03 7.893581851386826020e+05 -2.077500901668072331e+00
2.460000000000000000e+02 1.147747039794921875e-03 8.655001473691411084e+05 -1.593825019977520796e+00
2.470000000000000000e+02 1.141309738159179688e-03 8.657398391632119892e+05 -1.550601079534675186e+00
2.480000000000000000e+02 1.142263412475585938e-03 9.941433271165188635e+05 -8.490114199364172665e-01
2.490000000000000000e+02 1.138210296630859375e-03 1.060483753442271613e+06 -4.951309645343425214e-01
2.500000000000000000e+02 1.142978668212890625e-03 1.047858809608338401e+06 -5.563811995059130266e-01
2.510000000000000000e+02 1.138687133789062500e-03 1.022758707425155793e+06 -6.824627036674512093e-01
2.520000000000000000e+02 1.139402389526367188e-03 9.701632037284391699e+05 -9.515529057438945060e-01
2.530000000000000000e+02 1.142263412475585938e-03 1.031430917110337410e+06 -6.171918445463134839e-01
2.540000000000000000e+02 1.175403594970703125e-03 1.201230568519343855e+06 2.844964532216524566e-01
2.550000000000000000e+02 1.149892807006835938e-03 1.184427099543228280e+06 1.932157197576230834e-01
2.560000000000000000e+02 1.144409179687500000e-03 1.137051939663100988e+06 -6.131008305524788399e-02
2.570000000000000000e+02 1.142501831054687500e-03 1.152401017336080549e+06 2.167615595860515609e-02
2.580000000000000000e+02 1.144647598266601562e-03 1.269014425015999237e+06 6.531401810368377969e-01
2.590000000000000000e+02 1.199245452880859375e-03 1.329973311258542817e+06 9.786186135893326643e-01
2.600000000000000000e+02 1.153707504272460938e-03 1.292727784705144586e+06 7.640052218999966449e-01
2.610000000000000000e+02 1.217842102050781250e-03 1.218550109977352899e+06 3.519781852753861573e-01
2.620000000000000000e+02 1.160144805908203125e-03 1.131044111427824944e+06 -1.302739853998578778e-01
2.630000000000000000e+02 9.007453918457031250e-04 1.132264563154143281e+06 -1.227402954729308882e-01
2.640000000000000000e+02 1.693725585937500000e-03 1.095000119200032437e+06 -3.288297228534275418e-01
2.650000000000000000e+02 1.161336898803710938e-03 1.094376999497225741e+06 -3.301548510189257768e-01
2.660000000000000000e+02 1.166820526123046875e-03 1.034842642337467871e+06 -6.620291385875499701e-01
2.670000000000000000e+02 1.166820526123046875e-03 9.714154153758948669e+05 -1.013568426312422277e+00
2.680000000000000000e+02 1.157522201538085938e-03 9.084610363040977390e+05 -1.356178809176467270e+00
2.690000000000000000e+02 1.173257827758789062e-03 9.466150230513431598e+05 -1.120752012264351283e+00
2.700000000000000000e+02 1.165628433227539062e-03 9.171594214988903841e+05 -1.271434764287154184e+00
2.710000000000000000e+02 1.161813735961914062e-03 8.610427256718974095e+05 -1.566007576803946755e+00
2.720000000000000000e+02 1.165390014648437500e-03 7.812222130981638329e+05 -1.978273474647463281e+00
2.730000000000000000e+02 1.161575317382812500e-03 7.446997072505219840e+05 -2.125556235570066566e+00
2.740000000000000000e+02 1.161813735961914062e-03 7.457768637385449838e+05 -2.058380813486643035e+00
2.750000000000000000e+02 1.198291778564453125e-03 7.888671459300583228e+05 -1.775852827064675399e+00
2.760000000000000000e+02 1.164436340332031250e-03 8.887907292613266036e+05 -1.218124127810565005e+00
2.770000000000000000e+02 1.189708709716796875e-03 1.130094034151927102e+06 4.908325168904149882e-02
2.780000000000000000e+02 1.180648803710937500e-03 1.062703898418571567e+06 -3.025284455606027101e-01
2.790000000000000000e+02 1.184701919555664062e-03 1.067224779028765624e+06 -2.771727180272101076e-01
2.800000000000000000e+02 1.179933547973632812e-03 1.047388371253349236e+06 -3.800806731604127742e-01
2.810000000000000000e+02 1.169681549072265625e-03 1.074610176284631714e+06 -2.340182931166049363e-01
2.820000000000000000e+02 1.178741455078125000e-03 1.116858840183729306e+06 -8.404786768235921954e-03
2.830000000000000000e+02 1.173734664916992188e-03 1.137960725785109214e+06 1.042758647550092732e-01
2.840000000000000000e+02 1.184940338134765625e-03 1.053237775264476193e+06 -3.506838390955984153e-01
2.850000000000000000e+02 1.235723495483398438e-03 9.508000186765020480e+05 -9.006331046917780414e-01
2.860000000000000000e+02 1.174449920654296875e-03 9.320159759943963727e+05 -9.941851453760890411e-01
2.870000000000000000e+02 1.180171966552734375e-03 9.547893239065433154e+05 -8.620960436171760666e-01
2.880000000000000000e+02 1.192808151245117188e-03 9.282831076156854397e+05 -9.982197462571766877e-01
2.890000000000000000e+02 1.182079315185546875e-03 9.517627456213918049e+05 -8.622537933822049805e-01
2.900000000000000000e+02 1.174926757812500000e-03 9.329265216540615074e+05 -9.572202930909671226e-01
2.910000000000000000e+02 1.183271408081054688e-03 9.058183369715955341e+05 -1.095535013144263603e+00
2.920000000000000000e+02 1.186609268188476562e-03 8.839959900041241199e+05 -1.202657692469584871e+00
2.930000000000000000e+02 1.188039779663085938e-03 8.503565098389504710e+05 -1.371029575247799004e+00
2.940000000000000000e+02 1.175642013549804688e-03 8.219478982869604370e+05 -1.506322111955666010e+00
2.950000000000000000e+02 1.182794570922851562e-03 8.948607735672979616e+05 -1.095331343895204368e+00
2.960000000000000000e+02 1.177787780761718750e-03 9.106324687807685696e+05 -1.000703799016282813e+00
2.970000000000000000e+02 1.190423965454101562e-03 9.905821912826964399e+05 -5.652565442305987897e-01
2.980000000000000000e+02 1.190423965454101562e-03 9.724359220768994419e+05 -6.592525417893584372e-01
2.990000000000000000e+02 1.182317733764648438e-03 9.518003187066256069e+05 -7.660302512947785303e-01
