2.010660167124734074e+07
1.000000000000000000e+00 1.891374588012695312e-03 1.456448371823668422e+05 0.000000000000000000e+00
2.000000000000000000e+00 1.964330673217773438e-03 1.552092654658028623e+05 8.530278674373119596e-01
3.000000000000000000e+00 1.905679702758789062e-03 9.042178398820786970e+04 -4.871152458101466465e-01
4.000000000000000000e+00 2.000570297241210938e-03 1.413004706787023752e+05 6.284499050390532915e-01
5.000000000000000000e+00 1.920461654663085938e-03 1.359459804443127359e+05 4.299858585336870931e-01
6.000000000000000000e+00 1.918792724609375000e-03 1.162020610691299516e+05 -1.012376160089654142e-01
7.000000000000000000e+00 1.986265182495117188e-03 1.246227359897965362e+05 1.357861766258665892e-01
8.000000000000000000e+00 1.965999603271484375e-03 1.507380191166590375e+05 9.001277587858615981e-01
9.000000000000000000e+00 1.975536346435546875e-03 1.276899656435226352e+05 1.209473370380559215e-01
1.000000000000000000e+01 1.965522766113281250e-03 1.232336335517899279e+05 -2.675151819334975825e-02
1.100000000000000000e+01 1.956701278686523438e-03 1.019844774295814568e+05 -7.398980724082512284e-01
1.200000000000000000e+01 2.008676528930664062e-03 1.218356095637740218e+05 -1.122595345085299415e-02
1.300000000000000000e+01 2.091884613037109375e-03 1.101545223275714088e+05 -4.305397558807511071e-01
1.400000000000000000e+01 1.995325088500976562e-03 1.320003370243762620e+05 3.980443048615646129e-01
1.500000000000000000e+01 2.003908157348632812e-03 1.060453174782831629e+05 -6.111745626945402909e-01
1.600000000000000000e+01 2.007961273193359375e-03 1.305918151154009684e+05 3.758156372772778475e-01
1.700000000000000000e+01 2.026796340942382812e-03 1.652936924681515375e+05 1.761568018269788594e+00
1.800000000000000000e+01 2.047061920166015625e-03 1.538104790125541622e+05 1.138236209107639008e+00
1.900000000000000000e+01 2.930641174316406250e-03 2.162951030456265435e+05 3.441868306001754085e+00
1.900000000000000000e+01 4.719018936157226562e-03 2.038163224625872972e+05 0.000000000000000000e+00
2.000000000000000000e+01 2.023458480834960938e-03 3.094110181871893583e+05 0.000000000000000000e+00
2.100000000000000000e+01 2.049446105957031250e-03 1.962138154861762305e+05 -8.089259909517555469e-01
2.200000000000000000e+01 2.216100692749023438e-03 2.471474001230587019e+05 1.685843097656537781e-01
2.300000000000000000e+01 2.201795578002929688e-03 1.983355931536405405e+05 -7.857798295610486372e-01
2.400000000000000000e+01 2.053499221801757812e-03 1.368072045903839171e+05 -1.940155773216750701e+00
2.500000000000000000e+01 2.101182937622070312e-03 1.302915621336209297e+05 -1.465630718769046048e+00
2.600000000000000000e+01 2.072095870971679688e-03 1.428154279001041723e+05 -9.742460680967014452e-01
2.700000000000000000e+01 2.060174942016601562e-03 1.432787547278781130e+05 -8.554025759489323200e-01
2.800000000000000000e+01 2.110958099365234375e-03 1.542109984696058673e+05 -5.947831586124459058e-01
2.900000000000000000e+01 2.100467681884765625e-03 1.022993964662291692e+05 -1.459458570951787326e+00
3.000000000000000000e+01 1.944303512573242188e-03 1.525217799402274250e+05 -4.336502838590680087e-01
3.100000000000000000e+01 1.592397689819335938e-03 2.282162833606550412e+05 8.954211099121809347e-01
3.200000000000000000e+01 1.574039459228515625e-03 2.339357186304389325e+05 9.356212143771653889e-01
3.300000000000000000e+01 1.576423645019531250e-03 1.832925456085835467e+05 -1.660885583566359611e-02
3.400000000000000000e+01 1.598834991455078125e-03 1.488997985057951882e+05 -6.445258572723178148e-01
3.500000000000000000e+01 1.523971557617187500e-03 1.351946337534684571e+05 -8.726133450103815692e-01
3.600000000000000000e+01 1.525878906250000000e-03 1.144834611904031917e+05 -1.218509285272127318e+00
3.700000000000000000e+01 1.512527465820312500e-03 1.195009251121283596e+05 -1.044087119693145382e+00
3.800000000000000000e+01 1.505374908447265625e-03 1.395277429700745561e+05 -6.159834870625282566e-01
3.900000000000000000e+01 1.468181610107421875e-03 1.682489781466662826e+05 -5.220767840469710264e-02
4.000000000000000000e+01 1.437902450561523438e-03 1.461553671460392070e+05 -4.795945966461084287e-01
4.100000000000000000e+01 1.442670822143554688e-03 1.645527932143554499e+05 -1.028398666792745830e-01
4.200000000000000000e+01 1.449108123779296875e-03 1.738422964849912678e+05 8.726534643926799062e-02
4.300000000000000000e+01 1.452207565307617188e-03 1.922626362543552532e+05 4.664457327232949257e-01
4.400000000000000000e+01 1.399278640747070312e-03 1.754114849237718154e+05 1.009672928704573730e-01
4.500000000000000000e+01 1.364946365356445312e-03 1.680586160993598169e+05 -5.872553557260225959e-02
4.600000000000000000e+01 1.363754272460937500e-03 1.386141817293826025e+05 -7.020093737566005521e-01
4.700000000000000000e+01 1.355886459350585938e-03 1.507235372987424489e+05 -4.160070663446939765e-01
4.800000000000000000e+01 1.358270645141601562e-03 1.438860251761452819e+05 -5.611748459380444531e-01
4.900000000000000000e+01 1.363039016723632812e-03 1.814473307717653224e+05 3.038995798767044620e-01
5.000000000000000000e+01 1.316547393798828125e-03 1.794653868863116368e+05 2.529563846728624665e-01
5.100000000000000000e+01 1.277208328247070312e-03 1.725869065025677264e+05 8.775729330220884139e-02
5.200000000000000000e+01 1.277923583984375000e-03 1.770015093608539319e+05 1.914769730771875567e-01
5.300000000000000000e+01 1.260995864868164062e-03 1.598709027869015117e+05 -2.250211728080211138e-01
5.400000000000000000e+01 1.286268234252929688e-03 1.845429353405094007e+05 3.825364446399899254e-01
5.500000000000000000e+01 1.280069351196289062e-03 1.853898368429721741e+05 3.975537244672684989e-01
5.600000000000000000e+01 1.267433166503906250e-03 1.575011919859232439e+05 -3.083931168242352583e-01
5.700000000000000000e+01 1.287460327148437500e-03 1.460232957930862904e+05 -5.956499931755009358e-01
5.800000000000000000e+01 1.266717910766601562e-03 2.292260600478911656e+05 1.546948918884371249e+00
5.900000000000000000e+01 1.313447952270507812e-03 3.348545635784178157e+05 4.145151953930363398e+00
5.900000000000000000e+01 2.674818038940429688e-03 1.570253822692371905e+05 0.000000000000000000e+00
6.000000000000000000e+01 1.252174377441406250e-03 2.520203553714064474e+05 0.000000000000000000e+00
6.100000000000000000e+01 1.255512237548828125e-03 2.100258535508856294e+05 8.192428910027974021e-02
6.200000000000000000e+01 1.297712326049804688e-03 2.339189105536924035e+05 5.789834509997973111e-01
6.300000000000000000e+01 1.253128051757812500e-03 2.294974713842895580e+05 3.940414438362848659e-01
6.400000000000000000e+01 1.266479492187500000e-03 2.092448006663615815e+05 -1.990020442442254345e-01
6.500000000000000000e+01 1.255512237548828125e-03 2.288283276745370822e+05 4.136439358885430351e-01
6.600000000000000000e+01 1.249074935913085938e-03 2.142778821297799295e+05 -9.714954817945622989e-02
6.700000000000000000e+01 1.254320144653320312e-03 2.337191678015492798e+05 6.004528030229699942e-01
6.800000000000000000e+01 1.300811767578125000e-03 2.705229796837867470e+05 1.927825613260034654e+00
6.900000000000000000e+01 1.254796981811523438e-03 2.183502608504977543e+05 -1.842529644124860921e-01
7.000000000000000000e+01 1.264333724975585938e-03 2.215913414548927394e+05 -6.319521025160976246e-02
7.100000000000000000e+01 1.260519027709960938e-03 2.362681756104636297e+05 4.761531331578192083e-01
7.200000000000000000e+01 1.266479492187500000e-03 2.951500249876883463e+05 2.683419486059880565e+00
7.300000000000000000e+01 1.397371292114257812e-03 2.646353688486601459e+05 1.114983281632651924e+00
7.400000000000000000e+01 1.282215118408203125e-03 2.677616711282759206e+05 1.132879830931463383e+00
7.500000000000000000e+01 1.274824142456054688e-03 2.735344793671715888e+05 1.234949347317556123e+00
7.600000000000000000e+01 1.260280609130859375e-03 2.541178493687236914e+05 5.494690207047829844e-01
7.700000000000000000e+01 1.265048980712890625e-03 2.742158657039843383e+05 1.161935245156325625e+00
7.800000000000000000e+01 1.274108886718750000e-03 2.929386789808872272e+05 1.676336568637184277e+00
7.900000000000000000e+01 1.253128051757812500e-03 3.282195205499812146e+05 2.581923978769626427e+00
8.000000000000000000e+01 1.305580139160156250e-03 3.941652387892107363e+05 3.935916744659156752e+00
8.000000000000000000e+01 2.648353576660156250e-03 1.836262536661954364e+05 0.000000000000000000e+00
8.100000000000000000e+01 1.253366470336914062e-03 2.947887686098450795e+05 0.000000000000000000e+00
8.200000000000000000e+01 1.250267028808593750e-03 3.880288858512006118e+05 1.893310947463511251e+00
8.300000000000000000e+01 1.254081726074218750e-03 5.861769875852155965e+05 2.905853546980505797e+00
8.400000000000000000e+01 1.277685165405273438e-03 4.866560741100521991e+05 7.241323005018799330e-01
8.500000000000000000e+01 1.264333724975585938e-03 4.475444788173548877e+05 3.785227278430147724e-01
8.600000000000000000e+01 1.258373260498046875e-03 4.967271805849339580e+05 6.911383992424916523e-01
8.700000000000000000e+01 1.265287399291992188e-03 3.907769560120675596e+05 -1.556865083780765990e-01
8.800000000000000000e+01 1.354694366455078125e-03 3.304687794748451561e+05 -6.253440330651399703e-01
8.900000000000000000e+01 1.296997070312500000e-03 3.087648948778701597e+05 -7.596866449691401790e-01
9.000000000000000000e+01 1.471519470214843750e-03 3.570713779262328753e+05 -2.917151609152137670e-01
9.100000000000000000e+01 1.357555389404296875e-03 3.078430048320781789e+05 -7.179859969528328278e-01
9.200000000000000000e+01 1.269578933715820312e-03 2.982665454625838320e+05 -7.621751643177496760e-01
9.300000000000000000e+01 1.273632049560546875e-03 4.124973407055865973e+05 3.487843978901432607e-01
9.400000000000000000e+01 1.261234283447265625e-03 3.088717932267411961e+05 -6.666073701507814198e-01
9.500000000000000000e+01 1.266717910766601562e-03 3.196771053817025386e+05 -5.288443134702601744e-01
9.600000000000000000e+01 1.301050186157226562e-03 2.823999390492275706e+05 -8.861342265348474134e-01
9.700000000000000000e+01 1.317501068115234375e-03 2.552957037794294010e+05 -1.117772950776439123e+00
9.800000000000000000e+01 1.284360885620117188e-03 2.623704088379733148e+05 -9.782386162057166157e-01
9.900000000000000000e+01 1.276969909667968750e-03 2.562723828899572545e+05 -9.912941318065340290e-01
1.000000000000000000e+02 1.318216323852539062e-03 2.395950874510622525e+05 -1.113589687526707284e+00
1.010000000000000000e+02 1.267671585083007812e-03 2.513703880344171484e+05 -9.361554839475385581e-01
1.020000000000000000e+02 1.290321350097656250e-03 2.828879507811731892e+05 -5.756248448213778790e-01
1.030000000000000000e+02 1.266479492187500000e-03 2.747695847438544733e+05 -6.434723577564969155e-01
1.040000000000000000e+02 1.334190368652343750e-03 2.770238624567743391e+05 -6.012384967283037618e-01
1.050000000000000000e+02 1.288414001464843750e-03 2.672323103021764546e+05 -6.894502247982015053e-01
1.060000000000000000e+02 1.269817352294921875e-03 2.615220727248266339e+05 -7.317159795321132032e-01
1.070000000000000000e+02 1.277208328247070312e-03 2.683183640518863103e+05 -6.374261737533546412e-01
1.080000000000000000e+02 1.318693161010742188e-03 2.987918148598935222e+05 -2.867942139314890726e-01
1.090000000000000000e+02 1.324415206909179688e-03 3.195513829345414415e+05 -4.957506333959693645e-02
1.100000000000000000e+02 1.334667205810546875e-03 2.988068572465128382e+05 -2.846912708405756609e-01
1.110000000000000000e+02 1.327991485595703125e-03 3.057083956684150617e+05 -2.001157740578542732e-01
1.120000000000000000e+02 1.258850097656250000e-03 2.531961949203983531e+05 -8.131665608482632202e-01
1.130000000000000000e+02 1.283645629882812500e-03 2.634164993355473853e+05 -6.723706434438520008e-01
1.140000000000000000e+02 1.332044601440429688e-03 2.286298319092436286e+05 -1.072279187448914151e+00
1.150000000000000000e+02 1.339912414550781250e-03 1.933613456301043625e+05 -1.458934264707630879e+00
1.160000000000000000e+02 1.263856887817382812e-03 2.382472040445030434e+05 -8.718330933871100141e-01
1.170000000000000000e+02 1.272439956665039062e-03 2.763428039157522726e+05 -4.038228025016423750e-01
1.180000000000000000e+02 1.336097717285156250e-03 3.281885084202882717e+05 2.183641464137124899e-01
1.190000000000000000e+02 1.283168792724609375e-03 4.092687457725674030e+05 1.191322598815467870e+00
1.200000000000000000e+02 1.277685165405273438e-03 4.749523210282036453e+05 1.942536509739447803e+00
1.210000000000000000e+02 1.336574554443359375e-03 4.185643797788644442e+05 1.180879853492333043e+00
1.220000000000000000e+02 1.342296600341796875e-03 3.457955666356169968e+05 3.077038264028573167e-01
1.230000000000000000e+02 1.311779022216796875e-03 2.880286665090612951e+05 -3.703128994262021578e-01
1.240000000000000000e+02 1.280069351196289062e-03 2.892270470930060255e+05 -3.514682877118505688e-01
1.250000000000000000e+02 1.272439956665039062e-03 3.082447979758454603e+05 -1.206559123430496622e-01
1.260000000000000000e+02 1.278400421142578125e-03 2.890041205139609519e+05 -3.510418730795959452e-01
1.270000000000000000e+02 1.275777816772460938e-03 2.805516665657954291e+05 -4.496755874181377899e-01
1.280000000000000000e+02 1.286268234252929688e-03 2.794075842143006739e+05 -4.581435711667369293e-01
1.290000000000000000e+02 1.265048980712890625e-03 3.895694830040268134e+05 9.097665228519331571e-01
1.300000000000000000e+02 1.353740692138671875e-03 4.382855744709915598e+05 1.496908132458007135e+00
1.310000000000000000e+02 1.277923583984375000e-03 5.335798621632695431e+05 2.617157874881824942e+00
1.320000000000000000e+02 1.340150833129882812e-03 6.121592354090241715e+05 3.346406654387494850e+00
1.320000000000000000e+02 2.697467803955078125e-03 2.798636311145155923e+05 0.000000000000000000e+00
1.330000000000000000e+02 1.277446746826171875e-03 4.060496713553385343e+05 0.000000000000000000e+00
1.340000000000000000e+02 1.296758651733398438e-03 3.349128657121010474e+05 -9.014967549097190058e-02
1.350000000000000000e+02 1.278162002563476562e-03 2.881607441296114121e+05 -8.237684344930017444e-01
1.360000000000000000e+02 1.285076141357421875e-03 2.838872787801296799e+05 -7.494524843935163050e-01
1.370000000000000000e+02 1.348733901977539062e-03 3.176757585383235710e+05 -1.673479200116520862e-02
1.380000000000000000e+02 1.761674880981445312e-03 3.026002953449655324e+05 -3.293061616889482179e-01
1.390000000000000000e+02 4.099888801574707031e-01 6.440484341936780838e+05 7.405864054155347098e+00
1.390000000000000000e+02 1.277208328247070312e-03 2.663444676874427023e+04 0.000000000000000000e+00
1.400000000000000000e+02 3.727962970733642578e-01 3.451796753572048037e+05 1.620674115455106801e+01
1.400000000000000000e+02 8.270740509033203125e-04 3.538748146658048790e+04 0.000000000000000000e+00
1.410000000000000000e+02 4.205820560455322266e-01 3.301572954541695071e+05 1.107297621548354449e+01
1.410000000000000000e+02 8.838176727294921875e-04 2.984304168520190433e+04 0.000000000000000000e+00
1.420000000000000000e+02 3.766305446624755859e-01 3.599125176822341746e+05 1.493435277257762372e+01
1.420000000000000000e+02 7.812976837158203125e-04 3.215065175799353892e+04 0.000000000000000000e+00
1.430000000000000000e+02 1.537561416625976562e-03 1.536251186011609971e+05 4.636201335387988287e+00
1.430000000000000000e+02 2.850770950317382812e-03 1.505184472319819324e+05 0.000000000000000000e+00
1.440000000000000000e+02 1.255273818969726562e-03 1.146414408275699243e+05 0.000000000000000000e+00
1.450000000000000000e+02 1.232624053955078125e-03 1.139986373652351613e+05 -7.324450539545452887e-01
1.460000000000000000e+02 1.274824142456054688e-03 1.159768980175156030e+05 -4.980126514436780671e-01
1.470000000000000000e+02 1.237630844116210938e-03 1.263621496626505395e+05 1.445062134512090923e-01
1.480000000000000000e+02 1.241445541381835938e-03 1.069845904937406158e+05 -1.117476085280922238e+00
1.490000000000000000e+02 1.236438751220703125e-03 1.311300217492155498e+05 6.245432384134113057e-01
1.500000000000000000e+02 1.244306564331054688e-03 1.198092220042499684e+05 -2.040012501373270892e-01
1.510000000000000000e+02 1.293420791625976562e-03 1.690010786299290776e+05 3.418955211126533555e+00
1.510000000000000000e+02 2.591848373413085938e-03 1.385437069345402706e+05 0.000000000000000000e+00
1.520000000000000000e+02 1.254320144653320312e-03 1.371560116705933178e+05 0.000000000000000000e+00
1.530000000000000000e+02 1.255035400390625000e-03 1.238396712789593439e+05 -1.427791708247854174e+01
1.540000000000000000e+02 1.239299774169921875e-03 1.558603975862505322e+05 2.793696958313473644e+00
1.550000000000000000e+02 1.228570938110351562e-03 1.390177272906548751e+05 1.277301579247686579e-02
1.560000000000000000e+02 1.233100891113281250e-03 1.646088707872125669e+05 2.261380684743882874e+00
1.570000000000000000e+02 1.235961914062500000e-03 1.426063498529063072e+05 -3.861851472753524001e-02
1.580000000000000000e+02 1.243114471435546875e-03 1.519159483315206016e+05 6.610646970927877009e-01
1.590000000000000000e+02 1.261949539184570312e-03 1.670789328230324027e+05 1.795217150223125335e+00
1.600000000000000000e+02 1.282691955566406250e-03 1.521773654564707540e+05 3.843598535608525602e-01
1.610000000000000000e+02 1.255273818969726562e-03 1.614548234025758575e+05 1.053322949584067691e+00
1.620000000000000000e+02 1.235961914062500000e-03 1.605720896483268007e+05 8.915840931194536356e-01
1.630000000000000000e+02 1.239538192749023438e-03 1.550873869767874421e+05 4.150321505835012914e-01
1.640000000000000000e+02 4.230754375457763672e-01 2.531549522357371170e+05 8.046171975747386185e+00
1.640000000000000000e+02 8.511543273925781250e-04 3.355726064448487887e+04 0.000000000000000000e+00
1.650000000000000000e+02 4.694554805755615234e-01 2.827033009007609799e+05 9.792728496633920088e+00
1.650000000000000000e+02 8.788108825683593750e-04 3.783024626259378419e+04 0.000000000000000000e+00
1.660000000000000000e+02 8.775711059570312500e-03 1.705398626182349399e+05 4.253995983112771384e+00
1.660000000000000000e+02 1.034021377563476562e-02 2.013158266718868981e+05 0.000000000000000000e+00
1.670000000000000000e+02 1.407265663146972656e-02 1.447172198651973740e+05 0.000000000000000000e+00
1.680000000000000000e+02 1.275849342346191406e-02 1.964246845441870100e+05 5.848931804858669148e-01
1.690000000000000000e+02 2.243757247924804688e-03 1.861198832658185565e+05 1.690213450862834421e-01
1.700000000000000000e+02 5.078568458557128906e-01 3.140046881939306622e+05 5.122228806214907060e+00
1.700000000000000000e+02 8.656978607177734375e-04 4.612874171054594626e+04 0.000000000000000000e+00
1.710000000000000000e+02 4.242794513702392578e-01 2.612755059001279005e+05 5.888856181055544425e+00
1.710000000000000000e+02 8.199214935302734375e-04 4.485954735027283459e+04 0.000000000000000000e+00
1.720000000000000000e+02 1.451730728149414062e-03 1.242054411530182842e+05 1.794301408652787533e+00
1.730000000000000000e+02 1.375198364257812500e-03 1.290937413042357948e+05 1.076574638998770928e+00
1.740000000000000000e+02 1.250743865966796875e-03 1.310887390561283100e+05 8.768948668374536570e-01
1.750000000000000000e+02 1.257181167602539062e-03 1.258736205213558715e+05 5.969242867896542570e-01
1.760000000000000000e+02 1.250267028808593750e-03 1.279141905943015590e+05 5.960989167973967939e-01
1.770000000000000000e+02 1.254081726074218750e-03 1.460999073327547230e+05 1.107431074189722864e+00
1.780000000000000000e+02 1.254796981811523438e-03 1.326605631860274298e+05 5.493214099172982756e-01
1.790000000000000000e+02 1.270294189453125000e-03 1.476240198605866462e+05 9.966467436449165662e-01
1.800000000000000000e+02 1.272201538085937500e-03 1.592520701857915556e+05 1.280951746638383293e+00
1.810000000000000000e+02 7.255454063415527344e-01 4.185270757534650620e+05 9.379347315800306006e+00
1.810000000000000000e+02 9.136199951171875000e-04 3.719952791494920530e+04 0.000000000000000000e+00
1.820000000000000000e+02 4.367647171020507812e-01 5.208368102475054911e+05 1.767932020540712656e+01
1.820000000000000000e+02 7.903575897216796875e-04 5.745558199918694299e+04 0.000000000000000000e+00
1.830000000000000000e+02 4.839770793914794922e-01 3.529586578468684456e+05 6.566415530234306352e+00
1.830000000000000000e+02 7.905960083007812500e-04 5.703309405301587685e+04 0.000000000000000000e+00
1.840000000000000000e+02 1.479864120483398438e-03 2.221985355215648597e+05 3.388396211217036935e+00
1.840000000000000000e+02 2.684831619262695312e-03 2.085443728399684769e+05 0.000000000000000000e+00
1.850000000000000000e+02 4.511833190917968750e-03 1.684147691265965113e+05 0.000000000000000000e+00
1.860000000000000000e+02 2.536058425903320312e-03 2.446739513962984493e+05 1.980354839207119744e+00
1.870000000000000000e+02 1.559972763061523438e-03 1.973877771404420200e+05 -2.575100413572078972e-01
1.880000000000000000e+02 2.040147781372070312e-03 3.020492648166934378e+05 3.085581243307824462e+00
1.880000000000000000e+02 4.599332809448242188e-03 2.677289145563657512e+05 0.000000000000000000e+00
1.890000000000000000e+02 2.467632293701171875e-03 3.136270321715346654e+05 0.000000000000000000e+00
1.900000000000000000e+02 2.016544342041015625e-03 2.726653822478196234e+05 -5.550042566777114716e-01
1.910000000000000000e+02 1.266241073608398438e-03 2.111550939906534622e+05 -2.917935462975955740e+00
1.920000000000000000e+02 1.780748367309570312e-03 2.487407783493276220e+05 -4.167031850961822603e-01
1.930000000000000000e+02 8.426666259765625000e-03 3.028538626685120398e+05 1.073820343957171186e+00
1.940000000000000000e+02 1.250982284545898438e-03 2.760132497500710306e+05 1.762570921451412365e-01
1.950000000000000000e+02 1.706361770629882812e-03 2.654597242517042905e+05 -1.451454698091037276e-01
1.960000000000000000e+02 1.255273818969726562e-03 2.003955729504198825e+05 -2.199488907745800859e+00
1.970000000000000000e+02 1.929044723510742188e-03 2.004264961357679858e+05 -1.644193499344824616e+00
1.980000000000000000e+02 1.245498657226562500e-03 2.124910645863037498e+05 -1.075521947329295624e+00
1.990000000000000000e+02 1.537322998046875000e-03 2.829721943874688004e+05 7.662892877918887624e-01
2.000000000000000000e+02 1.244306564331054688e-03 3.172664868290036684e+05 1.583400950473211388e+00
2.010000000000000000e+02 1.252889633178710938e-03 3.486392816898378660e+05 2.139474946942967470e+00
2.020000000000000000e+02 1.255512237548828125e-03 2.467375105532775924e+05 -4.074484470869109698e-01
2.030000000000000000e+02 1.248359680175781250e-03 2.499557333225879411e+05 -3.211431648416362417e-01
2.040000000000000000e+02 1.343011856079101562e-03 1.849217867028286855e+05 -1.794063677442822691e+00
2.050000000000000000e+02 1.258134841918945312e-03 2.055788830975594465e+05 -1.146765937857342266e+00
2.060000000000000000e+02 1.751184463500976562e-03 2.446036394388380868e+05 -2.427319170034578089e-01
2.070000000000000000e+02 1.253843307495117188e-03 2.706821563233764609e+05 3.354134128114832913e-01
2.080000000000000000e+02 1.247167587280273438e-03 2.249380921546453028e+05 -7.007495625794313288e-01
2.090000000000000000e+02 1.243114471435546875e-03 2.491923956205940049e+05 -1.244314549530615571e-01
2.100000000000000000e+02 8.004188537597656250e-03 2.290755638136961497e+05 -5.906429722174209029e-01
2.110000000000000000e+02 1.262903213500976562e-03 2.363139302844253834e+05 -4.023562805676872967e-01
2.120000000000000000e+02 1.266002655029296875e-03 2.492988428708761348e+05 -7.966289228614981122e-02
2.130000000000000000e+02 1.251220703125000000e-03 2.406832850731305080e+05 -2.903701141908547889e-01
2.140000000000000000e+02 8.615016937255859375e-03 1.691833180221299990e+05 -2.079300310697802967e+00
2.150000000000000000e+02 1.261711120605468750e-03 1.835838135533752211e+05 -1.549259274676442422e+00
2.160000000000000000e+02 1.270294189453125000e-03 1.800171865739445493e+05 -1.541389390775221413e+00
2.170000000000000000e+02 1.255750656127929688e-03 2.373711387102153967e+05 -1.571790703840962866e-01
2.180000000000000000e+02 6.161212921142578125e-03 1.954400495419166982e+05 -1.119773184223876283e+00
2.190000000000000000e+02 1.263618469238281250e-03 2.492363727693276887e+05 1.541363919914182645e-01
2.200000000000000000e+02 1.258134841918945312e-03 3.443630778946022037e+05 2.368916506117659804e+00
2.210000000000000000e+02 1.274347305297851562e-03 2.558670824563078058e+05 2.197363705909657627e-01
2.220000000000000000e+02 1.261949539184570312e-03 1.517115324281022185e+05 -2.092036521450991504e+00
2.230000000000000000e+02 1.262426376342773438e-03 1.412499459763968189e+05 -2.163059893204528628e+00
2.240000000000000000e+02 1.265764236450195312e-03 1.555960757135445310e+05 -1.714389249480909871e+00
2.250000000000000000e+02 1.262664794921875000e-03 1.952045268926568097e+05 -8.473047806177692598e-01
2.260000000000000000e+02 1.265764236450195312e-03 1.905140292536437046e+05 -9.210428634503716738e-01
2.270000000000000000e+02 1.222848892211914062e-03 2.354075154982880340e+05 -1.059146281512600776e-02
2.280000000000000000e+02 1.758813858032226562e-03 2.246523176529618213e+05 -2.261978006160673127e-01
2.290000000000000000e+02 1.225948333740234375e-03 2.656379027608823380e+05 6.087125758989485602e-01
2.300000000000000000e+02 1.223087310791015625e-03 2.910459424874793040e+05 1.118779144086608168e+00
2.310000000000000000e+02 1.448392868041992188e-03 4.395000226919747074e+05 4.119413169694672305e+00
2.310000000000000000e+02 2.659082412719726562e-03 3.438902506495112902e+05 0.000000000000000000e+00
2.320000000000000000e+02 1.227140426635742188e-03 5.639095957543354016e+05 0.000000000000000000e+00
2.330000000000000000e+02 1.220226287841796875e-03 3.799220987545824028e+05 -4.755056542798137831e-01
2.340000000000000000e+02 1.254081726074218750e-03 3.177876608221865608e+05 -9.444365538433632246e-01
2.350000000000000000e+02 1.230478286743164062e-03 2.526963673737743520e+05 -1.335750677120120411e+00
2.360000000000000000e+02 1.231908798217773438e-03 2.935686061674481025e+05 -6.666913396917882872e-01
2.370000000000000000e+02 1.233339309692382812e-03 2.443933358829502249e+05 -1.043404802912996532e+00
2.380000000000000000e+02 1.234292984008789062e-03 2.468703655856267433e+05 -8.766183221425117855e-01
2.390000000000000000e+02 1.234531402587890625e-03 2.606572123182790529e+05 -6.559405005608498485e-01
2.400000000000000000e+02 1.240015029907226562e-03 2.453964502776428999e+05 -7.564106905713576801e-01
2.410000000000000000e+02 5.623939037322998047e-01 9.702923255219768034e+05 6.598746065233718205e+00
2.410000000000000000e+02 7.994174957275390625e-04 3.437964007566073997e+04 0.000000000000000000e+00
2.420000000000000000e+02 3.977441787719726562e-01 1.233514535499484977e+06 4.861955366351629948e+01
2.420000000000000000e+02 7.758140563964843750e-04 4.565552570441676653e+04 0.000000000000000000e+00
2.430000000000000000e+02 3.960328102111816406e-01 8.283481558002048405e+05 2.353737437575366087e+01
2.430000000000000000e+02 7.824897766113281250e-04 4.787725161110374756e+04 0.000000000000000000e+00
2.440000000000000000e+02 6.761548519134521484e-01 9.216686700283663813e+05 2.510322344930490246e+01
2.440000000000000000e+02 1.643896102905273438e-03 5.546911270176685503e+04 0.000000000000000000e+00
2.450000000000000000e+02 2.746105194091796875e-03 2.022360951160075783e+05 3.034792934331731917e+00
2.450000000000000000e+02 4.841089248657226562e-03 2.034119740528596449e+05 0.000000000000000000e+00
2.460000000000000000e+02 2.165555953979492188e-03 2.304202524558716686e+05 0.000000000000000000e+00
2.470000000000000000e+02 2.154588699340820312e-03 1.775100015970975219e+05 -2.063391702148706042e+00
2.480000000000000000e+02 2.154827117919921875e-03 2.618451005268734007e+05 2.194664605793214207e+00
2.490000000000000000e+02 2.153396606445312500e-03 2.307071385532864952e+05 3.429468299108326401e-01
2.500000000000000000e+02 2.200126647949218750e-03 3.139706344493548968e+05 2.928095500447211563e+00
2.510000000000000000e+02 2.220869064331054688e-03 2.126007380179455213e+05 -4.989885226229163195e-01
2.520000000000000000e+02 2.204656600952148438e-03 1.755833414756816346e+05 -1.294587977812299284e+00
2.530000000000000000e+02 2.240657806396484375e-03 2.215297900559754053e+05 -9.239086290653407418e-02
2.540000000000000000e+02 2.198457717895507812e-03 1.992694076685023319e+05 -6.076914715489512009e-01
2.550000000000000000e+02 2.204418182373046875e-03 2.377536413906584494e+05 3.657964785189907753e-01
2.560000000000000000e+02 2.283573150634765625e-03 2.331522263125768513e+05 2.312310496758025469e-01
2.570000000000000000e+02 2.257108688354492188e-03 2.275127800695634796e+05 7.179773911875722558e-02
2.580000000000000000e+02 2.224445343017578125e-03 2.792869708810851444e+05 1.506921048015126496e+00
2.590000000000000000e+02 2.228498458862304688e-03 2.761073739967198344e+05 1.258429449400663813e+00
2.600000000000000000e+02 2.243995666503906250e-03 3.304946610457142233e+05 2.580570579228144368e+00
2.610000000000000000e+02 2.252578735351562500e-03 2.989806475902987877e+05 1.371479134154195645e+00
2.620000000000000000e+02 2.281665802001953125e-03 2.777198379714545445e+05 7.922412466212069848e-01
2.630000000000000000e+02 2.269029617309570312e-03 2.604345567017065769e+05 3.717555105205123667e-01
2.640000000000000000e+02 1.989364624023437500e-03 2.785480754271057667e+05 7.752096757388152737e-01
2.650000000000000000e+02 1.257896423339843750e-03 3.152647347739683464e+05 1.594143730649244528e+00
2.660000000000000000e+02 1.269340515136718750e-03 3.342697652216837159e+05 1.891787684077591791e+00
2.670000000000000000e+02 1.259565353393554688e-03 3.600606364163767430e+05 2.255960695986290343e+00
2.680000000000000000e+02 1.263141632080078125e-03 3.564313107609455474e+05 1.919172318495180329e+00
2.690000000000000000e+02 1.263618469238281250e-03 3.465275676974161179e+05 1.562226583673259839e+00
2.700000000000000000e+02 1.250505447387695312e-03 3.027112741635466809e+05 6.695076883755549657e-01
2.710000000000000000e+02 1.259088516235351562e-03 2.703533064846706693e+05 6.108264211754691614e-02
2.720000000000000000e+02 1.260757446289062500e-03 2.752123809365601046e+05 1.503466912374173126e-01
2.730000000000000000e+02 1.267433166503906250e-03 2.703183349875016138e+05 5.496586828587453344e-02
2.740000000000000000e+02 1.256704330444335938e-03 2.645681820094875875e+05 -5.688037007467075523e-02
2.750000000000000000e+02 1.270532608032226562e-03 2.793009062122297473e+05 2.332575001074514709e-01
2.760000000000000000e+02 1.265287399291992188e-03 3.600458749770317227e+05 1.840090404179152594e+00
2.770000000000000000e+02 1.269102096557617188e-03 3.506449351675804355e+05 1.539446437517792310e+00
2.780000000000000000e+02 1.259088516235351562e-03 2.635181211219260003e+05 -1.809865850132701681e-01
2.790000000000000000e+02 1.264810562133789062e-03 2.910838589506899007e+05 3.497705002462973001e-01
2.800000000000000000e+02 1.254796981811523438e-03 2.731128305884210276e+05 -4.548162662939695018e-03
2.810000000000000000e+02 1.264333724975585938e-03 2.734940403607237968e+05 3.020880075571161401e-03
2.820000000000000000e+02 1.275539398193359375e-03 2.664300057296661544e+05 -1.381061949019440627e-01
2.830000000000000000e+02 1.227855682373046875e-03 2.728275986880464479e+05 -6.785873115679325052e-03
2.840000000000000000e+02 1.231908798217773438e-03 2.715877263116225949e+05 -3.213610022681884226e-02
2.850000000000000000e+02 1.236438751220703125e-03 2.482132020388615492e+05 -5.175227127489455681e-01
2.860000000000000000e+02 1.239776611328125000e-03 2.470228113219539518e+05 -5.345988656685435325e-01
2.870000000000000000e+02 1.229047775268554688e-03 2.201812069795412826e+05 -1.094596357820579291e+00
2.880000000000000000e+02 1.227855682373046875e-03 1.967472367922519334e+05 -1.561934338476045792e+00
2.890000000000000000e+02 1.230239868164062500e-03 1.749083618958104344e+05 -1.956459547307242364e+00
2.900000000000000000e+02 1.229524612426757812e-03 1.691583685667795071e+05 -1.971989416348578716e+00
2.910000000000000000e+02 1.230239868164062500e-03 1.861032078061898937e+05 -1.540079865134362125e+00
2.920000000000000000e+02 1.220226287841796875e-03 2.624335717332056956e+05 -1.336615376124851949e-02
2.930000000000000000e+02 1.251697540283203125e-03 2.487101069635376625e+05 -2.808779811152581352e-01
2.940000000000000000e+02 1.223564147949218750e-03 2.452711813189506356e+05 -3.455526112123624705e-01
2.950000000000000000e+02 1.237869262695312500e-03 2.604223168659100484e+05 -4.063486532432897258e-02
2.960000000000000000e+02 1.230955123901367188e-03 2.169149952584117127e+05 -9.136300804246422214e-01
2.970000000000000000e+02 1.230001449584960938e-03 3.131434061367968679e+05 1.037524091985670527e+00
2.980000000000000000e+02 1.224040985107421875e-03 3.458597908728171606e+05 1.674980257914270076e+00
2.990000000000000000e+02 1.231431961059570312e-03 3.294606321271170164e+05 1.293129388890397857e+00
