2.137548466503755003e+07
1.000000000000000000e+00 1.468436717987060547e-01 1.433378710574139259e+05 0.000000000000000000e+00
2.000000000000000000e+00 1.871306896209716797e-01 1.436621351542958000e+05 7.150779817691910178e-01
3.000000000000000000e+00 2.176861763000488281e-01 8.659563471037149429e+04 -1.131053323008893052e+00
4.000000000000000000e+00 2.431225776672363281e-01 1.290507556762698077e+05 4.292178070280373570e-01
5.000000000000000000e+00 2.712140083312988281e-01 1.050930713897186652e+05 -4.292898778971981910e-01
6.000000000000000000e+00 2.329390048980712891e-01 1.189271590283494006e+05 1.247188614030427661e-01
7.000000000000000000e+00 2.385156154632568359e-01 1.359330598368095816e+05 8.125158293677352539e-01
8.000000000000000000e+00 2.384886741638183594e-01 1.329709016425446025e+05 6.084350140238798943e-01
9.000000000000000000e+00 4.257080554962158203e-01 1.243888054610725812e+05 1.867179880788271129e-01
1.000000000000000000e+01 2.641098499298095703e-01 1.356779646112915652e+05 7.047098974397407734e-01
1.100000000000000000e+01 2.765614986419677734e-01 1.373355827586552186e+05 7.385408499246526315e-01
1.200000000000000000e+01 3.713309764862060547e-01 1.637250424983815465e+05 1.989456506925501023e+00
1.300000000000000000e+01 3.433706760406494141e-01 1.520632505140163703e+05 1.143366654780718417e+00
1.400000000000000000e+01 4.303107261657714844e-01 1.562174596133319428e+05 1.236265174855301074e+00
1.500000000000000000e+01 3.973681926727294922e-01 1.388443405975788482e+05 3.819381765530877049e-01
1.600000000000000000e+01 3.456151485443115234e-01 1.515159589044424065e+05 9.358789401011174958e-01
1.700000000000000000e+01 3.948769569396972656e-01 1.867873371222338465e+05 2.472794925566461188e+00
1.800000000000000000e+01 5.144393444061279297e-01 2.090946294784971105e+05 2.950419890648016352e+00
1.900000000000000000e+01 3.783631324768066406e-01 2.668640163709245971e+05 4.299476549729559061e+00
1.900000000000000000e+01 8.398787975311279297e-01 2.203450714667481079e+05 0.000000000000000000e+00
2.000000000000000000e+01 5.054423809051513672e-01 3.361115158100471599e+05 0.000000000000000000e+00
2.100000000000000000e+01 4.535114765167236328e-01 2.281216069719546649e+05 -6.121079061487518791e-01
2.200000000000000000e+01 4.468188285827636719e-01 3.047947551596408593e+05 6.686572555322717326e-01
2.300000000000000000e+01 6.060781478881835938e-01 2.927078871009552968e+05 3.566921426617674085e-01
2.400000000000000000e+01 5.138030052185058594e-01 2.321773772833114490e+05 -8.799218408655887780e-01
2.500000000000000000e+01 4.503598213195800781e-01 2.251910398795434157e+05 -9.049240698777810676e-01
2.600000000000000000e+01 6.682534217834472656e-01 2.093699812680256728e+05 -1.130573267469515919e+00
2.700000000000000000e+01 5.009913444519042969e-01 1.599832924983831181e+05 -2.017694391980842106e+00
2.800000000000000000e+01 5.524513721466064453e-01 2.306245541764879308e+05 -2.696221153276517901e-01
2.900000000000000000e+01 6.655359268188476562e-01 1.818162456156972912e+05 -1.195743975289101035e+00
3.000000000000000000e+01 5.019948482513427734e-01 1.887737998605502362e+05 -9.391534407292154718e-01
3.100000000000000000e+01 6.079018115997314453e-01 2.798805409047185676e+05 8.745701613727510093e-01
3.200000000000000000e+01 6.711287498474121094e-01 3.174931170856675599e+05 1.545951996849053822e+00
3.300000000000000000e+01 6.249110698699951172e-01 3.108534468880288769e+05 1.249624318582472249e+00
3.400000000000000000e+01 6.451432704925537109e-01 3.299002206462883623e+05 1.494866813921596815e+00
3.500000000000000000e+01 6.309089660644531250e-01 1.677023838854325586e+05 -1.500999970967105135e+00
3.600000000000000000e+01 7.461655139923095703e-01 1.228558212647906475e+05 -2.128527870933626165e+00
3.700000000000000000e+01 5.969860553741455078e-01 1.426114396600063192e+05 -1.532917526154850885e+00
3.800000000000000000e+01 7.078087329864501953e-01 2.029992428874222969e+05 -4.951666939350963803e-01
3.900000000000000000e+01 7.239933013916015625e-01 2.844019142362018465e+05 7.720139734386235464e-01
4.000000000000000000e+01 6.459155082702636719e-01 2.267702718691351183e+05 -1.529573348849257719e-01
4.100000000000000000e+01 8.153300285339355469e-01 2.321584044309115852e+05 -6.370914755039100430e-02
4.200000000000000000e+01 6.534228324890136719e-01 2.309333291913342837e+05 -8.233678702001154259e-02
4.300000000000000000e+01 8.316664695739746094e-01 2.503635995117258281e+05 2.431255039938018947e-01
4.400000000000000000e+01 7.486793994903564453e-01 2.545238700933853397e+05 3.088590086055625350e-01
4.500000000000000000e+01 8.541059494018554688e-01 2.984017092244682135e+05 1.062461495043980797e+00
4.600000000000000000e+01 6.875951290130615234e-01 2.872648637694296776e+05 8.288424200760927674e-01
4.700000000000000000e+01 8.664228916168212891e-01 3.062557368236259790e+05 1.134716762610579188e+00
4.800000000000000000e+01 7.829179763793945312e-01 2.464828841938844125e+05 5.532874213320979756e-02
4.900000000000000000e+01 9.083015918731689453e-01 2.640316882219592226e+05 3.638170199430121876e-01
5.000000000000000000e+01 7.945966720581054688e-01 2.645847429423988797e+05 3.672069643099027392e-01
5.100000000000000000e+01 8.253583908081054688e-01 2.821976207378434483e+05 6.804728526186890614e-01
5.200000000000000000e+01 8.643586635589599609e-01 2.654926416680128896e+05 3.597948101123862319e-01
5.300000000000000000e+01 9.867591857910156250e-01 2.441283492168485245e+05 -4.246319726528801491e-02
5.400000000000000000e+01 9.671480655670166016e-01 2.565397037163910281e+05 1.918697270463909366e-01
5.500000000000000000e+01 7.872910499572753906e-01 2.897288401556528406e+05 8.229954325152425421e-01
5.600000000000000000e+01 8.698673248291015625e-01 2.563850589383387123e+05 1.647494638708466852e-01
5.700000000000000000e+01 8.576326370239257812e-01 2.569504491803685960e+05 1.735616943325178629e-01
5.800000000000000000e+01 1.031972885131835938e+00 3.093873690576503868e+05 1.204290608489329228e+00
5.900000000000000000e+01 1.026527881622314453e+00 4.056387684347130707e+05 3.054110686633956018e+00
5.900000000000000000e+01 1.935012817382812500e+00 1.393318451816565648e+05 0.000000000000000000e+00
6.000000000000000000e+01 1.003984928131103516e+00 3.638919517085787957e+05 0.000000000000000000e+00
6.100000000000000000e+01 9.838342666625976562e-01 2.935106695101407240e+05 2.638661479251530051e-01
6.200000000000000000e+01 9.805467128753662109e-01 2.803041468995843898e+05 1.282122618391065838e-01
6.300000000000000000e+01 1.088019132614135742e+00 2.713817680675307638e+05 2.255926978871224814e-02
6.400000000000000000e+01 9.906055927276611328e-01 2.595039011783604510e+05 -1.249543340131781394e-01
6.500000000000000000e+01 1.052551746368408203e+00 3.023340060467710719e+05 4.705762043177012521e-01
6.600000000000000000e+01 1.088666200637817383e+00 3.260024740034043789e+05 7.823649332417751401e-01
6.700000000000000000e+01 1.405627965927124023e+00 3.587306136504168971e+05 1.207444166490496684e+00
6.800000000000000000e+01 1.394342184066772461e+00 3.821637177987666801e+05 1.404795552998668651e+00
6.900000000000000000e+01 1.020696640014648438e+00 3.444234350505318143e+05 6.709560730941402928e-01
7.000000000000000000e+01 1.126194238662719727e+00 3.215321781906943070e+05 2.898195237593078066e-01
7.100000000000000000e+01 1.174429178237915039e+00 2.968038037668754114e+05 -1.050380880718909254e-01
7.200000000000000000e+01 1.129095554351806641e+00 3.260365447562394547e+05 3.709702560473707722e-01
7.300000000000000000e+01 1.228514909744262695e+00 3.046532523063377594e+05 -9.622347568047705073e-04
7.400000000000000000e+01 1.215403318405151367e+00 3.672728171337286476e+05 1.085826953556196406e+00
7.500000000000000000e+01 1.250078678131103516e+00 3.339982592216103221e+05 4.389462678280204311e-01
7.600000000000000000e+01 1.248219966888427734e+00 3.319362305871635908e+05 3.875083373169359025e-01
7.700000000000000000e+01 1.149211883544921875e+00 3.522807091681782040e+05 7.462663908482861652e-01
7.800000000000000000e+01 1.256573200225830078e+00 3.452786557652895572e+05 5.871654224038778125e-01
7.900000000000000000e+01 1.245330333709716797e+00 3.300081459698614781e+05 2.808636843175356113e-01
8.000000000000000000e+01 1.300391435623168945e+00 3.605668380210701725e+05 8.621618067056441292e-01
8.100000000000000000e+01 1.321854352951049805e+00 2.994650665468456573e+05 -3.557247714235189928e-01
8.200000000000000000e+01 1.318356752395629883e+00 3.765023229170988780e+05 1.176845943449846388e+00
8.300000000000000000e+01 1.593602180480957031e+00 5.915652858716041083e+05 5.344746386148341522e+00
8.300000000000000000e+01 7.853507995605468750e-04 6.348065375808194221e+04 0.000000000000000000e+00
8.400000000000000000e+01 5.456788539886474609e-01 3.254969425616346998e+05 5.130057256234451302e+00
8.400000000000000000e+01 7.202625274658203125e-04 9.521528216193975823e+04 0.000000000000000000e+00
8.500000000000000000e+01 1.507921218872070312e-01 3.558187012047339813e+05 3.163583734484033627e+00
8.500000000000000000e+01 3.201806545257568359e-01 3.443485445419825264e+05 0.000000000000000000e+00
8.600000000000000000e+01 1.589870452880859375e-01 1.594352959101597080e+05 0.000000000000000000e+00
8.700000000000000000e+01 2.631123065948486328e-01 1.508830807929631555e+05 -7.725139853569367165e-01
8.800000000000000000e+01 3.040480613708496094e-01 1.840027133087623224e+05 -3.130446135639142757e-01
8.900000000000000000e+01 2.979519367218017578e-01 1.870050485501127259e+05 -2.493706689619050176e-01
9.000000000000000000e+01 2.107331752777099609e-01 2.752389406085778610e+05 8.834480862359753717e-01
9.100000000000000000e+01 2.438163757324218750e-01 2.129607241043682152e+05 -5.041552084039718773e-02
9.200000000000000000e+01 3.388261795043945312e-01 2.240374908499869925e+05 1.111936068072724854e-01
9.300000000000000000e+01 3.575611114501953125e-01 2.499029634780715569e+05 5.044584798311287921e-01
9.400000000000000000e+01 3.646600246429443359e-01 1.805907292774807429e+05 -6.544998988042749488e-01
9.500000000000000000e+01 2.762899398803710938e-01 2.296505574971043970e+05 2.156509549544148308e-01
9.600000000000000000e+01 3.454291820526123047e-01 2.185167276620623597e+05 9.057702731708363111e-03
9.700000000000000000e+01 2.898223400115966797e-01 2.736034742048496846e+05 1.031541804983986177e+00
9.800000000000000000e+01 3.415141105651855469e-01 2.654989323378799018e+05 8.023041893004173586e-01
9.900000000000000000e+01 4.591984748840332031e-01 1.761215327737993794e+05 -9.302723438417130897e-01
1.000000000000000000e+02 3.756375312805175781e-01 1.691597567695700563e+05 -1.006599963089990224e+00
1.010000000000000000e+02 3.394622802734375000e-01 3.033605211048247293e+05 1.609727551925259403e+00
1.020000000000000000e+02 5.592355728149414062e-01 2.499640467875264876e+05 4.774389070127189605e-01
1.030000000000000000e+02 3.987362384796142578e-01 1.862195290459796379e+05 -7.285633295143203458e-01
1.040000000000000000e+02 4.464180469512939453e-01 2.420432043081569718e+05 3.571069449258018058e-01
1.050000000000000000e+02 4.537701606750488281e-01 2.575061353574321838e+05 6.471978307802697117e-01
1.060000000000000000e+02 5.995137691497802734e-01 2.578738285418373707e+05 6.330943359037446427e-01
1.070000000000000000e+02 4.245309829711914062e-01 2.702755862057947088e+05 8.612317506952174018e-01
1.080000000000000000e+02 5.321407318115234375e-01 1.715290939014361356e+05 -1.157175650792837462e+00
1.090000000000000000e+02 5.754997730255126953e-01 1.637094016065926699e+05 -1.258540430054651882e+00
1.100000000000000000e+02 5.351834297180175781e-01 1.568069816502798349e+05 -1.331839191406880563e+00
1.110000000000000000e+02 5.044820308685302734e-01 2.117910074238022207e+05 -1.903297462815554675e-01
1.120000000000000000e+02 5.932154655456542969e-01 1.703466712927549961e+05 -1.010681172441576514e+00
1.130000000000000000e+02 5.051300525665283203e-01 2.060442853209774185e+05 -2.650009422664817427e-01
1.140000000000000000e+02 6.538856029510498047e-01 2.164825768314907618e+05 -4.911969932557415375e-02
1.150000000000000000e+02 5.322954654693603516e-01 2.006515834579920629e+05 -3.741524726267601575e-01
1.160000000000000000e+02 5.890073776245117188e-01 2.084651055386926164e+05 -2.042302602347209894e-01
1.170000000000000000e+02 6.356172561645507812e-01 2.627294690843009157e+05 9.502871971201835022e-01
1.180000000000000000e+02 6.150460243225097656e-01 3.069790397091069608e+05 1.863911745825823640e+00
1.190000000000000000e+02 5.973527431488037109e-01 3.448609341579961474e+05 2.525179027987574987e+00
1.200000000000000000e+02 6.869699954986572266e-01 4.488469580719075166e+05 4.273264769929483009e+00
1.200000000000000000e+02 1.316762208938598633e+00 1.706957112118139048e+05 0.000000000000000000e+00
1.210000000000000000e+02 6.795201301574707031e-01 3.142112725380141055e+05 0.000000000000000000e+00
1.220000000000000000e+02 6.428463459014892578e-01 2.511698918154747225e+05 8.589208652426888468e-02
1.230000000000000000e+02 7.088513374328613281e-01 2.457553961323514231e+05 5.511127696126923679e-03
1.240000000000000000e+02 6.923542022705078125e-01 2.832984896531702834e+05 6.442653109702332070e-01
1.250000000000000000e+02 8.000538349151611328e-01 2.878985512631291640e+05 6.505250864043239378e-01
1.260000000000000000e+02 6.810181140899658203e-01 2.399548913317740080e+05 -3.775450292319927903e-01
1.270000000000000000e+02 7.964026927947998047e-01 2.396416370683548739e+05 -3.570221933309419837e-01
1.280000000000000000e+02 7.991681098937988281e-01 2.526510786521309637e+05 -3.305084799968584924e-02
1.290000000000000000e+02 8.612365722656250000e-01 2.920297784162208554e+05 9.434496220193010485e-01
1.300000000000000000e+02 6.982884407043457031e-01 3.051963635657002451e+05 1.188259540245873991e+00
1.310000000000000000e+02 8.622791767120361328e-01 4.231937253237996483e+05 3.978173998894780183e+00
1.310000000000000000e+02 1.658142089843750000e+00 2.592437393397934211e+05 0.000000000000000000e+00
1.320000000000000000e+02 8.242721557617187500e-01 4.740054832320844871e+05 0.000000000000000000e+00
1.330000000000000000e+02 7.350015640258789062e-01 3.565835621878970414e+05 -6.612065797913603549e-02
1.340000000000000000e+02 8.398878574371337891e-01 3.053148055450177635e+05 -5.390019894084127072e-01
1.350000000000000000e+02 7.891201972961425781e-01 2.657206809277957072e+05 -8.983713979476384281e-01
1.360000000000000000e+02 9.544761180877685547e-01 2.749399521241597831e+05 -6.483737467921162345e-01
1.370000000000000000e+02 7.847201824188232422e-01 2.853612540878423606e+05 -4.526863355503372155e-01
1.380000000000000000e+02 9.493520259857177734e-01 2.905205123736457899e+05 -3.503113193474411968e-01
1.390000000000000000e+02 1.255686283111572266e+00 6.806063721354214940e+05 5.132849100041175561e+00
1.390000000000000000e+02 7.886886596679687500e-04 4.005796091303316643e+04 0.000000000000000000e+00
1.400000000000000000e+02 4.670882225036621094e-01 2.842155235684443614e+05 7.912676367857820026e+00
1.400000000000000000e+02 6.980895996093750000e-04 5.350888684508055303e+04 0.000000000000000000e+00
1.410000000000000000e+02 5.563099384307861328e-01 3.316278576032245182e+05 6.643440830430868971e+00
1.410000000000000000e+02 6.959438323974609375e-04 5.772197070753028675e+04 0.000000000000000000e+00
1.420000000000000000e+02 5.821352005004882812e-01 3.308487756296240259e+05 5.984619558608446077e+00
1.420000000000000000e+02 7.040500640869140625e-04 5.876378331304889434e+04 0.000000000000000000e+00
1.430000000000000000e+02 2.823112010955810547e-01 1.524686709492370137e+05 1.548001986228662474e+00
1.440000000000000000e+02 1.570031642913818359e-01 1.196087595331210468e+05 2.116397489122717468e-01
1.450000000000000000e+02 2.822003364562988281e-01 1.359060228037706111e+05 6.107969707630744871e-01
1.460000000000000000e+02 2.025654315948486328e-01 1.238546334388434188e+05 1.977060228668089115e-01
1.470000000000000000e+02 4.088168144226074219e-01 1.307343735124485684e+05 3.998317524946141122e-01
1.480000000000000000e+02 2.530755996704101562e-01 1.119602995141146239e+05 -2.677552149601815645e-01
1.490000000000000000e+02 3.072693347930908203e-01 1.630703578504205507e+05 1.614965448632010636e+00
1.500000000000000000e+02 2.520129680633544922e-01 1.481733386915052834e+05 8.259736595404423287e-01
1.510000000000000000e+02 3.051135540008544922e-01 1.883510350595578202e+05 2.149642622579094553e+00
1.520000000000000000e+02 5.230498313903808594e-01 1.639558771716823685e+05 9.664152747899472651e-01
1.530000000000000000e+02 3.020246028900146484e-01 1.390600053993212059e+05 1.372473213594743724e-01
1.540000000000000000e+02 3.536071777343750000e-01 1.588420978757117991e+05 7.578901452011677087e-01
1.550000000000000000e+02 3.916807174682617188e-01 1.400346688555846631e+05 1.109194715182806878e-01
1.560000000000000000e+02 4.568381309509277344e-01 1.832092259300285368e+05 1.549966822510761011e+00
1.570000000000000000e+02 3.172974586486816406e-01 2.153920388446328579e+05 2.429050503345226542e+00
1.580000000000000000e+02 3.980641365051269531e-01 1.833574515585690388e+05 1.109822964560789549e+00
1.590000000000000000e+02 3.717117309570312500e-01 1.715818342269137793e+05 7.112514466962924775e-01
1.600000000000000000e+02 4.978613853454589844e-01 1.563117012584712065e+05 2.470000211794402267e-01
1.610000000000000000e+02 4.007811546325683594e-01 1.644527327614546230e+05 4.795523146717557417e-01
1.620000000000000000e+02 3.809962272644042969e-01 1.716575655855968362e+05 6.815471416476976962e-01
1.630000000000000000e+02 4.298849105834960938e-01 1.750021315871260304e+05 7.608224810652134407e-01
1.640000000000000000e+02 5.072357654571533203e-01 2.768940701858695247e+05 3.857981389885615897e+00
1.640000000000000000e+02 9.751107692718505859e-01 1.935119387032501108e+05 0.000000000000000000e+00
1.650000000000000000e+02 4.760165214538574219e-01 2.480454137374480197e+05 0.000000000000000000e+00
1.660000000000000000e+02 5.383722782135009766e-01 2.482569735613204830e+05 7.125931502834385034e-01
1.670000000000000000e+02 4.946312904357910156e-01 2.318573733201994619e+05 6.083987064729464572e-02
1.680000000000000000e+02 8.997001647949218750e-01 4.483301631588496966e+05 8.454335224373469515e+00
1.680000000000000000e+02 7.236003875732421875e-04 6.079344409212916798e+04 0.000000000000000000e+00
1.690000000000000000e+02 1.562736034393310547e-01 2.933108120543367695e+05 4.701851703894945445e+00
1.690000000000000000e+02 4.044260978698730469e-01 2.879156503105225856e+05 0.000000000000000000e+00
1.700000000000000000e+02 1.785702705383300781e-01 2.599690686565597716e+05 0.000000000000000000e+00
1.710000000000000000e+02 1.916594505310058594e-01 1.488011082619795634e+05 -6.332669121440688720e+00
1.720000000000000000e+02 2.152428627014160156e-01 1.176249926752734318e+05 -1.557343822692964785e+00
1.730000000000000000e+02 4.197726249694824219e-01 1.309126472058313666e+05 -8.751816061636018551e-01
1.740000000000000000e+02 3.537788391113281250e-01 1.768681781354326522e+05 -1.543143665609078841e-01
1.750000000000000000e+02 3.176500797271728516e-01 1.537167551854829071e+05 -4.706398070371582421e-01
1.760000000000000000e+02 2.380876541137695312e-01 1.907034683450264565e+05 1.283416743764698442e-01
1.770000000000000000e+02 2.477285861968994141e-01 2.052964786414575938e+05 3.604051517755149092e-01
1.780000000000000000e+02 2.708470821380615234e-01 1.942477066746334312e+05 1.476140870511038206e-01
1.790000000000000000e+02 4.659540653228759766e-01 2.041672205658778839e+05 3.234197873391793654e-01
1.800000000000000000e+02 3.884577751159667969e-01 2.023894575574619230e+05 2.739678676608102714e-01
1.810000000000000000e+02 6.137759685516357422e-01 4.644887155562180560e+05 5.552689934078060219e+00
1.810000000000000000e+02 9.908676147460937500e-04 6.350162128261831094e+04 0.000000000000000000e+00
1.820000000000000000e+02 5.494105815887451172e-01 5.047633820369739551e+05 9.120018164775324010e+00
1.820000000000000000e+02 7.083415985107421875e-04 1.012793968278350658e+05 0.000000000000000000e+00
1.830000000000000000e+02 2.755193710327148438e-01 3.637622623594364850e+05 2.958069354847901344e+00
1.840000000000000000e+02 3.171477317810058594e-01 2.006271978829104919e+05 -1.654846267753087574e-01
1.850000000000000000e+02 1.656057834625244141e-01 1.770887181726395211e+05 -3.679005577468064669e-01
1.860000000000000000e+02 2.001149654388427734e-01 2.381120986931451189e+05 3.033293034136367305e-01
1.870000000000000000e+02 2.031950950622558594e-01 2.648731333792574587e+05 5.894116558925365235e-01
1.880000000000000000e+02 3.878910541534423828e-01 3.124034147789671551e+05 1.122598993815138835e+00
1.890000000000000000e+02 3.430867195129394531e-01 3.160960229294567835e+05 1.020261374380325936e+00
1.900000000000000000e+02 2.697846889495849609e-01 3.030576150720635778e+05 7.511179124300361165e-01
1.910000000000000000e+02 3.341670036315917969e-01 2.470207027457238291e+05 -1.218529039071445004e-02
1.920000000000000000e+02 6.144285202026367188e-01 2.629223374776232522e+05 1.999413589418658488e-01
1.930000000000000000e+02 3.910727500915527344e-01 2.993145186572165112e+05 6.988892471592350608e-01
1.940000000000000000e+02 3.602545261383056641e-01 2.400801387546450424e+05 -1.843921753459101254e-01
1.950000000000000000e+02 4.957129955291748047e-01 2.478142735619236191e+05 -6.332025052579447200e-02
1.960000000000000000e+02 5.996179580688476562e-01 1.817663385608899116e+05 -1.077297884661451377e+00
1.970000000000000000e+02 3.506665229797363281e-01 2.009017925982376910e+05 -7.135264505232965515e-01
1.980000000000000000e+02 3.206613063812255859e-01 2.197061426705227059e+05 -3.895355429520384605e-01
1.990000000000000000e+02 5.029034614562988281e-01 3.109631759876945871e+05 1.082744430457019957e+00
2.000000000000000000e+02 3.563399314880371094e-01 3.569330044019425404e+05 1.755968692148503374e+00
2.010000000000000000e+02 4.361214637756347656e-01 3.841439857063837117e+05 2.003027082673619841e+00
2.020000000000000000e+02 4.611470699310302734e-01 3.973803064819974243e+05 1.974192372198736223e+00
2.030000000000000000e+02 6.502513885498046875e-01 4.229926367545517860e+05 2.116023213648989376e+00
2.040000000000000000e+02 4.451601505279541016e-01 3.769679544083075598e+05 1.313240863508996936e+00
2.050000000000000000e+02 4.635322093963623047e-01 3.292553053431356093e+05 6.534254037533749893e-01
2.060000000000000000e+02 5.507397651672363281e-01 3.455486233945865533e+05 8.383208744100648646e-01
2.070000000000000000e+02 4.272871017456054688e-01 3.943718562248199014e+05 1.424162397271564462e+00
2.080000000000000000e+02 4.804613590240478516e-01 3.381184019836162915e+05 6.534792663903026266e-01
2.090000000000000000e+02 5.923089981079101562e-01 2.974161141392379068e+05 1.298008975451062086e-01
2.100000000000000000e+02 5.684113502502441406e-01 2.781021110670207418e+05 -1.174893520102651134e-01
2.110000000000000000e+02 6.120772361755371094e-01 2.738235878762265784e+05 -1.707938525773146088e-01
2.120000000000000000e+02 5.677020549774169922e-01 2.723442049796044012e+05 -1.874448870058006700e-01
2.130000000000000000e+02 5.247814655303955078e-01 3.006290090636681998e+05 1.926725326814177908e-01
2.140000000000000000e+02 6.026668548583984375e-01 3.325007504249447957e+05 6.212490335461756663e-01
2.150000000000000000e+02 5.476298332214355469e-01 3.113534661689611967e+05 3.196917212063581371e-01
2.160000000000000000e+02 5.508668422698974609e-01 2.900260612193037523e+05 1.927093898852817386e-02
2.170000000000000000e+02 6.930718421936035156e-01 4.379487379329497344e+05 2.098336273889984671e+00
2.180000000000000000e+02 6.079516410827636719e-01 3.953476832146728993e+05 1.381165635779278089e+00
2.190000000000000000e+02 7.987761497497558594e-01 3.068229314654065529e+05 1.518385811659856977e-01
2.200000000000000000e+02 6.866819858551025391e-01 3.968594012096635415e+05 1.363370584714953537e+00
2.210000000000000000e+02 7.576558589935302734e-01 3.433107324018272338e+05 6.013429788971665912e-01
2.220000000000000000e+02 6.360988616943359375e-01 3.011370038883655798e+05 2.429703222316144037e-02
2.230000000000000000e+02 7.498373985290527344e-01 2.680220967759167543e+05 -4.268702151761894492e-01
2.240000000000000000e+02 7.478818893432617188e-01 2.692443388572731055e+05 -4.042770809461962989e-01
2.250000000000000000e+02 7.410604953765869141e-01 3.030974493569802144e+05 7.112175121668892763e-02
2.260000000000000000e+02 7.711379528045654297e-01 2.496980548933927785e+05 -6.797627830869948928e-01
2.270000000000000000e+02 6.738626956939697266e-01 2.771358291696031229e+05 -2.812833850849033590e-01
2.280000000000000000e+02 8.272593021392822266e-01 2.932136001020555268e+05 -4.855499195770757170e-02
2.290000000000000000e+02 6.769194602966308594e-01 3.341255067554420675e+05 5.423538086152700499e-01
2.300000000000000000e+02 7.992668151855468750e-01 3.660214880322093959e+05 9.990198668306671248e-01
2.310000000000000000e+02 7.790348529815673828e-01 5.103463930176229915e+05 3.078135252897166385e+00
2.310000000000000000e+02 1.651098728179931641e+00 3.550741292657600716e+05 0.000000000000000000e+00
2.320000000000000000e+02 7.736170291900634766e-01 6.737750508575362619e+05 0.000000000000000000e+00
2.330000000000000000e+02 9.170255661010742188e-01 5.539085646010366036e+05 1.752074390343965060e-01
2.340000000000000000e+02 8.749427795410156250e-01 4.681587994189556921e+05 -3.691749708965676446e-01
2.350000000000000000e+02 8.411569595336914062e-01 4.518043675749576068e+05 -4.521299509725911769e-01
2.360000000000000000e+02 9.803225994110107422e-01 4.864691901214196114e+05 -1.174521786060672007e-01
2.370000000000000000e+02 8.416817188262939453e-01 5.489606657857507234e+05 4.729183503261460975e-01
2.380000000000000000e+02 1.000782728195190430e+00 6.299503307531266473e+05 1.246911505196185210e+00
2.390000000000000000e+02 8.949480056762695312e-01 5.396016410173990298e+05 1.815594098379136601e-01
2.400000000000000000e+02 9.752514362335205078e-01 4.740380829854124459e+05 -5.109777858521055149e-01
2.410000000000000000e+02 1.386640071868896484e+00 1.124542049127996899e+06 6.605072263183093817e+00
2.410000000000000000e+02 7.877349853515625000e-04 5.306768404204078251e+04 0.000000000000000000e+00
2.420000000000000000e+02 4.514267444610595703e-01 9.157361920596332056e+05 2.228235518410568972e+01
2.420000000000000000e+02 6.861686706542968750e-04 7.445265199433786620e+04 0.000000000000000000e+00
2.430000000000000000e+02 5.487084388732910156e-01 8.423032002116499934e+05 1.387806419764066668e+01
2.430000000000000000e+02 6.861686706542968750e-04 7.586602209080108150e+04 0.000000000000000000e+00
2.440000000000000000e+02 4.962291717529296875e-01 8.005846212828060379e+05 1.280232528913728629e+01
2.440000000000000000e+02 7.886886596679687500e-04 9.359346484130564204e+04 0.000000000000000000e+00
2.450000000000000000e+02 1.497383117675781250e-01 2.037258976691152784e+05 9.570134693706762175e-01
2.460000000000000000e+02 2.289009094238281250e-01 1.960023232899081777e+05 5.809179933628764170e-01
2.470000000000000000e+02 1.694538593292236328e-01 1.952442693522294576e+05 4.880149366066737215e-01
2.480000000000000000e+02 2.166554927825927734e-01 2.655837792432412971e+05 1.967388166251189396e+00
2.490000000000000000e+02 2.718040943145751953e-01 2.529387616341912362e+05 1.134987377453027024e+00
2.500000000000000000e+02 2.777054309844970703e-01 3.382335841660054866e+05 2.494884641746311082e+00
2.510000000000000000e+02 2.495644092559814453e-01 2.244930383005512704e+05 1.112578957352174519e-01
2.520000000000000000e+02 2.601516246795654297e-01 2.446726134291902417e+05 4.080934086936793270e-01
2.530000000000000000e+02 3.016130924224853516e-01 3.034076504902958986e+05 1.311062176680221958e+00
2.540000000000000000e+02 4.874241352081298828e-01 3.436460584023785777e+05 1.776356691372785512e+00
2.550000000000000000e+02 2.697420120239257812e-01 2.872377083939748700e+05 7.055737517851591312e-01
2.560000000000000000e+02 3.384909629821777344e-01 3.654511990070879692e+05 1.799457239875554615e+00
2.570000000000000000e+02 3.947193622589111328e-01 2.668258806927727419e+05 2.254885925787738221e-01
2.580000000000000000e+02 4.097387790679931641e-01 4.146894464316545636e+05 2.283049845469527384e+00
2.590000000000000000e+02 3.433325290679931641e-01 4.475033305198998423e+05 2.315871943338854155e+00
2.600000000000000000e+02 3.652722835540771484e-01 4.330106283813384362e+05 1.786064553579699288e+00
2.610000000000000000e+02 3.461809158325195312e-01 3.762071646212051855e+05 9.978230107868514276e-01
2.620000000000000000e+02 4.447431564331054688e-01 3.170052678606572445e+05 3.233697640553762631e-01
2.630000000000000000e+02 4.908082485198974609e-01 3.355525113708748249e+05 5.148656949317143017e-01
2.640000000000000000e+02 3.991839885711669922e-01 3.377246754325723741e+05 5.236642903323407428e-01
2.650000000000000000e+02 4.764640331268310547e-01 3.538911303067347035e+05 6.898764288366310282e-01
2.660000000000000000e+02 4.626443386077880859e-01 3.957456204795838566e+05 1.142696821712652966e+00
2.670000000000000000e+02 4.162123203277587891e-01 4.569455028920813929e+05 1.779191389947030411e+00
2.680000000000000000e+02 5.052452087402343750e-01 4.650005485586072900e+05 1.726983986660691306e+00
2.690000000000000000e+02 5.611510276794433594e-01 4.111421945899699349e+05 1.039427712600896170e+00
2.700000000000000000e+02 5.198788642883300781e-01 3.573352763564676861e+05 4.387510498438440543e-01
2.710000000000000000e+02 5.164608955383300781e-01 3.483089720163850579e+05 3.339793416106321966e-01
2.720000000000000000e+02 6.216688156127929688e-01 3.337286158224798855e+05 1.707314483819795392e-01
2.730000000000000000e+02 4.822595119476318359e-01 2.915610069261226454e+05 -2.939717720945940749e-01
2.740000000000000000e+02 4.992091655731201172e-01 2.993001848779077991e+05 -2.028459987997865144e-01
2.750000000000000000e+02 6.500782966613769531e-01 3.192417665616830345e+05 2.572272190361201555e-02
2.760000000000000000e+02 5.256049633026123047e-01 4.064930185181328561e+05 1.027071832671830443e+00
2.770000000000000000e+02 5.970611572265625000e-01 4.658214702664118377e+05 1.677406442182230117e+00
2.780000000000000000e+02 6.212689876556396484e-01 3.481819334732686984e+05 2.724919779630773364e-01
2.790000000000000000e+02 6.195216178894042969e-01 3.243710345747076790e+05 -1.662937846815252000e-03
2.800000000000000000e+02 6.682059764862060547e-01 2.870477074185775127e+05 -4.311343149657290152e-01
2.810000000000000000e+02 6.300542354583740234e-01 3.028410095863799797e+05 -2.407285253794056445e-01
2.820000000000000000e+02 7.992146015167236328e-01 2.903316740953499684e+05 -3.849346916845832745e-01
2.830000000000000000e+02 6.157793998718261719e-01 3.165363561807717197e+05 -6.725436856066208113e-02
2.840000000000000000e+02 7.573704719543457031e-01 3.550250263379373937e+05 3.979826421327278263e-01
2.850000000000000000e+02 7.388811111450195312e-01 3.674497366918271873e+05 5.440696400516228382e-01
2.860000000000000000e+02 6.487243175506591797e-01 4.665216474290729384e+05 1.754309835307413135e+00
2.870000000000000000e+02 8.112244606018066406e-01 5.074687347854668624e+05 2.167953170313154931e+00
2.880000000000000000e+02 6.898224353790283203e-01 4.608545152486209990e+05 1.499407586211932930e+00
2.890000000000000000e+02 7.525374889373779297e-01 3.514258525563433068e+05 1.994859474539380506e-01
2.900000000000000000e+02 7.031476497650146484e-01 2.746277594874688657e+05 -6.879544771716764595e-01
2.910000000000000000e+02 9.269647598266601562e-01 2.578687348804357171e+05 -8.717977201318698466e-01
2.920000000000000000e+02 7.111735343933105469e-01 3.239684376834774739e+05 -8.790772332057393557e-02
2.930000000000000000e+02 8.578221797943115234e-01 3.107881278072815039e+05 -2.418263423797325506e-01
2.940000000000000000e+02 8.012111186981201172e-01 2.788795453832729254e+05 -6.176725226488236631e-01
2.950000000000000000e+02 8.907041549682617188e-01 2.853597413415912888e+05 -5.322380315796757522e-01
2.960000000000000000e+02 8.384571075439453125e-01 2.697199332800878328e+05 -7.137487311187776795e-01
2.970000000000000000e+02 8.065366744995117188e-01 3.265898000501050265e+05 -1.740619394230892222e-02
2.980000000000000000e+02 9.325017929077148438e-01 3.721262495123055996e+05 5.375613257512362742e-01
2.990000000000000000e+02 8.691124916076660156e-01 3.639843703113133670e+05 4.315813363288070748e-01
