1.578815509767384455e+07
1.000000000000000000e+00 1.312494277954101562e-03 1.415945774962971627e+05 0.000000000000000000e+00
2.000000000000000000e+00 1.312255859375000000e-03 1.529508367878659919e+05 8.966767907302277685e-01
3.000000000000000000e+00 1.286983489990234375e-03 8.954646907480568916e+04 -5.256099798155071667e-01
4.000000000000000000e+00 1.272439956665039062e-03 1.395290822207445162e+05 6.503824302974205995e-01
5.000000000000000000e+00 1.278400421142578125e-03 1.147445291130749392e+05 -3.293231893055236642e-02
6.000000000000000000e+00 1.279354095458984375e-03 1.111581264223743347e+05 -1.281372454677786044e-01
7.000000000000000000e+00 1.283168792724609375e-03 1.348804913182891323e+05 5.850275901038349824e-01
8.000000000000000000e+00 1.398324966430664062e-03 1.105433857652265724e+05 -2.230006394991342622e-01
9.000000000000000000e+00 1.288175582885742188e-03 1.168672134708847443e+05 -6.747255557159948837e-05
1.000000000000000000e+01 1.376390457153320312e-03 1.284546411831143632e+05 4.103543041133014824e-01
1.100000000000000000e+01 1.288890838623046875e-03 1.051528052858424635e+05 -4.727473392855008338e-01
1.200000000000000000e+01 1.289367675781250000e-03 1.268128641722169850e+05 3.826291393053509737e-01
1.300000000000000000e+01 1.287937164306640625e-03 1.159906938901771937e+05 -6.516755212342867365e-02
1.400000000000000000e+01 1.302957534790039062e-03 1.308097320556751074e+05 5.523757966831924771e-01
1.500000000000000000e+01 1.285552978515625000e-03 1.176255898638341314e+05 -3.275829513934781778e-02
1.600000000000000000e+01 1.368522644042968750e-03 1.253572547369633394e+05 3.093482574410458819e-01
1.700000000000000000e+01 1.300096511840820312e-03 1.681223910254924849e+05 2.242737930589238982e+00
1.800000000000000000e+01 1.295089721679687500e-03 1.738366230102241389e+05 2.152176408382127093e+00
1.900000000000000000e+01 1.504659652709960938e-03 2.286719938769761939e+05 3.939122402399905631e+00
1.900000000000000000e+01 2.767086029052734375e-03 2.106564797985734185e+05 0.000000000000000000e+00
2.000000000000000000e+01 1.297950744628906250e-03 3.108005805530641810e+05 0.000000000000000000e+00
2.100000000000000000e+01 1.292467117309570312e-03 2.026703714943997911e+05 -8.198848938187713875e-01
2.200000000000000000e+01 1.290082931518554688e-03 2.415681116772944224e+05 3.191397557990965830e-03
2.300000000000000000e+01 1.295089721679687500e-03 1.875232315017766959e+05 -1.095564783918411278e+00
2.400000000000000000e+01 1.294612884521484375e-03 1.411729549819432432e+05 -1.827663537739273591e+00
2.500000000000000000e+01 1.294612884521484375e-03 1.380849432970196649e+05 -1.361738299921053441e+00
2.600000000000000000e+01 1.308202743530273438e-03 1.453818505620903452e+05 -9.916657554153099907e-01
2.700000000000000000e+01 1.284599304199218750e-03 1.434852079724218929e+05 -9.085476542874859618e-01
2.800000000000000000e+01 1.297473907470703125e-03 1.544066975764441013e+05 -6.336130131818953348e-01
2.900000000000000000e+01 1.294612884521484375e-03 1.020700270519111364e+05 -1.525169962896362197e+00
3.000000000000000000e+01 1.303195953369140625e-03 1.534017855095206469e+05 -4.466665170620996439e-01
3.100000000000000000e+01 1.289367675781250000e-03 2.459381388670847809e+05 1.201684724468069509e+00
3.200000000000000000e+01 1.295804977416992188e-03 2.529653785143799323e+05 1.216064810924075479e+00
3.300000000000000000e+01 1.291036605834960938e-03 1.882239392333544965e+05 6.119375449134380543e-03
3.400000000000000000e+01 1.298904418945312500e-03 1.367830053116673371e+05 -9.070312066361628789e-01
3.500000000000000000e+01 1.303434371948242188e-03 1.313149084622543014e+05 -9.546942333622894239e-01
3.600000000000000000e+01 1.289367675781250000e-03 1.138886239311311510e+05 -1.215610268382089076e+00
3.700000000000000000e+01 1.301288604736328125e-03 1.198572748417384428e+05 -1.028948484676536879e+00
3.800000000000000000e+01 1.291990280151367188e-03 1.424432312369253486e+05 -5.736387589008007382e-01
3.900000000000000000e+01 1.294851303100585938e-03 1.752757921858324553e+05 3.877950926200120912e-02
4.000000000000000000e+01 1.290798187255859375e-03 1.428479297754535219e+05 -5.638739076699073038e-01
4.100000000000000000e+01 1.290321350097656250e-03 1.615287165327873372e+05 -1.948417280364215798e-01
4.200000000000000000e+01 1.300811767578125000e-03 1.826396491102455475e+05 2.168513218605842841e-01
4.300000000000000000e+01 1.289129257202148438e-03 2.042281249050540500e+05 6.378571561055274008e-01
4.400000000000000000e+01 1.308917999267578125e-03 1.928862660042773059e+05 3.937849311477335523e-01
4.500000000000000000e+01 1.296520233154296875e-03 1.966642396109426336e+05 4.620115958198492412e-01
4.600000000000000000e+01 1.293897628784179688e-03 1.716185424046569678e+05 -6.496815519710581743e-02
4.700000000000000000e+01 1.297712326049804688e-03 1.766028919268916652e+05 4.096831176977908801e-02
4.800000000000000000e+01 1.286029815673828125e-03 1.544422156864918070e+05 -4.342226549248075496e-01
4.900000000000000000e+01 1.305103302001953125e-03 1.814642010179753706e+05 1.611323987140270420e-01
5.000000000000000000e+01 1.283407211303710938e-03 1.936067082009494479e+05 4.266637933002411787e-01
5.100000000000000000e+01 1.304149627685546875e-03 1.883969255387704470e+05 3.023309671379531549e-01
5.200000000000000000e+01 1.288414001464843750e-03 1.751059508173987269e+05 -4.364287452402650612e-03
5.300000000000000000e+01 1.288175582885742188e-03 1.679233834635179664e+05 -1.699257652855801493e-01
5.400000000000000000e+01 1.297712326049804688e-03 1.916922372632614279e+05 3.886145927311024373e-01
5.500000000000000000e+01 1.256942749023437500e-03 1.908032697988879227e+05 3.614540955016839474e-01
5.600000000000000000e+01 1.297712326049804688e-03 1.505367653378457180e+05 -6.095221624450182230e-01
5.700000000000000000e+01 2.283096313476562500e-03 1.440570514104951581e+05 -7.554028685072744498e-01
5.800000000000000000e+01 2.276182174682617188e-03 1.974301839167063299e+05 5.582546417338343225e-01
5.900000000000000000e+01 2.797842025756835938e-03 2.873081139858675888e+05 2.755832134653144472e+00
6.000000000000000000e+01 2.320289611816406250e-03 2.291670280016600736e+05 1.170861593375437604e+00
6.100000000000000000e+01 2.616882324218750000e-03 1.937245696118457417e+05 3.337733033779882175e-01
6.200000000000000000e+01 2.309322357177734375e-03 2.103983086691301723e+05 7.120912385402673461e-01
6.300000000000000000e+01 2.265453338623046875e-03 1.982524257080036332e+05 4.196990925343336842e-01
6.400000000000000000e+01 1.115322113037109375e-03 2.045122506787291495e+05 5.601429350256446060e-01
6.500000000000000000e+01 1.020431518554687500e-03 2.450567498362611805e+05 1.504288782307879657e+00
6.600000000000000000e+01 1.001834869384765625e-03 2.352181528320149810e+05 1.225184125456205697e+00
6.700000000000000000e+01 9.877681732177734375e-04 2.542442306551101792e+05 1.632500691953803873e+00
6.800000000000000000e+01 9.865760803222656250e-04 2.728309835179091315e+05 1.994654978234647436e+00
6.900000000000000000e+01 9.815692901611328125e-04 2.199153355252322799e+05 7.329869425908566161e-01
7.000000000000000000e+01 9.841918945312500000e-04 2.337286956860297651e+05 1.027972472586257346e+00
7.100000000000000000e+01 9.844303131103515625e-04 2.340616143172547454e+05 1.015214829447760092e+00
7.200000000000000000e+01 9.868144989013671875e-04 2.759117291524683242e+05 1.922400781907097622e+00
7.300000000000000000e+01 9.872913360595703125e-04 2.374590434951303760e+05 1.010812546068461604e+00
7.400000000000000000e+01 9.803771972656250000e-04 2.531905736721749709e+05 1.332325415901857824e+00
7.500000000000000000e+01 9.961128234863281250e-04 2.265344746576973412e+05 7.276588906315979433e-01
7.600000000000000000e+01 1.001596450805664062e-03 2.335031879530962615e+05 8.681898653149023870e-01
7.700000000000000000e+01 1.006841659545898438e-03 2.538451853192116250e+05 1.294651738736274149e+00
7.800000000000000000e+01 9.779930114746093750e-04 2.745464200787890586e+05 1.710429389868348693e+00
7.900000000000000000e+01 1.015186309814453125e-03 2.869705252043882501e+05 1.918579135993654816e+00
8.000000000000000000e+01 9.806156158447265625e-04 3.357358359301640885e+05 2.856856068304640228e+00
8.100000000000000000e+01 9.903907775878906250e-04 2.605339509812415636e+05 1.187248578716581626e+00
8.200000000000000000e+01 1.006841659545898438e-03 3.167911140708184103e+05 2.264272609582931306e+00
8.300000000000000000e+01 3.440313339233398438e-01 5.491070948114857310e+05 6.561849234031535083e+00
8.300000000000000000e+01 8.535385131835937500e-04 4.107734676289817435e+04 0.000000000000000000e+00
8.400000000000000000e+01 3.655583858489990234e-01 2.983989812664333149e+05 8.151979164831761437e+00
8.400000000000000000e+01 9.157657623291015625e-04 4.532613780588590453e+04 0.000000000000000000e+00
8.500000000000000000e+01 4.069781303405761719e-01 3.516510549117426272e+05 8.850487870252329969e+00
8.500000000000000000e+01 8.325576782226562500e-04 4.154032014324980992e+04 0.000000000000000000e+00
8.600000000000000000e+01 4.379565715789794922e-01 2.752183631316148676e+05 7.248312350956313210e+00
8.600000000000000000e+01 8.635520935058593750e-04 4.907067623300051491e+04 0.000000000000000000e+00
8.700000000000000000e+01 1.539230346679687500e-03 1.867450314103158307e+05 3.260658801627890568e+00
8.700000000000000000e+01 2.758026123046875000e-03 1.880385824022735469e+05 0.000000000000000000e+00
8.800000000000000000e+01 1.355171203613281250e-03 1.632639939770515484e+05 0.000000000000000000e+00
8.900000000000000000e+01 1.261234283447265625e-03 1.816095681182772096e+05 3.401178715398465724e-01
9.000000000000000000e+01 4.861984252929687500e-01 2.642680874414796708e+05 6.738501561537889373e+00
9.000000000000000000e+01 8.876323699951171875e-04 3.836452648079815117e+04 0.000000000000000000e+00
9.100000000000000000e+01 4.224584102630615234e-01 2.454820860360089573e+05 6.927770763182469871e+00
9.100000000000000000e+01 8.158683776855468750e-04 5.909326524793217686e+04 0.000000000000000000e+00
9.200000000000000000e+01 1.460075378417968750e-03 1.957350442014005675e+05 2.562989331661836623e+00
9.300000000000000000e+01 1.370668411254882812e-03 1.934049405596921279e+05 1.007856134359115918e+00
9.400000000000000000e+01 1.258373260498046875e-03 1.331222717426750169e+05 -1.290104672324275392e-01
9.500000000000000000e+01 1.251220703125000000e-03 1.808606632598832948e+05 7.175922376224940225e-01
9.600000000000000000e+01 1.260757446289062500e-03 1.433953421712816926e+05 -6.215420212984019283e-02
9.700000000000000000e+01 1.250028610229492188e-03 1.682141974066255498e+05 4.476647167533668870e-01
9.800000000000000000e+01 1.251697540283203125e-03 1.469838873091129062e+05 -4.379616459348533580e-02
9.900000000000000000e+01 1.244544982910156250e-03 1.230383569509015506e+05 -5.972085859673935682e-01
1.000000000000000000e+02 1.245260238647460938e-03 1.419173042528288206e+05 -1.034272857825741521e-01
1.010000000000000000e+02 1.251935958862304688e-03 1.287661378586259816e+05 -4.333883935630239992e-01
1.020000000000000000e+02 1.257181167602539062e-03 1.290186092848769767e+05 -4.064474357967997609e-01
1.030000000000000000e+02 1.252889633178710938e-03 1.345075552048316749e+05 -2.386563493529832991e-01
1.040000000000000000e+02 1.255512237548828125e-03 1.541695813080518565e+05 3.298132581752712400e-01
1.050000000000000000e+02 1.278162002563476562e-03 9.724446567920754023e+04 -1.357661827196509075e+00
1.060000000000000000e+02 1.253366470336914062e-03 1.424610326843279472e+05 5.699476090457134686e-02
1.070000000000000000e+02 1.267671585083007812e-03 1.414693275289674639e+05 2.595171133355880094e-02
1.080000000000000000e+02 1.433372497558593750e-03 1.579423101761891448e+05 5.293934275241467535e-01
1.090000000000000000e+02 1.376867294311523438e-03 1.511832736123263312e+05 3.008837018631392857e-01
1.100000000000000000e+02 1.262426376342773438e-03 1.355267778115981200e+05 -2.084641950043847058e-01
1.110000000000000000e+02 1.277685165405273438e-03 1.673952998869185103e+05 8.425698609093129621e-01
1.120000000000000000e+02 1.255035400390625000e-03 1.201891689825504000e+05 -7.509955746805581089e-01
1.130000000000000000e+02 1.275062561035156250e-03 1.533697218117441225e+05 3.832543257147934535e-01
1.140000000000000000e+02 1.262187957763671875e-03 1.510994900892465957e+05 2.969911285053882799e-01
1.150000000000000000e+02 1.317739486694335938e-03 1.401592371805280563e+05 -8.937476646926621748e-02
1.160000000000000000e+02 1.272439956665039062e-03 1.718378034707573825e+05 1.035388958105892598e+00
1.170000000000000000e+02 1.266002655029296875e-03 1.660925138909515517e+05 7.928636290912479678e-01
1.180000000000000000e+02 1.268148422241210938e-03 1.500342521965200140e+05 1.970374236441706783e-01
1.190000000000000000e+02 1.265764236450195312e-03 1.593993713770814356e+05 5.337546375045183478e-01
1.200000000000000000e+02 1.275777816772460938e-03 1.618951355887639802e+05 6.143362016992939267e-01
1.210000000000000000e+02 1.261949539184570312e-03 1.273469080430945178e+05 -6.835711754074182966e-01
1.220000000000000000e+02 1.277446746826171875e-03 1.422221327881001052e+05 -1.101346763277550461e-01
1.230000000000000000e+02 1.452207565307617188e-03 1.257337285290083091e+05 -7.367762087694833539e-01
1.240000000000000000e+02 1.272678375244140625e-03 1.477941137783104787e+05 1.264141646061824331e-01
1.250000000000000000e+02 1.374244689941406250e-03 1.496815993777052790e+05 1.981357657744355905e-01
1.260000000000000000e+02 1.275539398193359375e-03 1.624812687430008955e+05 7.008657362924728407e-01
1.270000000000000000e+02 1.287460327148437500e-03 1.424440272629133251e+05 -1.102625536942077461e-01
1.280000000000000000e+02 1.301288604736328125e-03 1.818811862298032211e+05 1.481571069077978420e+00
1.290000000000000000e+02 1.522064208984375000e-03 2.513731692324376781e+05 4.183781393603321241e+00
1.290000000000000000e+02 2.743005752563476562e-03 1.463857267884379253e+05 0.000000000000000000e+00
1.300000000000000000e+02 1.279830932617187500e-03 2.173985985802266223e+05 0.000000000000000000e+00
1.310000000000000000e+02 1.261711120605468750e-03 2.950697460214814055e+05 2.253919173714013180e+00
1.320000000000000000e+02 1.267433166503906250e-03 2.123964947962788574e+05 -9.710682566963041440e-02
1.330000000000000000e+02 1.255989074707031250e-03 1.754312146908673749e+05 -6.967472939046560620e-01
1.340000000000000000e+02 1.265048980712890625e-03 1.630740874922022340e+05 -8.263452167915626978e-01
1.350000000000000000e+02 1.279830932617187500e-03 1.948673967490038485e+05 -1.262881842059872806e-01
1.360000000000000000e+02 1.454353332519531250e-03 2.135095634927085193e+05 2.626500717574077881e-01
1.370000000000000000e+02 1.276731491088867188e-03 1.981286827809047827e+05 -9.090480246292936828e-02
1.380000000000000000e+02 1.997947692871093750e-03 1.738344059761526878e+05 -6.566032927589212642e-01
1.390000000000000000e+02 5.572841167449951172e-01 6.102630082171518588e+05 9.999402586240689672e+00
1.390000000000000000e+02 9.183883666992187500e-04 2.667666660811519978e+04 0.000000000000000000e+00
1.400000000000000000e+02 4.548504352569580078e-01 3.303396291158554377e+05 1.539101695658957247e+01
1.400000000000000000e+02 8.454322814941406250e-04 3.577366766039929644e+04 0.000000000000000000e+00
1.410000000000000000e+02 4.054045677185058594e-01 3.346045052262865356e+05 1.110634850533444329e+01
1.410000000000000000e+02 8.249282836914062500e-04 3.067628927190453032e+04 0.000000000000000000e+00
1.420000000000000000e+02 5.710685253143310547e-01 3.646491530774712446e+05 1.468944099784969382e+01
1.420000000000000000e+02 8.838176727294921875e-04 3.391826034388893459e+04 0.000000000000000000e+00
1.430000000000000000e+02 1.512527465820312500e-03 1.645442719094778586e+05 4.739312795814076829e+00
1.430000000000000000e+02 4.730939865112304688e-03 1.730321338465516455e+05 0.000000000000000000e+00
1.440000000000000000e+02 1.276254653930664062e-03 1.219887009305075335e+05 0.000000000000000000e+00
1.450000000000000000e+02 1.252889633178710938e-03 1.172004311918414460e+05 -8.397709774967797580e-01
1.460000000000000000e+02 1.263141632080078125e-03 1.249045957362437912e+05 -4.040237259393040237e-01
1.470000000000000000e+02 1.252412796020507812e-03 1.274584324084552791e+05 -2.621392394769931911e-01
1.480000000000000000e+02 1.252889633178710938e-03 1.092201373192805768e+05 -1.041763393448048802e+00
1.490000000000000000e+02 1.252174377441406250e-03 1.310061187999617250e+05 9.049601042666433059e-02
1.500000000000000000e+02 1.256942749023437500e-03 1.217442006543553580e+05 -3.651374384675821205e-01
1.510000000000000000e+02 1.251935958862304688e-03 1.729292009237913007e+05 2.318899325051413385e+00
1.520000000000000000e+02 1.256704330444335938e-03 1.597237362903038738e+05 1.132962091264981597e+00
1.530000000000000000e+02 1.224279403686523438e-03 1.152102524131319078e+05 -8.796381051206136892e-01
1.540000000000000000e+02 1.224994659423828125e-03 1.483768205191549205e+05 6.182501919633400789e-01
1.550000000000000000e+02 1.222610473632812500e-03 1.348147010233768669e+05 -1.858867546367830997e-02
1.560000000000000000e+02 1.228570938110351562e-03 1.714540153229785792e+05 1.683077950911660015e+00
1.570000000000000000e+02 1.244783401489257812e-03 1.642959784721085161e+05 1.159951964870092445e+00
1.580000000000000000e+02 1.221895217895507812e-03 1.499255599763495848e+05 4.496500218210781608e-01
1.590000000000000000e+02 1.245498657226562500e-03 1.652481519077596895e+05 1.116640842588555893e+00
1.600000000000000000e+02 1.221895217895507812e-03 1.480431441574166529e+05 2.822713976556449067e-01
1.610000000000000000e+02 1.246690750122070312e-03 1.623065920928282139e+05 9.246656766446238462e-01
1.620000000000000000e+02 1.221895217895507812e-03 1.616303142036654754e+05 8.496519734929874890e-01
1.630000000000000000e+02 1.248836517333984375e-03 1.824221116468384571e+05 1.775207324932583930e+00
1.640000000000000000e+02 4.677407741546630859e-01 2.764413242860352038e+05 5.756382924922217370e+00
1.640000000000000000e+02 8.695125579833984375e-04 3.376031123619214486e+04 0.000000000000000000e+00
1.650000000000000000e+02 4.840924739837646484e-01 2.798262678313103970e+05 9.600553317695162292e+00
1.650000000000000000e+02 8.265972137451171875e-04 3.807797074346798763e+04 0.000000000000000000e+00
1.660000000000000000e+02 1.459836959838867188e-03 1.778706461594415305e+05 4.484784846273752734e+00
1.660000000000000000e+02 2.690315246582031250e-03 2.089861578681071405e+05 0.000000000000000000e+00
1.670000000000000000e+02 1.418828964233398438e-03 1.395990716993946698e+05 0.000000000000000000e+00
1.680000000000000000e+02 1.344442367553710938e-03 1.908079364836979366e+05 3.366071876578005106e-01
1.690000000000000000e+02 1.215457916259765625e-03 1.778961468000059540e+05 -5.285089238050001692e-02
1.700000000000000000e+02 1.445531845092773438e-03 3.106200145343547920e+05 4.466981826116238175e+00
1.700000000000000000e+02 2.644538879394531250e-03 2.827469392740121693e+05 0.000000000000000000e+00
1.710000000000000000e+02 1.210689544677734375e-03 2.250562416979455447e+05 0.000000000000000000e+00
1.720000000000000000e+02 1.209020614624023438e-03 1.168972568222297414e+05 -3.358485768276489924e+00
1.730000000000000000e+02 1.214027404785156250e-03 2.107564357461784093e+05 2.996566426563544369e-02
1.740000000000000000e+02 1.217365264892578125e-03 1.983397553131271270e+05 -1.530687800385316377e-01
1.750000000000000000e+02 1.214981079101562500e-03 1.661429259053085116e+05 -6.799937930981085898e-01
1.760000000000000000e+02 1.218795776367187500e-03 1.920524258325687551e+05 -1.418963760948187269e-01
1.770000000000000000e+02 1.212835311889648438e-03 1.692178093132538197e+05 -5.794041668348124396e-01
1.780000000000000000e+02 1.213788986206054688e-03 1.513635255167389114e+05 -9.027687415065197563e-01
1.790000000000000000e+02 1.227855682373046875e-03 1.682531765505160729e+05 -4.622794983464865726e-01
1.800000000000000000e+02 1.219272613525390625e-03 1.645207571991416044e+05 -5.181596839750171046e-01
1.810000000000000000e+02 4.401552677154541016e-01 4.625167123199508642e+05 6.326101481324132081e+00
1.810000000000000000e+02 8.137226104736328125e-04 3.761290667672696873e+04 0.000000000000000000e+00
1.820000000000000000e+02 6.171417236328125000e-01 5.169309345830561942e+05 1.731484673548973774e+01
1.820000000000000000e+02 8.974075317382812500e-04 5.928453332601817237e+04 0.000000000000000000e+00
1.830000000000000000e+02 4.040894508361816406e-01 3.519741263822322362e+05 6.274909755728666383e+00
1.830000000000000000e+02 7.796287536621093750e-04 5.427990301108636777e+04 0.000000000000000000e+00
1.840000000000000000e+02 1.444816589355468750e-03 2.069152835603755084e+05 3.269669397405650990e+00
1.840000000000000000e+02 2.655029296875000000e-03 2.342131129480488598e+05 0.000000000000000000e+00
1.850000000000000000e+02 1.219749450683593750e-03 1.805584623039751023e+05 0.000000000000000000e+00
1.860000000000000000e+02 1.224517822265625000e-03 2.575532310568378889e+05 1.322298776299930312e+00
1.870000000000000000e+02 1.221179962158203125e-03 1.951822490056177194e+05 -7.326848831262128270e-01
1.880000000000000000e+02 1.229524612426757812e-03 3.004636246152102249e+05 2.365835907882893885e+00
1.890000000000000000e+02 1.210689544677734375e-03 3.153782528557937476e+05 1.693012958285754266e+00
1.900000000000000000e+02 1.221179962158203125e-03 2.476390474117902049e+05 7.585965037223555904e-03
1.910000000000000000e+02 1.221418380737304688e-03 2.000308760054927843e+05 -9.479669936801647934e-01
1.920000000000000000e+02 1.224994659423828125e-03 2.460119225018549478e+05 9.442866975649996664e-02
1.930000000000000000e+02 1.217603683471679688e-03 2.676574750877661863e+05 5.608904420211159314e-01
1.940000000000000000e+02 1.236438751220703125e-03 2.848043804245659267e+05 9.152862226195457307e-01
1.950000000000000000e+02 1.225233078002929688e-03 2.989159658408656833e+05 1.166282153827550960e+00
1.960000000000000000e+02 1.225233078002929688e-03 1.749487938429143105e+05 -1.758468146258635789e+00
1.970000000000000000e+02 1.218318939208984375e-03 1.831305134302682127e+05 -1.337716975669163366e+00
1.980000000000000000e+02 1.222372055053710938e-03 1.751155729641732760e+05 -1.376986889237648004e+00
1.990000000000000000e+02 1.220703125000000000e-03 2.061247088140897395e+05 -6.287018218829337757e-01
2.000000000000000000e+02 1.226425170898437500e-03 2.262690854155592679e+05 -1.889898764481607596e-01
2.010000000000000000e+02 1.224517822265625000e-03 2.459012306277768803e+05 2.319215567293736180e-01
2.020000000000000000e+02 1.218080520629882812e-03 1.824702605243209400e+05 -1.155916052048500786e+00
2.030000000000000000e+02 1.220464706420898438e-03 2.480679513769637269e+05 3.310078553606140561e-01
2.040000000000000000e+02 1.220703125000000000e-03 2.125263609198724153e+05 -4.649744102650010813e-01
2.050000000000000000e+02 1.223087310791015625e-03 2.187712556272807415e+05 -3.107626229242804738e-01
2.060000000000000000e+02 1.224756240844726562e-03 1.923132903254306293e+05 -9.145631208047613203e-01
2.070000000000000000e+02 1.241683959960937500e-03 1.824265397906451835e+05 -1.108275788440891585e+00
2.080000000000000000e+02 1.225948333740234375e-03 1.764870015238975175e+05 -1.195362461554393407e+00
2.090000000000000000e+02 1.234769821166992188e-03 2.148183582067430543e+05 -2.592735162020782802e-01
2.100000000000000000e+02 1.231670379638671875e-03 1.984922608657939709e+05 -6.359030326088864760e-01
2.110000000000000000e+02 1.241207122802734375e-03 2.238448632593755319e+05 -1.968667395999128614e-02
2.120000000000000000e+02 1.236915588378906250e-03 2.421292270474878896e+05 4.216046766078503927e-01
2.130000000000000000e+02 1.233816146850585938e-03 2.570572674551151285e+05 7.786795712002517744e-01
2.140000000000000000e+02 1.223087310791015625e-03 2.606574606781819020e+05 8.469252906432757078e-01
2.150000000000000000e+02 1.252889633178710938e-03 2.475996358376018761e+05 5.001860436572249657e-01
2.160000000000000000e+02 1.240491867065429688e-03 2.130902581691486121e+05 -3.753513549498798119e-01
2.170000000000000000e+02 1.232385635375976562e-03 2.332999946362835763e+05 1.451137998456836498e-01
2.180000000000000000e+02 1.241683959960937500e-03 1.672139413415103918e+05 -1.563657895453062663e+00
2.190000000000000000e+02 1.228570938110351562e-03 2.348471425313108484e+05 2.231462264068604928e-01
2.200000000000000000e+02 1.239776611328125000e-03 3.217897830094129895e+05 2.451686048490183456e+00
2.210000000000000000e+02 1.423358917236328125e-03 2.718729219704238349e+05 1.036517369822799628e+00
2.220000000000000000e+02 1.259803771972656250e-03 2.248711749223191000e+05 -1.233086821265921423e-01
2.230000000000000000e+02 1.521348953247070312e-03 1.963111356697543524e+05 -8.186265628304486563e-01
2.240000000000000000e+02 1.348257064819335938e-03 1.983568802447328344e+05 -7.515901023197126829e-01
2.250000000000000000e+02 1.249074935913085938e-03 2.199745422609025845e+05 -2.045591213070542536e-01
2.260000000000000000e+02 1.233100891113281250e-03 2.031131222162821214e+05 -6.226279705713074764e-01
2.270000000000000000e+02 1.239538192749023438e-03 2.230663160411525168e+05 -1.112970361636620165e-01
2.280000000000000000e+02 1.220226287841796875e-03 2.029851682925653877e+05 -6.205529274709333798e-01
2.290000000000000000e+02 1.229763031005859375e-03 2.580831254365954956e+05 7.996534126370558049e-01
2.300000000000000000e+02 1.243352890014648438e-03 2.892625551118087606e+05 1.587224211944700869e+00
2.310000000000000000e+02 5.901618003845214844e-01 4.362113473556216923e+05 5.248807454111307891e+00
2.310000000000000000e+02 8.401870727539062500e-04 2.895788119383460798e+04 0.000000000000000000e+00
2.320000000000000000e+02 4.572672843933105469e-01 3.530496940498874756e+05 1.512053731083689279e+01
2.320000000000000000e+02 7.841587066650390625e-04 3.995079411459746916e+04 0.000000000000000000e+00
2.330000000000000000e+02 1.432418823242187500e-03 1.616307768856960756e+05 3.600228923095134537e+00
2.330000000000000000e+02 2.630710601806640625e-03 1.584660464510345191e+05 0.000000000000000000e+00
2.340000000000000000e+02 1.249551773071289062e-03 1.714550381050161086e+05 0.000000000000000000e+00
2.350000000000000000e+02 1.241922378540039062e-03 1.263780089564037626e+05 -4.200783505578986166e+00
2.360000000000000000e+02 1.214265823364257812e-03 1.650609988040748576e+05 5.586028587552668290e-01
2.370000000000000000e+02 1.208305358886718750e-03 1.573654655646341853e+05 1.011558045514338172e-01
2.380000000000000000e+02 1.211881637573242188e-03 1.793354179231812595e+05 1.358570333565856547e+00
2.390000000000000000e+02 1.211643218994140625e-03 1.776723721034995397e+05 9.847326092533693620e-01
2.400000000000000000e+02 1.423120498657226562e-03 2.169314315234542591e+05 3.035357940979103830e+00
2.400000000000000000e+02 8.565664291381835938e-03 1.220898718701142789e+05 0.000000000000000000e+00
2.410000000000000000e+02 1.205682754516601562e-03 8.716758420441005146e+05 0.000000000000000000e+00
2.420000000000000000e+02 1.214981079101562500e-03 2.313025697677654680e+05 -5.010595968797701971e-01
2.430000000000000000e+02 1.374244689941406250e-03 8.380072480292033870e+05 1.061010190071009607e+00
2.440000000000000000e+02 1.219749450683593750e-03 1.910107330347209063e+05 -8.236373379583981080e-01
2.450000000000000000e+02 1.207590103149414062e-03 2.504937648615408980e+05 -5.398467341579114009e-01
2.460000000000000000e+02 1.226663589477539062e-03 3.616376737630541320e+05 -1.632182276011448219e-01
2.470000000000000000e+02 1.215696334838867188e-03 2.550840010435379227e+05 -4.935989198149304258e-01
2.480000000000000000e+02 1.218318939208984375e-03 3.925765699946578243e+05 8.192166142739466805e-03
2.490000000000000000e+02 1.214265823364257812e-03 3.051966067081995425e+05 -3.092401033360467899e-01
2.500000000000000000e+02 1.224994659423828125e-03 3.459771259506501374e+05 -1.375293978602185052e-01
2.510000000000000000e+02 1.211643218994140625e-03 2.590886498997188755e+05 -4.818997155142872302e-01
2.520000000000000000e+02 1.213788986206054688e-03 2.142702321062684641e+05 -6.459379326924420406e-01
2.530000000000000000e+02 1.215219497680664062e-03 2.432026040279425506e+05 -4.878806032609521171e-01
2.540000000000000000e+02 1.211643218994140625e-03 2.706561278292211937e+05 -3.456403959165884610e-01
2.550000000000000000e+02 1.215457916259765625e-03 3.465709218624947243e+05 1.412644869626974303e-02
2.560000000000000000e+02 1.225948333740234375e-03 4.230539609404184157e+05 3.760692831962000326e-01
2.570000000000000000e+02 1.211404800415039062e-03 2.963936185352340108e+05 -2.530951592861424571e-01
2.580000000000000000e+02 1.216411590576171875e-03 3.034106342191660660e+05 -2.107566523532097003e-01
2.590000000000000000e+02 1.226186752319335938e-03 3.026987473929126863e+05 -2.088658873360421941e-01
2.600000000000000000e+02 1.218318939208984375e-03 3.866534427619800554e+05 2.401652251702359187e-01
2.610000000000000000e+02 1.235008239746093750e-03 3.450044002246788004e+05 8.778765146832453320e-03
2.620000000000000000e+02 1.216411590576171875e-03 3.108726399896160001e+05 -1.808208198680508749e-01
2.630000000000000000e+02 1.240491867065429688e-03 3.023885527665014961e+05 -2.250504122185646716e-01
2.640000000000000000e+02 1.220226287841796875e-03 3.019660926119635114e+05 -2.227265810680252311e-01
2.650000000000000000e+02 1.230716705322265625e-03 2.931768453631656594e+05 -2.701823433370797445e-01
2.660000000000000000e+02 1.214981079101562500e-03 2.971945390597412479e+05 -2.405399898872572495e-01
2.670000000000000000e+02 1.232862472534179688e-03 3.306306437982962234e+05 -3.062064007450466738e-02
2.680000000000000000e+02 1.214504241943359375e-03 3.525810834375765407e+05 1.072765859197806065e-01
2.690000000000000000e+02 1.219034194946289062e-03 3.824395674928086228e+05 2.957000384053134479e-01
2.700000000000000000e+02 1.212596893310546875e-03 3.304617735388060682e+05 -4.606670399659121284e-02
2.710000000000000000e+02 1.215696334838867188e-03 2.875796044292301522e+05 -3.277192531687528332e-01
2.720000000000000000e+02 1.227617263793945312e-03 3.028574334163637250e+05 -2.200775252708601915e-01
2.730000000000000000e+02 1.230478286743164062e-03 2.985415419489696505e+05 -2.459383559838886069e-01
2.740000000000000000e+02 1.229763031005859375e-03 3.214866685361536220e+05 -8.425468402561599179e-02
2.750000000000000000e+02 1.223325729370117188e-03 3.456589796773460694e+05 8.579061446077439201e-02
2.760000000000000000e+02 1.235961914062500000e-03 4.168408116765277227e+05 5.890768151433054545e-01
2.770000000000000000e+02 1.219034194946289062e-03 5.064318434268105193e+05 1.219350515866424622e+00
2.780000000000000000e+02 1.212596893310546875e-03 3.973537624664011528e+05 4.045824140320714024e-01
2.790000000000000000e+02 1.222610473632812500e-03 3.710593793310548062e+05 2.095822561987208954e-01
2.800000000000000000e+02 1.224517822265625000e-03 3.507689965900774696e+05 5.918330596188690895e-02
2.810000000000000000e+02 1.228094100952148438e-03 3.549607550720589934e+05 8.937624346878554615e-02
2.820000000000000000e+02 1.219272613525390625e-03 3.363968744940051110e+05 -5.022401677422855953e-02
2.830000000000000000e+02 1.239776611328125000e-03 3.386549497892216314e+05 -3.259273747939937099e-02
2.840000000000000000e+02 1.244783401489257812e-03 3.404966334308672231e+05 -1.815289088160583139e-02
2.850000000000000000e+02 1.228570938110351562e-03 3.681123169172607013e+05 1.955464829787492975e-01
2.860000000000000000e+02 1.215934753417968750e-03 4.594789155061082565e+05 9.074225312359861517e-01
2.870000000000000000e+02 1.218795776367187500e-03 4.554369224572884850e+05 8.583395713864745424e-01
2.880000000000000000e+02 1.234054565429687500e-03 4.116043842577282921e+05 4.986528254984203268e-01
2.890000000000000000e+02 1.231431961059570312e-03 3.473074563292891253e+05 -1.671156540452338815e-02
2.900000000000000000e+02 1.237869262695312500e-03 3.178637582224707585e+05 -2.520881206607461511e-01
2.910000000000000000e+02 1.258850097656250000e-03 2.563679097599427041e+05 -7.461238148652274971e-01
2.920000000000000000e+02 1.232624053955078125e-03 2.800755126779507846e+05 -5.427386295280672845e-01
2.930000000000000000e+02 1.231908798217773438e-03 2.664295342174287071e+05 -6.476370353399625301e-01
2.940000000000000000e+02 1.226186752319335938e-03 2.886824930278897518e+05 -4.564215577041734750e-01
2.950000000000000000e+02 1.228094100952148438e-03 2.836272158327861107e+05 -4.932924766213754864e-01
2.960000000000000000e+02 1.220941543579101562e-03 2.425360609025914164e+05 -8.302732486571846593e-01
2.970000000000000000e+02 1.247167587280273438e-03 3.261050428115017130e+05 -1.196924621470422390e-01
2.980000000000000000e+02 5.179643630981445312e-03 3.317666807765538106e+05 -7.093133131849814477e-02
2.990000000000000000e+02 1.221418380737304688e-03 3.264394770027485793e+05 -1.156341615700853115e-01
