2.718998115050192922e+07
1.000000000000000000e+00 1.276969909667968750e-03 1.406842503062288743e+05 0.000000000000000000e+00
2.000000000000000000e+00 1.257658004760742188e-03 1.583491546225426719e+05 9.996641253705522701e-01
3.000000000000000000e+00 1.246452331542968750e-03 9.036280316717078676e+04 -5.034392628425172767e-01
4.000000000000000000e+00 1.251935958862304688e-03 1.404342472848935868e+05 6.214169338046935387e-01
5.000000000000000000e+00 1.251935958862304688e-03 1.178608192252750887e+05 1.952435686557364714e-02
6.000000000000000000e+00 1.252889633178710938e-03 1.102711487617123785e+05 -1.799287216050015903e-01
7.000000000000000000e+00 1.250505447387695312e-03 1.307940786935055949e+05 4.167579805937762227e-01
8.000000000000000000e+00 1.253604888916015625e-03 1.112610900490019267e+05 -2.051721342005166648e-01
9.000000000000000000e+00 1.248836517333984375e-03 1.174485402340249711e+05 6.222030480332078721e-03
1.000000000000000000e+01 9.209871292114257812e-03 1.266935789265530184e+05 3.239602906579835406e-01
1.100000000000000000e+01 1.254558563232421875e-03 1.052628057630199619e+05 -4.641817268404619945e-01
1.200000000000000000e+01 1.256942749023437500e-03 1.286757109509307047e+05 4.351569012442514373e-01
1.300000000000000000e+01 1.249074935913085938e-03 1.188923219147060736e+05 3.645896561320309537e-02
1.400000000000000000e+01 1.259088516235351562e-03 1.334957845267253579e+05 6.252602318594355779e-01
1.500000000000000000e+01 1.250982284545898438e-03 1.165361832005321194e+05 -1.040310303630244265e-01
1.600000000000000000e+01 1.246929168701171875e-03 1.317149836433298769e+05 5.485521517414426729e-01
1.700000000000000000e+01 1.245737075805664062e-03 1.664150840182717657e+05 2.047413010668516442e+00
1.800000000000000000e+01 1.258373260498046875e-03 1.562530756403076230e+05 1.373994044076079613e+00
1.900000000000000000e+01 1.489877700805664062e-03 2.218486252825989504e+05 3.868205733737482444e+00
1.900000000000000000e+01 2.700805664062500000e-03 2.085316203065571899e+05 0.000000000000000000e+00
2.000000000000000000e+01 1.240968704223632812e-03 3.106202175176184392e+05 0.000000000000000000e+00
2.100000000000000000e+01 1.255989074707031250e-03 2.020538936420596146e+05 -7.968414739195541774e-01
2.200000000000000000e+01 1.251459121704101562e-03 2.592368792154216790e+05 3.092920761909961902e-01
2.300000000000000000e+01 1.256942749023437500e-03 2.105625274863145023e+05 -6.826855772361425378e-01
2.400000000000000000e+01 1.248359680175781250e-03 1.395525353533841844e+05 -2.122845202882682969e+00
2.500000000000000000e+01 1.255273818969726562e-03 1.394778327294736227e+05 -1.421721868995476479e+00
2.600000000000000000e+01 1.262187957763671875e-03 1.448093316737468995e+05 -1.063448455688015937e+00
2.700000000000000000e+01 1.250982284545898438e-03 1.415460209426265210e+05 -9.844819055811965258e-01
2.800000000000000000e+01 1.268148422241210938e-03 1.766170880846381187e+05 -3.052553647731349185e-01
2.900000000000000000e+01 1.255035400390625000e-03 1.288938858992985333e+05 -1.119070675240328550e+00
3.000000000000000000e+01 1.637458801269531250e-03 1.584087106670889771e+05 -5.010593988985952985e-01
3.100000000000000000e+01 1.270294189453125000e-03 2.266818253089795180e+05 7.453691179372157194e-01
3.200000000000000000e+01 1.275777816772460938e-03 2.238617752664371510e+05 6.509221366417073940e-01
3.300000000000000000e+01 1.250028610229492188e-03 1.698247761943498335e+05 -3.919804684897421065e-01
3.400000000000000000e+01 1.294374465942382812e-03 1.408884890427307400e+05 -9.363383694581958183e-01
3.500000000000000000e+01 1.259088516235351562e-03 1.321371846845969849e+05 -1.053073116786579444e+00
3.600000000000000000e+01 1.249074935913085938e-03 1.143266741815915448e+05 -1.335282753342775575e+00
3.700000000000000000e+01 1.291513442993164062e-03 1.191041232406829513e+05 -1.145605310150038081e+00
3.800000000000000000e+01 1.266717910766601562e-03 1.403376938963751018e+05 -6.768833607549440412e-01
3.900000000000000000e+01 1.277208328247070312e-03 1.693241014749404858e+05 -9.685108457499641554e-02
4.000000000000000000e+01 1.265525817871093750e-03 1.459284135433920019e+05 -5.548946024356539164e-01
4.100000000000000000e+01 1.277685165405273438e-03 1.642301808502173226e+05 -1.725326256664130864e-01
4.200000000000000000e+01 1.274585723876953125e-03 1.810082884539139341e+05 1.746506598537756194e-01
4.300000000000000000e+01 1.264095306396484375e-03 2.035827429843321734e+05 6.431971166689135488e-01
4.400000000000000000e+01 1.267671585083007812e-03 1.917195380007946223e+05 3.740619624644755392e-01
4.500000000000000000e+01 1.250505447387695312e-03 1.898638013159532275e+05 3.260563081085134374e-01
4.600000000000000000e+01 1.278877258300781250e-03 1.604508922842074244e+05 -3.258539809757283190e-01
4.700000000000000000e+01 1.258611679077148438e-03 1.646467138508204371e+05 -2.259360461979445234e-01
4.800000000000000000e+01 1.250028610229492188e-03 1.464162814853559248e+05 -6.358784662978664848e-01
4.900000000000000000e+01 1.266956329345703125e-03 1.832714642554008169e+05 2.245066759441485538e-01
5.000000000000000000e+01 1.257419586181640625e-03 1.837445283965292620e+05 2.318252394512649583e-01
5.100000000000000000e+01 1.256227493286132812e-03 1.665797237268531171e+05 -1.784621767479974142e-01
5.200000000000000000e+01 1.254081726074218750e-03 1.691334560747689102e+05 -1.143120178290232408e-01
5.300000000000000000e+01 1.268625259399414062e-03 1.598433292857463239e+05 -3.395185619580046721e-01
5.400000000000000000e+01 1.270532608032226562e-03 1.818594044837407127e+05 2.105967497897230090e-01
5.500000000000000000e+01 1.275539398193359375e-03 1.781239302100147470e+05 1.138765187513198357e-01
5.600000000000000000e+01 1.277685165405273438e-03 1.469169648067690723e+05 -6.816370918628305020e-01
5.700000000000000000e+01 1.290321350097656250e-03 1.414040728450132010e+05 -8.099779072398621826e-01
5.800000000000000000e+01 1.273870468139648438e-03 2.126934807223334210e+05 1.043117000101056790e+00
5.900000000000000000e+01 1.479625701904296875e-03 3.143310125482484582e+05 3.631937508351327892e+00
5.900000000000000000e+01 2.698183059692382812e-03 1.437093060965672485e+05 0.000000000000000000e+00
6.000000000000000000e+01 1.251697540283203125e-03 2.350071728785163141e+05 0.000000000000000000e+00
6.100000000000000000e+01 1.276969909667968750e-03 2.000760246752068051e+05 1.660196202305370128e-01
6.200000000000000000e+01 1.256704330444335938e-03 2.268551111076740490e+05 7.364208801922329517e-01
6.300000000000000000e+01 1.256704330444335938e-03 2.231541065076837549e+05 5.269451006497054557e-01
6.400000000000000000e+01 1.271486282348632812e-03 2.100933332430714509e+05 1.170058064942605253e-01
6.500000000000000000e+01 1.258373260498046875e-03 2.378794486369552324e+05 9.465502959158539342e-01
6.600000000000000000e+01 1.277446746826171875e-03 2.250812602663311700e+05 4.339649770606349155e-01
6.700000000000000000e+01 1.252174377441406250e-03 2.408032628732765443e+05 9.197572406213352370e-01
6.800000000000000000e+01 1.254558563232421875e-03 2.710870283819535980e+05 1.838537532384029394e+00
6.900000000000000000e+01 1.264810562133789062e-03 2.182494439738188230e+05 -9.391090557231372704e-02
7.000000000000000000e+01 1.251459121704101562e-03 2.226060102042208309e+05 4.798305037899376624e-02
7.100000000000000000e+01 1.261472702026367188e-03 2.365835743028960133e+05 5.102257806766655746e-01
7.200000000000000000e+01 1.265287399291992188e-03 2.999357182723024162e+05 2.660046872533212259e+00
7.300000000000000000e+01 1.265525817871093750e-03 2.733160135432358948e+05 1.302551375089004315e+00
7.400000000000000000e+01 1.263618469238281250e-03 2.827425253126341850e+05 1.456253708562760041e+00
7.500000000000000000e+01 1.265287399291992188e-03 2.878383011482899892e+05 1.461189791719786912e+00
7.600000000000000000e+01 1.281499862670898438e-03 2.742100180594015983e+05 9.737427937839330250e-01
7.700000000000000000e+01 1.262664794921875000e-03 2.887568709757045726e+05 1.308002723143232737e+00
7.800000000000000000e+01 1.256465911865234375e-03 2.913383442091247416e+05 1.285591751302687102e+00
7.900000000000000000e+01 1.266002655029296875e-03 3.206169482467530761e+05 1.955086675276256569e+00
8.000000000000000000e+01 1.255989074707031250e-03 3.659421476867159363e+05 2.843765235182818429e+00
8.100000000000000000e+01 1.260519027709960938e-03 3.022075567617866909e+05 1.024075261447193519e+00
8.200000000000000000e+01 2.090930938720703125e-03 3.540447923390416545e+05 2.068143723739514162e+00
8.300000000000000000e+01 1.494169235229492188e-03 4.981682585891141207e+05 4.702023375679456940e+00
8.300000000000000000e+01 2.708196640014648438e-03 3.597558513896577642e+05 0.000000000000000000e+00
8.400000000000000000e+01 1.257896423339843750e-03 4.006670335011202260e+05 0.000000000000000000e+00
8.500000000000000000e+01 1.267194747924804688e-03 4.288784660815640236e+05 1.682316699602948162e+00
8.600000000000000000e+01 1.473903656005859375e-03 5.012917997402956826e+05 3.017044967542647615e+00
8.600000000000000000e+01 2.638101577758789062e-03 2.193044767480679438e+05 0.000000000000000000e+00
8.700000000000000000e+01 9.794235229492187500e-04 3.583479842816392775e+05 0.000000000000000000e+00
8.800000000000000000e+01 1.112699508666992188e-03 3.214484011821723543e+05 3.318005781796963261e-01
8.900000000000000000e+01 2.699613571166992188e-03 3.129461054707336589e+05 1.838985905510942265e-01
9.000000000000000000e+01 1.261472702026367188e-03 3.698249710953464964e+05 1.128940776073985131e+00
9.100000000000000000e+01 1.256465911865234375e-03 3.195310990293381037e+05 5.320859863420807773e-02
9.200000000000000000e+01 1.263618469238281250e-03 3.091280324654657161e+05 -1.464310559087655117e-01
9.300000000000000000e+01 1.266717910766601562e-03 4.216095459103654139e+05 2.179882536379031510e+00
9.400000000000000000e+01 1.271247863769531250e-03 3.182241981450835010e+05 -1.845747383562251487e-01
9.500000000000000000e+01 1.268148422241210938e-03 3.272190748173741740e+05 -1.093132248889091239e-02
9.600000000000000000e+01 1.276969909667968750e-03 2.878572238050586311e+05 -7.720267758786406587e-01
9.700000000000000000e+01 1.270771026611328125e-03 2.574445819828101667e+05 -1.320894556380951546e+00
9.800000000000000000e+01 1.480102539062500000e-03 2.604308443718799972e+05 -1.121520152440062867e+00
9.900000000000000000e+01 1.261472702026367188e-03 2.566114010623754875e+05 -1.101555251515714096e+00
1.000000000000000000e+02 1.265764236450195312e-03 2.404673351418758975e+05 -1.325759444221043859e+00
1.010000000000000000e+02 1.264095306396484375e-03 2.501682087247639429e+05 -1.029121472192921605e+00
1.020000000000000000e+02 1.282691955566406250e-03 2.816899415008412325e+05 -3.771243307533669320e-01
1.030000000000000000e+02 1.278638839721679688e-03 2.755076733630865929e+05 -4.835141392219129974e-01
1.040000000000000000e+02 1.300573348999023438e-03 2.769493492710287101e+05 -4.391883463256290865e-01
1.050000000000000000e+02 1.269340515136718750e-03 2.653471186900723260e+05 -6.589854985319746339e-01
1.060000000000000000e+02 1.363992691040039062e-03 2.619285101143924985e+05 -7.057245351057999105e-01
1.070000000000000000e+02 1.279592514038085938e-03 2.705809924583260436e+05 -5.021490557360065443e-01
1.080000000000000000e+02 1.275777816772460938e-03 2.998507170066969120e+05 1.284770220834763887e-01
1.090000000000000000e+02 1.273632049560546875e-03 3.173064951798449620e+05 5.020402188011476863e-01
1.100000000000000000e+02 1.281738281250000000e-03 2.964000669581096736e+05 3.094421648211736348e-02
1.110000000000000000e+02 1.277208328247070312e-03 3.037786906254451023e+05 1.955751819724308449e-01
1.120000000000000000e+02 1.276969909667968750e-03 2.524261738195352955e+05 -9.809736278331949721e-01
1.130000000000000000e+02 1.271963119506835938e-03 2.632775778566070367e+05 -6.978082604981542536e-01
1.140000000000000000e+02 1.261472702026367188e-03 2.291991659460272349e+05 -1.466727932148659042e+00
1.150000000000000000e+02 1.260757446289062500e-03 1.941964202072318294e+05 -2.183040981088837817e+00
1.160000000000000000e+02 1.260519027709960938e-03 2.417388557140662160e+05 -9.738948914590110917e-01
1.170000000000000000e+02 1.269817352294921875e-03 2.777396132980896509e+05 -1.731811795339885940e-01
1.180000000000000000e+02 1.322507858276367188e-03 3.298974002736657858e+05 9.638745102378749596e-01
1.190000000000000000e+02 1.270294189453125000e-03 4.094687242163554765e+05 2.669330385212714152e+00
1.200000000000000000e+02 1.481056213378906250e-03 4.700468356562247500e+05 3.600868181805042756e+00
1.200000000000000000e+02 2.748727798461914062e-03 2.714578050850742147e+05 0.000000000000000000e+00
1.210000000000000000e+02 1.267433166503906250e-03 3.768530720472154790e+05 0.000000000000000000e+00
1.220000000000000000e+02 1.272916793823242188e-03 3.172111792874408420e+05 -9.317938020979693592e-02
1.230000000000000000e+02 1.264095306396484375e-03 2.710796744761771988e+05 -9.604745654186255255e-01
1.240000000000000000e+02 1.270532608032226562e-03 2.855414064070173772e+05 -4.715917243601877584e-01
1.250000000000000000e+02 1.285076141357421875e-03 3.030084143193718046e+05 -3.182733017984196860e-02
1.260000000000000000e+02 1.281738281250000000e-03 2.786663766730412026e+05 -6.394858697655119162e-01
1.270000000000000000e+02 1.278877258300781250e-03 2.753964289583987556e+05 -6.671968062512416697e-01
1.280000000000000000e+02 1.274824142456054688e-03 2.781917569969979231e+05 -5.334294159080081865e-01
1.290000000000000000e+02 1.270771026611328125e-03 3.827743462584292283e+05 2.551994730550847024e+00
1.300000000000000000e+02 1.489877700805664062e-03 4.358353171922999900e+05 3.097610823599646235e+00
1.300000000000000000e+02 2.707958221435546875e-03 2.444836825134929677e+05 0.000000000000000000e+00
1.310000000000000000e+02 1.273393630981445312e-03 5.035688662055186578e+05 0.000000000000000000e+00
1.320000000000000000e+02 1.271963119506835938e-03 5.975161960358615033e+05 1.219917224846427839e+00
1.330000000000000000e+02 1.280784606933593750e-03 4.452588907009671093e+05 -1.785178845922140087e-02
1.340000000000000000e+02 1.290321350097656250e-03 3.539719883851209306e+05 -6.278406850282814977e-01
1.350000000000000000e+02 1.281976699829101562e-03 2.953314370724539040e+05 -9.831337032170369694e-01
1.360000000000000000e+02 1.275777816772460938e-03 2.874565058862332371e+05 -8.947957219068113366e-01
1.370000000000000000e+02 1.356840133666992188e-03 3.209614193387321429e+05 -5.295549747948676833e-01
1.380000000000000000e+02 1.273870468139648438e-03 3.046278767125431914e+05 -6.238601741976232962e-01
1.390000000000000000e+02 1.274108886718750000e-03 6.402783211651867023e+05 2.280009050800574144e+00
1.400000000000000000e+02 1.276016235351562500e-03 6.667902789158876985e+05 1.919123374842361063e+00
1.410000000000000000e+02 1.281738281250000000e-03 4.923358662790526287e+05 4.434853161135283717e-01
1.420000000000000000e+02 1.303434371948242188e-03 3.824516034721026081e+05 -3.150178682479317094e-01
1.430000000000000000e+02 1.110315322875976562e-03 4.675100869745630189e+05 2.914147230012782974e-01
1.440000000000000000e+02 1.291751861572265625e-03 5.101697021435739007e+05 5.897234205739718682e-01
1.450000000000000000e+02 1.285076141357421875e-03 4.367989799910868751e+05 1.943855085383168133e-02
1.460000000000000000e+02 1.284360885620117188e-03 4.801878310125300777e+05 3.523098842892524174e-01
1.470000000000000000e+02 1.286268234252929688e-03 5.058442880092564737e+05 5.439844612008845059e-01
1.480000000000000000e+02 1.293897628784179688e-03 4.708852661100520054e+05 2.425593538890944145e-01
1.490000000000000000e+02 1.282215118408203125e-03 4.170555236705617281e+05 -2.107239274822760855e-01
1.500000000000000000e+02 1.287937164306640625e-03 3.771694772938361857e+05 -5.451649276049633785e-01
1.510000000000000000e+02 1.293420791625976562e-03 3.541175769948331872e+05 -7.287316190636040636e-01
1.520000000000000000e+02 1.278638839721679688e-03 3.337231903148460551e+05 -8.829454249513505326e-01
1.530000000000000000e+02 1.280546188354492188e-03 2.985372420644717058e+05 -1.160148228308228058e+00
1.540000000000000000e+02 1.267910003662109375e-03 3.048969716984392726e+05 -1.049066807873956897e+00
1.550000000000000000e+02 1.270294189453125000e-03 2.342449488453455560e+05 -1.625106559523104233e+00
1.560000000000000000e+02 1.274108886718750000e-03 2.482171304882136465e+05 -1.397760566169514718e+00
1.570000000000000000e+02 1.266241073608398438e-03 2.454859910319638730e+05 -1.346588712576879621e+00
1.580000000000000000e+02 1.272678375244140625e-03 2.942307276298555662e+05 -8.786351247792042463e-01
1.590000000000000000e+02 1.273632049560546875e-03 3.543025475420734729e+05 -3.542565998796217697e-01
1.600000000000000000e+02 1.260280609130859375e-03 4.072635947911390103e+05 9.806894627386336660e-02
1.610000000000000000e+02 1.264810562133789062e-03 4.014481285478565842e+05 4.672889677600500918e-02
1.620000000000000000e+02 1.264810562133789062e-03 4.432892116147953202e+05 4.101051227316598324e-01
1.630000000000000000e+02 1.275062561035156250e-03 4.053573077843147912e+05 6.850625813225424965e-02
1.640000000000000000e+02 1.267671585083007812e-03 5.387314926713084569e+05 1.261734420021285885e+00
1.650000000000000000e+02 1.275777816772460938e-03 5.082893196225863067e+05 9.455405531635154848e-01
1.660000000000000000e+02 1.272201538085937500e-03 4.203629220020268112e+05 1.385036446170798408e-01
1.670000000000000000e+02 1.281738281250000000e-03 4.071283000197196379e+05 1.721606074828093899e-02
1.680000000000000000e+02 1.267910003662109375e-03 5.539937427509089466e+05 1.360473052834277885e+00
1.690000000000000000e+02 1.269578933715820312e-03 6.104702639372644480e+05 1.823047183880957212e+00
1.700000000000000000e+02 1.263856887817382812e-03 6.961276712387836305e+05 2.482571851203940305e+00
1.710000000000000000e+02 1.486778259277343750e-03 9.184736821839843178e+05 4.128320271538715502e+00
1.710000000000000000e+02 2.709865570068359375e-03 5.486607214127668412e+05 0.000000000000000000e+00
1.720000000000000000e+02 1.275777816772460938e-03 7.276678494099081727e+05 0.000000000000000000e+00
1.730000000000000000e+02 1.276493072509765625e-03 7.010539768772966927e+05 4.968486763613083612e-01
1.740000000000000000e+02 1.278877258300781250e-03 7.019600034943560604e+05 4.434551686540043058e-01
1.750000000000000000e+02 1.275539398193359375e-03 6.282407155938124051e+05 -5.089930545594297806e-01
1.760000000000000000e+02 1.268386840820312500e-03 6.090275202214746969e+05 -7.173050856291621757e-01
1.770000000000000000e+02 1.266241073608398438e-03 5.845408036156769376e+05 -9.906912448523312875e-01
1.780000000000000000e+02 1.260995864868164062e-03 5.821154405452253995e+05 -8.963174252281358445e-01
1.790000000000000000e+02 1.268625259399414062e-03 5.534838260535018053e+05 -1.232054597313521294e+00
1.800000000000000000e+02 1.272201538085937500e-03 5.079771258717306191e+05 -1.741908654485248675e+00
1.810000000000000000e+02 1.269340515136718750e-03 7.534844996184778865e+05 1.874096978543267733e+00
1.820000000000000000e+02 1.270294189453125000e-03 7.225684427717241924e+05 1.165466281562393958e+00
1.830000000000000000e+02 1.266241073608398438e-03 6.453925020381027134e+05 1.247075523529552060e-01
1.840000000000000000e+02 1.267194747924804688e-03 5.533220869251635158e+05 -1.040309603604073097e+00
1.850000000000000000e+02 1.266002655029296875e-03 5.905436029377935920e+05 -4.967637315652400076e-01
1.860000000000000000e+02 1.262903213500976562e-03 5.852852275611804798e+05 -5.451065990437741204e-01
1.870000000000000000e+02 1.260042190551757812e-03 5.775729543501166627e+05 -6.262578324903386173e-01
1.880000000000000000e+02 1.267194747924804688e-03 5.858377525731155183e+05 -4.893531964717868221e-01
1.890000000000000000e+02 1.262187957763671875e-03 7.518713311442898121e+05 1.830817384231919753e+00
1.900000000000000000e+02 1.267671585083007812e-03 6.912185153430213686e+05 8.433328298741959994e-01
1.910000000000000000e+02 1.264095306396484375e-03 6.099478672450624872e+05 -2.662924448686431189e-01
1.920000000000000000e+02 1.270055770874023438e-03 5.568337394091631286e+05 -9.788639624241809445e-01
1.930000000000000000e+02 1.266002655029296875e-03 4.832018034420469776e+05 -1.935228556849017956e+00
1.940000000000000000e+02 1.278162002563476562e-03 5.358240415522240801e+05 -1.075785776697517182e+00
1.950000000000000000e+02 3.520011901855468750e-03 8.186585980744682020e+05 2.592938566220466257e+00
1.960000000000000000e+02 5.053758621215820312e-03 7.779523180140805198e+05 1.776470464685328654e+00
1.970000000000000000e+02 5.167007446289062500e-03 6.529769494548122166e+05 2.535653506120860712e-01
1.980000000000000000e+02 4.690408706665039062e-03 6.631236227044982370e+05 3.635691958311043637e-01
1.990000000000000000e+02 5.155324935913085938e-03 7.114266925996920327e+05 9.122702152551637189e-01
2.000000000000000000e+02 4.733085632324218750e-03 7.376775232516408432e+05 1.187083429399516721e+00
2.010000000000000000e+02 4.891157150268554688e-03 6.488645777726961533e+05 1.210814407494786027e-01
2.020000000000000000e+02 5.379438400268554688e-03 5.602435110728881555e+05 -9.151163490661742284e-01
2.030000000000000000e+02 4.661083221435546875e-03 5.085951216946599307e+05 -1.493843823039019858e+00
2.040000000000000000e+02 5.075454711914062500e-03 5.728569384787330637e+05 -6.839766972774000697e-01
2.050000000000000000e+02 5.223751068115234375e-03 6.102413886929494329e+05 -2.359325615756260319e-01
2.060000000000000000e+02 4.820823669433593750e-03 5.586687574611390010e+05 -8.389494421379639633e-01
2.070000000000000000e+02 5.244731903076171875e-03 5.310815080345857423e+05 -1.145252307788356294e+00
2.080000000000000000e+02 5.104780197143554688e-03 5.028233864250367624e+05 -1.442605622826929057e+00
2.090000000000000000e+02 5.017518997192382812e-03 5.709499839273439720e+05 -5.947030813075105948e-01
2.100000000000000000e+02 5.151271820068359375e-03 5.781441051840038272e+05 -5.002736321705850697e-01
2.110000000000000000e+02 5.526542663574218750e-03 6.035099269262531307e+05 -1.926086522159566050e-01
2.120000000000000000e+02 5.190610885620117188e-03 5.931947943617588608e+05 -3.136914760634301746e-01
2.130000000000000000e+02 5.011320114135742188e-03 5.305731970375234960e+05 -1.067655443948856142e+00
2.140000000000000000e+02 5.169153213500976562e-03 5.891117283379689325e+05 -3.337990387281579152e-01
2.150000000000000000e+02 5.032062530517578125e-03 5.894576043255657423e+05 -3.254212834265940990e-01
2.160000000000000000e+02 5.179405212402343750e-03 5.029716675627910881e+05 -1.388869872295619201e+00
2.170000000000000000e+02 5.066871643066406250e-03 5.074254297771673882e+05 -1.291047534989015588e+00
2.180000000000000000e+02 5.207538604736328125e-03 4.612527411342542036e+05 -1.815479777206764123e+00
2.190000000000000000e+02 5.078792572021484375e-03 4.997970728049733443e+05 -1.279799207073188505e+00
2.200000000000000000e+02 5.255222320556640625e-03 5.963877210060012294e+05 -1.073378841860954669e-01
2.210000000000000000e+02 5.122184753417968750e-03 6.466633215457289480e+05 4.924052066226328184e-01
2.220000000000000000e+02 5.701780319213867188e-03 5.949873672929729801e+05 -1.336214130222459773e-01
2.230000000000000000e+02 5.164623260498046875e-03 5.860678403629859677e+05 -2.404100649780147592e-01
2.240000000000000000e+02 5.287885665893554688e-03 5.842925628758680541e+05 -2.597517339147205062e-01
2.250000000000000000e+02 5.142450332641601562e-03 6.497715402749315836e+05 5.506316851084520625e-01
2.260000000000000000e+02 5.288124084472656250e-03 6.196075644996347837e+05 1.695774614673462299e-01
2.270000000000000000e+02 5.156040191650390625e-03 5.937088324392942013e+05 -1.564639528035270122e-01
2.280000000000000000e+02 5.642414093017578125e-03 6.123535120831126114e+05 8.059941672871100138e-02
2.290000000000000000e+02 4.631280899047851562e-03 5.842351801402634010e+05 -2.786557466431484609e-01
2.300000000000000000e+02 4.740715026855468750e-03 6.073339899849859066e+05 2.078953752647054801e-02
2.310000000000000000e+02 4.619598388671875000e-03 6.950083973835611250e+05 1.157323113149836269e+00
2.320000000000000000e+02 5.394458770751953125e-03 9.157446321248562308e+05 3.989670852053290417e+00
2.320000000000000000e+02 7.501840591430664062e-03 4.981067968831841717e+05 0.000000000000000000e+00
2.330000000000000000e+02 4.392385482788085938e-03 8.163246346580232494e+05 0.000000000000000000e+00
2.340000000000000000e+02 4.767417907714843750e-03 7.689782664038738003e+05 4.966915619067709398e-01
2.350000000000000000e+02 4.330396652221679688e-03 6.929053504280860070e+05 -9.112357939801056170e-03
2.360000000000000000e+02 4.799604415893554688e-03 6.615442961404315429e+05 -2.320727685023606379e-01
2.370000000000000000e+02 4.306316375732421875e-03 6.209419986240019789e+05 -5.449069359036651239e-01
2.380000000000000000e+02 1.661300659179687500e-03 6.125628197873544414e+05 -5.670266312861327318e-01
2.390000000000000000e+02 1.339673995971679688e-03 6.056106261531808414e+05 -5.841052112208007241e-01
2.400000000000000000e+02 1.366138458251953125e-03 5.719630463793092640e+05 -8.744601539637014698e-01
2.410000000000000000e+02 1.634597778320312500e-03 1.117582645245760446e+06 4.761950655150273271e+00
2.410000000000000000e+02 2.917528152465820312e-03 9.886243339117175201e+05 0.000000000000000000e+00
2.420000000000000000e+02 1.463890075683593750e-03 1.484242928099311888e+06 0.000000000000000000e+00
2.430000000000000000e+02 1.314878463745117188e-03 1.199339450562017038e+06 -1.058456919968847887e-01
2.440000000000000000e+02 1.342058181762695312e-03 5.520596059459424578e+05 -2.701729518103610506e+00
2.450000000000000000e+02 1.311540603637695312e-03 5.465605797374104150e+05 -1.297732691125431437e+00
2.460000000000000000e+02 1.292943954467773438e-03 6.347645405675513903e+05 -7.803560094445137763e-01
2.470000000000000000e+02 1.348972320556640625e-03 6.509701390559501015e+05 -6.432047369314989327e-01
2.480000000000000000e+02 1.316547393798828125e-03 8.443791179149775999e+05 -5.677637422301876763e-02
2.490000000000000000e+02 1.312017440795898438e-03 8.186298566746037686e+05 -1.293868733072328081e-01
2.500000000000000000e+02 1.396417617797851562e-03 7.690068555532465689e+05 -2.786959991092942124e-01
2.510000000000000000e+02 1.358985900878906250e-03 7.245987789671740029e+05 -4.122002883808804086e-01
2.520000000000000000e+02 1.384496688842773438e-03 6.408926260987984715e+05 -6.818670534308955977e-01
2.530000000000000000e+02 1.451730728149414062e-03 6.393232736638422357e+05 -6.476028177553404541e-01
2.540000000000000000e+02 1.388549804687500000e-03 7.034865804722827161e+05 -3.790958185339226572e-01
2.550000000000000000e+02 1.396894454956054688e-03 6.678237022827356122e+05 -4.993223144876144937e-01
2.560000000000000000e+02 1.388311386108398438e-03 6.489461530995341018e+05 -5.528313542339390319e-01
2.570000000000000000e+02 1.368999481201171875e-03 6.279518729392127134e+05 -6.147938522411324769e-01
2.580000000000000000e+02 1.402378082275390625e-03 7.086737558098261943e+05 -2.620196961895548959e-01
2.590000000000000000e+02 1.392602920532226562e-03 7.888656140569786076e+05 8.126963016977283016e-02
2.600000000000000000e+02 1.386642456054687500e-03 7.285086322017266648e+05 -1.808378731197135825e-01
2.610000000000000000e+02 1.493453979492187500e-03 6.175833523418880068e+05 -6.669453426866435164e-01
2.620000000000000000e+02 1.431703567504882812e-03 5.694215990238378290e+05 -8.606854391670145654e-01
2.630000000000000000e+02 1.355409622192382812e-03 5.640778414732938400e+05 -8.515044477598719963e-01
2.640000000000000000e+02 1.386404037475585938e-03 5.664262576159151504e+05 -8.095270401477109301e-01
2.650000000000000000e+02 1.347780227661132812e-03 5.603854420824737754e+05 -8.098659801551428838e-01
2.660000000000000000e+02 1.346349716186523438e-03 5.048479277890574886e+05 -1.040367835355031412e+00
2.670000000000000000e+02 1.387596130371093750e-03 4.875480337662068778e+05 -1.079476136251884544e+00
2.680000000000000000e+02 1.354694366455078125e-03 5.136249467776732054e+05 -9.168531915946582789e-01
2.690000000000000000e+02 1.346111297607421875e-03 5.844960192769395653e+05 -5.593709426219499736e-01
2.700000000000000000e+02 1.332283020019531250e-03 5.471361978045491269e+05 -7.219658029454489867e-01
2.710000000000000000e+02 1.334428787231445312e-03 5.143487892765721772e+05 -8.588823091969541856e-01
2.720000000000000000e+02 1.361370086669921875e-03 5.227101360821736162e+05 -7.954678967582766713e-01
2.730000000000000000e+02 1.385927200317382812e-03 4.958897232075621723e+05 -9.036141416747244248e-01
2.740000000000000000e+02 1.349449157714843750e-03 4.779638445357183809e+05 -9.650272707123196403e-01
2.750000000000000000e+02 1.339435577392578125e-03 4.695513757366307545e+05 -9.783964619406489982e-01
2.760000000000000000e+02 1.363754272460937500e-03 5.267343130797608756e+05 -6.766244717315844648e-01
2.770000000000000000e+02 1.343965530395507812e-03 6.785242682369817048e+05 7.218875285140347042e-02
2.780000000000000000e+02 1.352310180664062500e-03 6.654945172725672601e+05 7.219906918025735185e-03
2.790000000000000000e+02 1.409053802490234375e-03 6.561118614634254482e+05 -3.960140781606606014e-02
2.800000000000000000e+02 1.375436782836914062e-03 6.384486475519019878e+05 -1.282499270174908834e-01
2.810000000000000000e+02 1.362800598144531250e-03 6.630867355660003377e+05 -7.034103908681050427e-04
2.820000000000000000e+02 1.384496688842773438e-03 6.591731627335418016e+05 -2.095576813384894543e-02
2.830000000000000000e+02 1.358270645141601562e-03 6.315711344142382732e+05 -1.653824018854102296e-01
2.840000000000000000e+02 1.444101333618164062e-03 5.957069072228227742e+05 -3.536343163301368109e-01
2.850000000000000000e+02 1.372337341308593750e-03 6.189508948620761512e+05 -2.246355870300607294e-01
2.860000000000000000e+02 1.376390457153320312e-03 6.417289488047936466e+05 -9.866796899175661606e-02
2.870000000000000000e+02 1.361846923828125000e-03 6.506012862893998390e+05 -4.900427522327267110e-02
2.880000000000000000e+02 1.419305801391601562e-03 6.084275019380114973e+05 -2.820468497407285224e-01
2.890000000000000000e+02 1.431226730346679688e-03 5.863052460623529041e+05 -4.026523676958577713e-01
2.900000000000000000e+02 1.388311386108398438e-03 5.737215102615383221e+05 -4.689441599441998010e-01
2.910000000000000000e+02 1.436710357666015625e-03 5.492172653905751649e+05 -6.026806417581309638e-01
2.920000000000000000e+02 1.397371292114257812e-03 5.530457282614677679e+05 -5.727853652848994281e-01
2.930000000000000000e+02 1.406431198120117188e-03 5.198945615627813386e+05 -7.566237885086684045e-01
2.940000000000000000e+02 1.441240310668945312e-03 5.109648808077939320e+05 -7.971847355171549632e-01
2.950000000000000000e+02 1.401185989379882812e-03 5.302499205618354026e+05 -6.731871158181773618e-01
2.960000000000000000e+02 1.400470733642578125e-03 5.358817629791125655e+05 -6.314857340300875643e-01
2.970000000000000000e+02 1.398801803588867188e-03 6.459563633034668164e+05 2.265367543699352282e-02
2.980000000000000000e+02 1.396894454956054688e-03 6.632960433552644681e+05 1.251913506876851101e-01
2.990000000000000000e+02 1.389980316162109375e-03 6.444155176238057902e+05 1.126765474529614619e-02
