4.454211828836245090e+07
1.000000000000000000e+00 1.414775848388671875e-03 1.448456132410925347e+05 0.000000000000000000e+00
2.000000000000000000e+00 1.416206359863281250e-03 1.742481766156061785e+05 1.416616710845922444e+00
3.000000000000000000e+00 1.116514205932617188e-03 1.285821541427267948e+05 -1.457218512486854189e-01
4.000000000000000000e+00 1.103401184082031250e-03 1.470197473877642769e+05 3.686781000010707632e-01
5.000000000000000000e+00 1.120567321777343750e-03 1.485864606573347701e+05 3.829479438290357418e-01
6.000000000000000000e+00 1.106023788452148438e-03 1.214651765635584743e+05 -5.710450075442613516e-01
7.000000000000000000e+00 1.101970672607421875e-03 1.509900790925923502e+05 5.488010575856364648e-01
8.000000000000000000e+00 1.100778579711914062e-03 1.729499096472040983e+05 1.349443144404391282e+00
9.000000000000000000e+00 1.094341278076171875e-03 1.794003734930478386e+05 1.393880507465966812e+00
1.000000000000000000e+01 1.103878021240234375e-03 1.844681995582163800e+05 1.385198144813839294e+00
1.100000000000000000e+01 1.162528991699218750e-03 2.480292967384794320e+05 3.390844546992696884e+00
1.100000000000000000e+01 2.307653427124023438e-03 1.346162755996654159e+05 0.000000000000000000e+00
1.200000000000000000e+01 1.842975616455078125e-03 2.559637474691710086e+05 0.000000000000000000e+00
1.300000000000000000e+01 1.100778579711914062e-03 2.876878561974046170e+05 1.076827419997326452e+00
1.400000000000000000e+01 1.467466354370117188e-03 3.401495481285639689e+05 1.411804479691445069e+00
1.500000000000000000e+01 1.112699508666992188e-03 2.080542251949704078e+05 -5.338321914525612222e-01
1.600000000000000000e+01 1.107454299926757812e-03 1.530491785073138017e+05 -1.177583948704866490e+00
1.700000000000000000e+01 1.102924346923828125e-03 1.903548835880120168e+05 -4.974028307489483103e-01
1.800000000000000000e+01 1.098155975341796875e-03 2.230741901545920700e+05 -1.610220351565001470e-02
1.900000000000000000e+01 1.105308532714843750e-03 2.811870969414314604e+05 8.314297318422021466e-01
2.000000000000000000e+01 1.104593276977539062e-03 3.298407223207822535e+05 1.484085803286155469e+00
2.100000000000000000e+01 1.107454299926757812e-03 2.216443033689900767e+05 -2.659156185549463314e-01
2.200000000000000000e+01 1.099348068237304688e-03 2.937140285413607489e+05 8.194546214380260540e-01
2.300000000000000000e+01 1.097679138183593750e-03 3.024950906935086823e+05 8.977753806586773466e-01
2.400000000000000000e+01 1.109600067138671875e-03 2.131932055919880222e+05 -5.308607619261658250e-01
2.500000000000000000e+01 1.119375228881835938e-03 2.304677728943778202e+05 -2.349778508684838563e-01
2.600000000000000000e+01 1.122951507568359375e-03 2.350626849274769193e+05 -1.520468616818283769e-01
2.700000000000000000e+01 1.122236251831054688e-03 2.065252717011178029e+05 -6.298175046705276614e-01
2.800000000000000000e+01 1.126289367675781250e-03 2.869011831019155798e+05 7.813253453568175244e-01
2.900000000000000000e+01 1.110792160034179688e-03 3.046459942832047818e+05 1.057171030399963962e+00
3.000000000000000000e+01 1.127958297729492188e-03 2.897661482657793676e+05 7.404675687033542841e-01
3.100000000000000000e+01 1.116037368774414062e-03 3.061291327417004504e+05 1.001441462404945248e+00
3.200000000000000000e+01 1.135349273681640625e-03 3.191584456366025843e+05 1.185170747284502779e+00
3.300000000000000000e+01 1.114606857299804688e-03 2.967800720940579195e+05 7.297745427194968215e-01
3.400000000000000000e+01 1.141309738159179688e-03 3.488920654811025597e+05 1.630226778177609859e+00
3.500000000000000000e+01 1.125335693359375000e-03 3.433542736981224734e+05 1.417198967806194920e+00
3.600000000000000000e+01 1.156330108642578125e-03 2.434472581444357056e+05 -3.480469767917289126e-01
3.700000000000000000e+01 1.114845275878906250e-03 1.942388049587561400e+05 -1.184728023220294357e+00
3.800000000000000000e+01 1.113414764404296875e-03 2.119720036049952032e+05 -8.310999860959923380e-01
3.900000000000000000e+01 1.107931137084960938e-03 2.975639566182807903e+05 6.608745882687915296e-01
4.000000000000000000e+01 1.119375228881835938e-03 2.787688648054135847e+05 3.191967938736219312e-01
4.100000000000000000e+01 1.107454299926757812e-03 2.626257497587844264e+05 2.937424330423185279e-02
4.200000000000000000e+01 1.105546951293945312e-03 2.505832174938806857e+05 -1.866372838848778526e-01
4.300000000000000000e+01 1.118183135986328125e-03 2.736492369300494320e+05 2.357575668813949865e-01
4.400000000000000000e+01 1.114368438720703125e-03 2.673346250416368712e+05 1.155045862712679172e-01
4.500000000000000000e+01 1.157283782958984375e-03 3.069761281928772805e+05 8.567844158125150766e-01
4.600000000000000000e+01 1.116275787353515625e-03 2.966979889451693743e+05 6.423877650650490212e-01
4.700000000000000000e+01 1.109361648559570312e-03 3.374228983313468052e+05 1.403105866452615258e+00
4.800000000000000000e+01 1.100301742553710938e-03 2.976621378220478655e+05 6.027223821204394927e-01
4.900000000000000000e+01 1.105070114135742188e-03 2.837456880974990781e+05 3.288429132630123486e-01
5.000000000000000000e+01 1.108646392822265625e-03 2.940041200486794114e+05 5.206009614122483198e-01
5.100000000000000000e+01 1.106739044189453125e-03 2.928588836639834335e+05 4.903126718982318555e-01
5.200000000000000000e+01 1.113653182983398438e-03 2.731285532951607602e+05 9.803699376518079656e-02
5.300000000000000000e+01 1.106739044189453125e-03 2.646106591906151152e+05 -7.135808733866842724e-02
5.400000000000000000e+01 1.094341278076171875e-03 3.071018854767360026e+05 7.788340098337586115e-01
5.500000000000000000e+01 1.113653182983398438e-03 3.706857609680127935e+05 2.041826260666301796e+00
5.600000000000000000e+01 1.096248626708984375e-03 3.341881176282140077e+05 1.221429182381417178e+00
5.700000000000000000e+01 1.098632812500000000e-03 3.538564764345837757e+05 1.568795432345080787e+00
5.800000000000000000e+01 1.097679138183593750e-03 3.608331059774249443e+05 1.645196017849181347e+00
5.900000000000000000e+01 1.130342483520507812e-03 4.005659960266183480e+05 2.326536747330049337e+00
6.000000000000000000e+01 1.115560531616210938e-03 3.491401138922083774e+05 1.261837431060997661e+00
6.100000000000000000e+01 1.117467880249023438e-03 3.419945218906389782e+05 1.102277596199246812e+00
6.200000000000000000e+01 1.115083694458007812e-03 3.483745346378260874e+05 1.192059116396173346e+00
6.300000000000000000e+01 1.111268997192382812e-03 3.464665408884442877e+05 1.130849045542621001e+00
6.400000000000000000e+01 1.117944717407226562e-03 3.633181778239286505e+05 1.404597481311985474e+00
6.500000000000000000e+01 1.108884811401367188e-03 4.013579545817499165e+05 2.032924051926556341e+00
6.600000000000000000e+01 1.109123229980468750e-03 3.918632780136548681e+05 1.779941215667049992e+00
6.700000000000000000e+01 1.114845275878906250e-03 4.258601453390049865e+05 2.284081819008908276e+00
6.800000000000000000e+01 1.114606857299804688e-03 4.413942030823016539e+05 2.416369310138505089e+00
6.900000000000000000e+01 1.127243041992187500e-03 4.082981932066044537e+05 1.768514417237902370e+00
7.000000000000000000e+01 1.138925552368164062e-03 3.805609565731760813e+05 1.285602654319241811e+00
7.100000000000000000e+01 1.123905181884765625e-03 3.456257848545554443e+05 7.279947120450644960e-01
7.200000000000000000e+01 1.128435134887695312e-03 3.534677157700012322e+05 8.382765575876156561e-01
7.300000000000000000e+01 1.151323318481445312e-03 3.022666358969068388e+05 4.566802834635733110e-02
7.400000000000000000e+01 1.133680343627929688e-03 3.655792433627144201e+05 1.019148106931016207e+00
7.500000000000000000e+01 1.104831695556640625e-03 4.096171168229763280e+05 1.680290523131627634e+00
7.600000000000000000e+01 1.105785369873046875e-03 3.944707927526895655e+05 1.402144945245022978e+00
7.700000000000000000e+01 1.111268997192382812e-03 4.029201143059804454e+05 1.498317944364861765e+00
7.800000000000000000e+01 1.101493835449218750e-03 4.139602298397302511e+05 1.627364111136350155e+00
7.900000000000000000e+01 1.103162765502929688e-03 4.320217610175506561e+05 1.850898818097805432e+00
8.000000000000000000e+01 1.160621643066406250e-03 5.467803038115537493e+05 3.456735502201641719e+00
8.000000000000000000e+01 2.334356307983398438e-03 2.908009126909330953e+05 0.000000000000000000e+00
8.100000000000000000e+01 1.103878021240234375e-03 4.617394404547112645e+05 0.000000000000000000e+00
8.200000000000000000e+01 1.110553741455078125e-03 4.707380734657737776e+05 7.815545315769629742e-01
8.300000000000000000e+01 1.100301742553710938e-03 6.634080715282991296e+05 2.521463626537487457e+00
8.400000000000000000e+01 1.203060150146484375e-03 6.320794430546500953e+05 1.053306007134916511e+00
8.500000000000000000e+01 1.119852066040039062e-03 6.490992235115320655e+05 9.681073176603967045e-01
8.600000000000000000e+01 1.107454299926757812e-03 6.958355487214520108e+05 1.143370124063256110e+00
8.700000000000000000e+01 1.133203506469726562e-03 6.826289339797111461e+05 8.812660595156897037e-01
8.800000000000000000e+01 1.111030578613281250e-03 7.252790201537921093e+05 1.083844211049460604e+00
8.900000000000000000e+01 1.106739044189453125e-03 6.370596768012183020e+05 3.533758136735853372e-01
9.000000000000000000e+01 1.112461090087890625e-03 6.486987598919693846e+05 4.193911102169869398e-01
9.100000000000000000e+01 1.142740249633789062e-03 5.242099307303490350e+05 -5.449062564122331143e-01
9.200000000000000000e+01 1.110792160034179688e-03 4.459519627507343539e+05 -1.130510652237831648e+00
9.300000000000000000e+01 1.098632812500000000e-03 5.175445164949938189e+05 -4.786201213648381136e-01
9.400000000000000000e+01 1.126050949096679688e-03 4.501007522606768762e+05 -1.000098852335702615e+00
9.500000000000000000e+01 1.105308532714843750e-03 4.327067486934166518e+05 -1.075654183183643253e+00
9.600000000000000000e+01 1.168251037597656250e-03 4.032280495895508211e+05 -1.242196991491952618e+00
9.700000000000000000e+01 1.134395599365234375e-03 3.839647485955792363e+05 -1.305418819958745091e+00
9.800000000000000000e+01 1.130104064941406250e-03 3.569564280036433483e+05 -1.421419423218360567e+00
9.900000000000000000e+01 1.112461090087890625e-03 3.843428144790423103e+05 -1.105888788844005433e+00
1.000000000000000000e+02 1.108884811401367188e-03 3.425566077824196545e+05 -1.361832019825671480e+00
1.010000000000000000e+02 1.111984252929687500e-03 3.629298757749756915e+05 -1.121780470377457872e+00
1.020000000000000000e+02 1.176595687866210938e-03 4.817798492687597172e+05 -1.887299895194639587e-01
1.030000000000000000e+02 1.148223876953125000e-03 5.320412322857338004e+05 1.946647083193488448e-01
1.040000000000000000e+02 1.125097274780273438e-03 4.862128653718970600e+05 -1.627265426837417317e-01
1.050000000000000000e+02 1.124382019042968750e-03 5.021816630210750736e+05 -3.379871498091430865e-02
1.060000000000000000e+02 1.128435134887695312e-03 5.014026278585942928e+05 -3.942624524992841689e-02
1.070000000000000000e+02 1.118421554565429688e-03 4.748001294152672053e+05 -2.566436892293601502e-01
1.080000000000000000e+02 1.110792160034179688e-03 6.230233672798381886e+05 9.839780500096766414e-01
1.090000000000000000e+02 1.124382019042968750e-03 6.408105817613281542e+05 1.099635371047524623e+00
1.100000000000000000e+02 1.571416854858398438e-03 5.965441912255957723e+05 6.914536217874854840e-01
1.110000000000000000e+02 1.120090484619140625e-03 4.738658792894697981e+05 -3.551426012677209032e-01
1.120000000000000000e+02 5.847930908203125000e-03 4.623766491659810999e+05 -4.469145173221272804e-01
1.130000000000000000e+02 1.130580902099609375e-03 4.597209710595606011e+05 -4.618550697747138001e-01
1.140000000000000000e+02 1.151561737060546875e-03 4.324618962961115176e+05 -6.918757156844883571e-01
1.150000000000000000e+02 1.199483871459960938e-03 3.831147227451903746e+05 -1.111959623051804291e+00
1.160000000000000000e+02 1.140356063842773438e-03 3.598009603590905899e+05 -1.282651012183104511e+00
1.170000000000000000e+02 1.139402389526367188e-03 3.613874804613053566e+05 -1.223886455740740731e+00
1.180000000000000000e+02 1.151800155639648438e-03 3.806826537700101035e+05 -1.017385743659894093e+00
1.190000000000000000e+02 1.132965087890625000e-03 4.596053840288815554e+05 -3.082776109940508213e-01
1.200000000000000000e+02 1.136541366577148438e-03 6.139079785613296553e+05 1.046842487317262815e+00
1.210000000000000000e+02 1.114368438720703125e-03 6.264266072356671793e+05 1.129938327942460408e+00
1.220000000000000000e+02 1.123666763305664062e-03 5.496772185725903837e+05 4.303570398675646280e-01
1.230000000000000000e+02 1.110315322875976562e-03 5.200975494597297511e+05 1.639729520649544081e-01
1.240000000000000000e+02 1.155853271484375000e-03 4.995757557641958701e+05 -2.074443206044716478e-02
1.250000000000000000e+02 1.120567321777343750e-03 5.222770019064506632e+05 1.840735078494966925e-01
1.260000000000000000e+02 1.131772994995117188e-03 5.005315644782211748e+05 -1.607903969380613737e-02
1.270000000000000000e+02 1.107454299926757812e-03 4.822270959359988337e+05 -1.845204720361612594e-01
1.280000000000000000e+02 1.122236251831054688e-03 5.276492402057534782e+05 2.402080630422991359e-01
1.290000000000000000e+02 1.122236251831054688e-03 6.148790443307345267e+05 1.057652792523700702e+00
1.300000000000000000e+02 1.115798950195312500e-03 6.412239088013969595e+05 1.282893952789768477e+00
1.310000000000000000e+02 1.159191131591796875e-03 7.266120758313937113e+05 2.047117698026201804e+00
1.320000000000000000e+02 1.119852066040039062e-03 8.211636059672560077e+05 2.806014563711460408e+00
1.330000000000000000e+02 1.187801361083984375e-03 9.184199811521036318e+05 3.419970342363980897e+00
1.330000000000000000e+02 2.390384674072265625e-03 4.710969981441169512e+05 0.000000000000000000e+00
1.340000000000000000e+02 1.128435134887695312e-03 6.933739807173124282e+05 0.000000000000000000e+00
1.350000000000000000e+02 1.281023025512695312e-03 6.205877162208484951e+05 2.440119469228240190e-01
1.360000000000000000e+02 1.124858856201171875e-03 5.845048229717933573e+05 -9.278574129566340145e-02
1.370000000000000000e+02 1.120090484619140625e-03 5.002755115995863453e+05 -9.939405750760462732e-01
1.380000000000000000e+02 1.120090484619140625e-03 4.444712705455952091e+05 -1.435415780380474127e+00
1.390000000000000000e+02 1.122713088989257812e-03 7.738648044668559451e+05 2.295905043775643861e+00
1.400000000000000000e+02 1.128435134887695312e-03 7.703945959361188579e+05 1.533889848545415324e+00
1.410000000000000000e+02 1.116991043090820312e-03 6.106380965622535441e+05 2.544283642654544819e-02
1.420000000000000000e+02 1.124382019042968750e-03 5.369696688088413794e+05 -5.799040626418273670e-01
1.430000000000000000e+02 1.123428344726562500e-03 5.309981887822404969e+05 -5.943705200990503368e-01
1.440000000000000000e+02 1.116514205932617188e-03 6.496665224183850223e+05 4.896964084833687614e-01
1.450000000000000000e+02 1.139879226684570312e-03 5.848070116998181911e+05 -1.293234084387741289e-01
1.460000000000000000e+02 1.129865646362304688e-03 6.701707379336126614e+05 6.927929286349120419e-01
1.470000000000000000e+02 1.115798950195312500e-03 7.693576224028605502e+05 1.628149008460771041e+00
1.480000000000000000e+02 1.252174377441406250e-03 8.091930690250168554e+05 1.816219153515044926e+00
1.490000000000000000e+02 1.183748245239257812e-03 8.057773315460244194e+05 1.565294669762741675e+00
1.500000000000000000e+02 1.154899597167968750e-03 8.080727212102715857e+05 1.435784979163433173e+00
1.510000000000000000e+02 1.123189926147460938e-03 7.902205069482930703e+05 1.174078499114578289e+00
1.520000000000000000e+02 1.141786575317382812e-03 8.140020615224093199e+05 1.295390962989308115e+00
1.530000000000000000e+02 1.134395599365234375e-03 9.268568920215890976e+05 2.111082898063755930e+00
1.540000000000000000e+02 1.122713088989257812e-03 1.058179336264691548e+06 2.835613584411158516e+00
1.550000000000000000e+02 1.116991043090820312e-03 9.430311609653454507e+05 1.616420902947719673e+00
1.560000000000000000e+02 1.167774200439453125e-03 8.193762610477864509e+05 7.256691602001976715e-01
1.570000000000000000e+02 1.117467880249023438e-03 7.609163139249506639e+05 3.348677623823998473e-01
1.580000000000000000e+02 1.119852066040039062e-03 7.823010041104929987e+05 4.648766783399287950e-01
1.590000000000000000e+02 1.118898391723632812e-03 7.797808128201144282e+05 4.378138162663719468e-01
1.600000000000000000e+02 1.116514205932617188e-03 8.429200213435569312e+05 8.468127942626380023e-01
1.610000000000000000e+02 1.070261001586914062e-03 8.635853696695338003e+05 9.590201903928832206e-01
1.620000000000000000e+02 1.078128814697265625e-03 8.297556090726549737e+05 7.018630745787403091e-01
1.630000000000000000e+02 1.114368438720703125e-03 6.794531565268369159e+05 -3.283631179113689069e-01
1.640000000000000000e+02 1.175165176391601562e-03 8.627676089383080835e+05 9.317881200762171412e-01
1.650000000000000000e+02 1.085281372070312500e-03 9.975106656711191172e+05 1.829404242532895797e+00
1.660000000000000000e+02 1.080989837646484375e-03 8.944024763495640364e+05 1.031030078816592255e+00
1.670000000000000000e+02 1.083374023437500000e-03 9.491163587074447423e+05 1.362903444333637193e+00
1.680000000000000000e+02 1.083612442016601562e-03 9.258242306513797957e+05 1.155972961190201209e+00
1.690000000000000000e+02 1.090049743652343750e-03 9.815833879280483816e+05 1.482850284380473838e+00
1.700000000000000000e+02 1.075744628906250000e-03 9.534781041393277701e+05 1.239951094546936528e+00
1.710000000000000000e+02 1.075744628906250000e-03 1.078049659280513180e+06 1.994085494599518116e+00
1.720000000000000000e+02 1.077890396118164062e-03 9.966900615504379384e+05 1.372885809458401107e+00
1.730000000000000000e+02 1.070737838745117188e-03 9.455733886895229807e+05 1.013280455296699412e+00
1.740000000000000000e+02 1.087188720703125000e-03 9.175988403315470787e+05 8.182745664325962176e-01
1.750000000000000000e+02 1.070976257324218750e-03 8.280079457258190960e+05 2.545625669171888705e-01
1.760000000000000000e+02 1.085758209228515625e-03 8.695999598287639674e+05 5.085772050850118076e-01
1.770000000000000000e+02 1.086950302124023438e-03 8.877622903828347335e+05 6.146590639832704150e-01
1.780000000000000000e+02 1.115322113037109375e-03 9.032287202450827463e+05 7.025047064516848350e-01
1.790000000000000000e+02 1.121520996093750000e-03 1.009479112390987226e+06 1.362489515668259488e+00
1.800000000000000000e+02 1.175880432128906250e-03 1.058333002986392472e+06 1.627761873481358812e+00
1.810000000000000000e+02 1.151561737060546875e-03 1.298140118498340249e+06 3.044428700566399471e+00
1.810000000000000000e+02 2.386093139648437500e-03 1.000819851480085170e+06 0.000000000000000000e+00
1.820000000000000000e+02 1.147985458374023438e-03 1.347043799442315940e+06 0.000000000000000000e+00
1.830000000000000000e+02 1.090288162231445312e-03 1.498100704176584026e+06 1.324125692277604793e+00
1.840000000000000000e+02 1.081466674804687500e-03 1.356031501021418953e+06 2.904304346849933549e-01
1.850000000000000000e+02 1.086473464965820312e-03 1.324713451977757737e+06 1.145287606391114099e-01
1.860000000000000000e+02 1.108407974243164062e-03 1.327888204065259546e+06 1.229211235827648435e-01
1.870000000000000000e+02 1.106023788452148438e-03 1.258868475519138388e+06 -3.057002070452117248e-01
1.880000000000000000e+02 1.086711883544921875e-03 1.312230980976778548e+06 6.817198581681860325e-02
1.890000000000000000e+02 1.085996627807617188e-03 1.395623110590501688e+06 6.599518515204241265e-01
1.900000000000000000e+02 1.095533370971679688e-03 1.344678200901477598e+06 2.318594409499962761e-01
1.910000000000000000e+02 1.089334487915039062e-03 1.211806164750446333e+06 -8.235639314254734611e-01
1.920000000000000000e+02 1.090526580810546875e-03 1.203476857669175835e+06 -8.302248043008473299e-01
1.930000000000000000e+02 1.081943511962890625e-03 1.041784437153497012e+06 -2.092159009290077698e+00
1.940000000000000000e+02 1.086711883544921875e-03 1.090914126948256046e+06 -1.367291724155745403e+00
1.950000000000000000e+02 1.086950302124023438e-03 1.348745113674820401e+06 5.911931540368943194e-01
1.960000000000000000e+02 1.128196716308593750e-03 1.431312522697906010e+06 1.165025685205808070e+00
1.970000000000000000e+02 1.140356063842773438e-03 1.279657498304306529e+06 -8.777148699037135710e-03
1.980000000000000000e+02 1.099109649658203125e-03 1.321004118327459553e+06 2.987253395091086783e-01
1.990000000000000000e+02 1.087188720703125000e-03 1.450394659449987579e+06 1.278575472113826939e+00
2.000000000000000000e+02 1.090049743652343750e-03 1.415730940367567353e+06 9.323516622886729444e-01
2.010000000000000000e+02 1.087427139282226562e-03 1.162249776087280596e+06 -1.026685054326474278e+00
2.020000000000000000e+02 1.134872436523437500e-03 9.960629467188133858e+05 -2.234074952436562178e+00
2.030000000000000000e+02 1.135349273681640625e-03 9.081334977145693265e+05 -2.575919515003333604e+00
2.040000000000000000e+02 1.092910766601562500e-03 9.519171000032181619e+05 -1.936567415445423324e+00
2.050000000000000000e+02 1.090526580810546875e-03 9.102235155723817879e+05 -2.006113493522815094e+00
2.060000000000000000e+02 1.085996627807617188e-03 8.679704133905551862e+05 -2.056737493865592903e+00
2.070000000000000000e+02 1.113414764404296875e-03 8.812125665269560413e+05 -1.796515897525073679e+00
2.080000000000000000e+02 1.093864440917968750e-03 8.813530467470432632e+05 -1.663131561600818875e+00
2.090000000000000000e+02 1.082658767700195312e-03 9.005322502669942332e+05 -1.461873603182041181e+00
2.100000000000000000e+02 1.078128814697265625e-03 9.364330989013828803e+05 -1.211727262923389725e+00
2.110000000000000000e+02 1.115322113037109375e-03 9.281172777399891056e+05 -1.202899391581913058e+00
2.120000000000000000e+02 1.085519790649414062e-03 7.585752857231830712e+05 -1.965341355221360331e+00
2.130000000000000000e+02 1.093387603759765625e-03 6.934247019545347430e+05 -2.122884325195441235e+00
2.140000000000000000e+02 1.087427139282226562e-03 7.456068497136844089e+05 -1.731037721617945335e+00
2.150000000000000000e+02 1.091957092285156250e-03 7.795332076109857298e+05 -1.490066051016004200e+00
2.160000000000000000e+02 1.088142395019531250e-03 7.369892225616414798e+05 -1.600429694983065643e+00
2.170000000000000000e+02 1.095056533813476562e-03 7.443009361418911722e+05 -1.494086034941373597e+00
2.180000000000000000e+02 1.121520996093750000e-03 7.207568882724416908e+05 -1.524986949055120222e+00
2.190000000000000000e+02 1.170635223388671875e-03 7.346102597661834443e+05 -1.405508274849727401e+00
2.200000000000000000e+02 1.590251922607421875e-03 7.445752158953752369e+05 -1.314291712010491331e+00
2.210000000000000000e+02 1.115560531616210938e-03 8.365879886488248594e+05 -9.150695042401638668e-01
2.220000000000000000e+02 1.106739044189453125e-03 8.358781304338790942e+05 -8.975478627304916968e-01
2.230000000000000000e+02 1.831293106079101562e-03 8.367286373829620425e+05 -8.751688051172922256e-01
2.240000000000000000e+02 1.150369644165039062e-03 8.541352000714630121e+05 -7.896485656768089667e-01
2.250000000000000000e+02 1.114606857299804688e-03 9.043401577593153343e+05 -5.789513471768166220e-01
2.260000000000000000e+02 1.110076904296875000e-03 8.542657273071699310e+05 -7.677430245499834438e-01
2.270000000000000000e+02 1.105308532714843750e-03 8.531256226153955795e+05 -7.591242925731265245e-01
2.280000000000000000e+02 1.110792160034179688e-03 9.247651304450302850e+05 -4.615838643538138220e-01
2.290000000000000000e+02 1.099109649658203125e-03 8.672378170408424921e+05 -6.865783072265314591e-01
2.300000000000000000e+02 1.109361648559570312e-03 8.280044560741438763e+05 -8.346343036064242105e-01
2.310000000000000000e+02 1.146554946899414062e-03 9.048045982061984250e+05 -5.097878447746488906e-01
2.320000000000000000e+02 1.113653182983398438e-03 1.120221541226014961e+06 3.748179913248675943e-01
2.330000000000000000e+02 1.114845275878906250e-03 1.135830906739906408e+06 4.349505005686040704e-01
2.340000000000000000e+02 1.135349273681640625e-03 1.118293396266736789e+06 3.574312501825695487e-01
2.350000000000000000e+02 1.129865646362304688e-03 1.023526364907959360e+06 -4.235410162722028776e-02
2.360000000000000000e+02 1.149177551269531250e-03 1.045485923863592092e+06 5.067072925136460737e-02
2.370000000000000000e+02 1.130819320678710938e-03 1.056095400086985668e+06 9.539489486620410241e-02
2.380000000000000000e+02 1.116752624511718750e-03 9.923722379409247078e+05 -1.791825685049013850e-01
2.390000000000000000e+02 1.119136810302734375e-03 9.211673310622866265e+05 -4.861253312362381340e-01
2.400000000000000000e+02 1.220226287841796875e-03 9.059495353766158223e+05 -5.474567669522183433e-01
2.410000000000000000e+02 1.117944717407226562e-03 1.348136636747233570e+06 1.398769505192645868e+00
2.420000000000000000e+02 1.189231872558593750e-03 1.763036694022618933e+06 3.172105571603436758e+00
2.420000000000000000e+02 2.421617507934570312e-03 1.180915126480309758e+06 0.000000000000000000e+00
2.430000000000000000e+02 1.114368438720703125e-03 1.295360850080233533e+06 0.000000000000000000e+00
2.440000000000000000e+02 1.140832901000976562e-03 7.795773542303218273e+05 -5.666464831057056450e+00
2.450000000000000000e+02 1.126527786254882812e-03 6.938887776779024862e+05 -1.444991897515086166e+00
2.460000000000000000e+02 1.124858856201171875e-03 7.636064829284698935e+05 -7.579415672358226219e-01
2.470000000000000000e+02 1.115798950195312500e-03 8.023246735286142211e+05 -5.110161837184143963e-01
2.480000000000000000e+02 1.156330108642578125e-03 9.381270067782925908e+05 7.472352972171500407e-02
2.490000000000000000e+02 1.130342483520507812e-03 1.040265267363137566e+06 5.134923532497791543e-01
2.500000000000000000e+02 1.140832901000976562e-03 1.063564658789584180e+06 5.834363339376145152e-01
2.510000000000000000e+02 1.150608062744140625e-03 1.040831780212428886e+06 4.333354542729990766e-01
2.520000000000000000e+02 1.644849777221679688e-03 1.002497027500205557e+06 2.155873477197467469e-01
2.530000000000000000e+02 1.198291778564453125e-03 1.043809041868190514e+06 4.257075340555688814e-01
2.540000000000000000e+02 1.192092895507812500e-03 1.205521527436213102e+06 1.300089967350766207e+00
2.550000000000000000e+02 1.201391220092773438e-03 1.226256682939285412e+06 1.285080884007377966e+00
2.560000000000000000e+02 1.177310943603515625e-03 1.182368078488194849e+06 9.370531749007198208e-01
2.570000000000000000e+02 1.161575317382812500e-03 1.192217735690344358e+06 9.327888594558703117e-01
2.580000000000000000e+02 1.156568527221679688e-03 1.295021076269021956e+06 1.431409681613730722e+00
2.590000000000000000e+02 1.198768615722656250e-03 1.361891057511011371e+06 1.658500258260681592e+00
2.600000000000000000e+02 1.154661178588867188e-03 1.349688208028405905e+06 1.436716778202733247e+00
2.610000000000000000e+02 1.148939132690429688e-03 1.296938210149242077e+06 1.070036594544061526e+00
2.620000000000000000e+02 1.290798187255859375e-03 1.247907675844775047e+06 7.765026130551645478e-01
2.630000000000000000e+02 1.140117645263671875e-03 1.267204805066066328e+06 8.420874819758117358e-01
2.640000000000000000e+02 1.133441925048828125e-03 1.245392400349491276e+06 7.023477270645019921e-01
2.650000000000000000e+02 1.134157180786132812e-03 1.271599475127314217e+06 8.110273774528905522e-01
2.660000000000000000e+02 1.164913177490234375e-03 1.238052053507258883e+06 6.144952000254685354e-01
2.670000000000000000e+02 1.198291778564453125e-03 1.136166563201139681e+06 7.750259300172766819e-02
2.680000000000000000e+02 1.154422760009765625e-03 1.024165324578708853e+06 -5.077532228022769711e-01
2.690000000000000000e+02 1.384019851684570312e-03 1.041487637080722721e+06 -4.045468129243776079e-01
2.700000000000000000e+02 1.173019409179687500e-03 1.003319919396474143e+06 -6.014409918887345663e-01
2.710000000000000000e+02 1.281023025512695312e-03 9.485320762137463316e+05 -8.854799578533943949e-01
2.720000000000000000e+02 1.160860061645507812e-03 8.663263098869525129e+05 -1.308432179633433057e+00
2.730000000000000000e+02 1.175880432128906250e-03 8.309468319748789072e+05 -1.443692180599545516e+00
2.740000000000000000e+02 1.166820526123046875e-03 8.554000456849560142e+05 -1.246173242911269519e+00
2.750000000000000000e+02 1.173973083496093750e-03 9.044364123416424263e+05 -9.403828658308145405e-01
2.760000000000000000e+02 1.174449920654296875e-03 1.003326929418104584e+06 -3.920798062824346064e-01
2.770000000000000000e+02 1.237630844116210938e-03 1.244732385312674101e+06 9.062965658756638732e-01
2.780000000000000000e+02 1.277208328247070312e-03 1.172477752482384443e+06 4.958354039658267043e-01
2.790000000000000000e+02 1.179456710815429688e-03 1.165974265340635786e+06 4.523315333723704201e-01
2.800000000000000000e+02 1.238822937011718750e-03 1.142310597947990755e+06 3.154801335302259702e-01
2.810000000000000000e+02 1.169204711914062500e-03 1.174135905914907344e+06 4.877800013565987691e-01
2.820000000000000000e+02 1.180171966552734375e-03 1.199025571415221319e+06 6.198883199943048261e-01
2.830000000000000000e+02 1.176357269287109375e-03 1.225216970262768446e+06 7.575600565918638729e-01
2.840000000000000000e+02 1.217842102050781250e-03 1.159035401323725237e+06 3.675029220218624104e-01
2.850000000000000000e+02 1.175642013549804688e-03 1.055107446135233855e+06 -2.339527440919315360e-01
2.860000000000000000e+02 1.182079315185546875e-03 1.016188231141204131e+06 -4.571401252788314107e-01
2.870000000000000000e+02 1.178979873657226562e-03 1.010114314465526957e+06 -4.866639579008114613e-01
2.880000000000000000e+02 1.233816146850585938e-03 9.836992266750772251e+05 -6.362982765769493732e-01
2.890000000000000000e+02 1.206159591674804688e-03 1.017369010450572241e+06 -4.266010102927668135e-01
2.900000000000000000e+02 1.292467117309570312e-03 1.003479416536097531e+06 -5.047689096939529385e-01
2.910000000000000000e+02 1.307010650634765625e-03 9.781030511086934712e+05 -6.518730185680514655e-01
2.920000000000000000e+02 2.135276794433593750e-03 9.521416393124412280e+05 -8.006507188771254668e-01
2.930000000000000000e+02 1.195430755615234375e-03 9.141184420456138905e+05 -1.020122257861507009e+00
2.940000000000000000e+02 1.219511032104492188e-03 8.785052773196611088e+05 -1.217776082477301847e+00
2.950000000000000000e+02 1.219987869262695312e-03 9.339924956700236071e+05 -8.522427286094663712e-01
2.960000000000000000e+02 1.298427581787109375e-03 9.503983639866616577e+05 -7.387162341441637636e-01
2.970000000000000000e+02 1.256704330444335938e-03 1.016511024080804549e+06 -3.236196122136951736e-01
2.980000000000000000e+02 1.227855682373046875e-03 9.876068220537392190e+05 -4.989048012509521013e-01
2.990000000000000000e+02 1.199722290039062500e-03 9.657671318989315769e+05 -6.292378609265708578e-01
