1.717770156579302251e+07
1.000000000000000000e+00 1.266717910766601562e-03 1.440658134163579089e+05 0.000000000000000000e+00
2.000000000000000000e+00 1.247406005859375000e-03 1.595579145574648574e+05 9.466221596515067560e-01
3.000000000000000000e+00 1.252412796020507812e-03 9.228093011435975495e+04 -4.577081364485022230e-01
4.000000000000000000e+00 1.242399215698242188e-03 1.382207092773626500e+05 5.323947791037592081e-01
5.000000000000000000e+00 1.253843307495117188e-03 1.245021725691155734e+05 1.626011788169319794e-01
6.000000000000000000e+00 1.247406005859375000e-03 1.111405881374259334e+05 -1.873144444004320452e-01
7.000000000000000000e+00 1.254796981811523438e-03 1.379947506846846954e+05 5.674340683417161690e-01
8.000000000000000000e+00 1.242160797119140625e-03 1.370122660057431203e+05 4.954352268063046960e-01
9.000000000000000000e+00 1.249074935913085938e-03 1.194426528154597181e+05 -7.645288038999378810e-02
1.000000000000000000e+01 1.247167587280273438e-03 1.228072543971137347e+05 3.670550909677004758e-02
1.100000000000000000e+01 1.247406005859375000e-03 9.430089621486930992e+04 -9.441324758182429999e-01
1.200000000000000000e+01 1.233339309692382812e-03 1.179147951434555143e+05 -5.468246187317819806e-02
1.300000000000000000e+01 1.257181167602539062e-03 1.043485765904539585e+05 -5.435259115678994224e-01
1.400000000000000000e+01 1.258850097656250000e-03 1.187977447144470643e+05 1.857953626052305171e-02
1.500000000000000000e+01 1.260042190551757812e-03 9.805146841597427556e+04 -7.836023046368143508e-01
1.600000000000000000e+01 1.250267028808593750e-03 1.245898437278642814e+05 2.949685814041579368e-01
1.700000000000000000e+01 1.278162002563476562e-03 1.635450443237354339e+05 1.858640888980477968e+00
1.800000000000000000e+01 1.250982284545898438e-03 1.610797416879847588e+05 1.555567033172500224e+00
1.900000000000000000e+01 1.473426818847656250e-03 2.273046678375000774e+05 3.849589199529126926e+00
1.900000000000000000e+01 2.674579620361328125e-03 2.088379698527858709e+05 0.000000000000000000e+00
2.000000000000000000e+01 1.268148422241210938e-03 3.049075563793905312e+05 0.000000000000000000e+00
2.100000000000000000e+01 1.253843307495117188e-03 2.001907455023458751e+05 -8.344001567012689913e-01
2.200000000000000000e+01 1.257181167602539062e-03 2.484714039662762079e+05 1.805246348767676756e-01
2.300000000000000000e+01 1.254320144653320312e-03 1.900199287400696194e+05 -1.059388637725901861e+00
2.400000000000000000e+01 1.257181167602539062e-03 1.405206963432006305e+05 -1.908753892139188446e+00
2.500000000000000000e+01 1.264095306396484375e-03 1.343585070784685668e+05 -1.451083892039337409e+00
2.600000000000000000e+01 1.261234283447265625e-03 1.472188411639579281e+05 -9.519377440353181674e-01
2.700000000000000000e+01 1.249551773071289062e-03 1.424978391684741946e+05 -9.260322209841540531e-01
2.800000000000000000e+01 1.259565353393554688e-03 1.388186849296275468e+05 -8.993274195942568827e-01
2.900000000000000000e+01 1.255989074707031250e-03 9.782064362800939125e+04 -1.542463390797720546e+00
3.000000000000000000e+01 1.275539398193359375e-03 1.531961982945220952e+05 -4.060421259740302768e-01
3.100000000000000000e+01 1.254081726074218750e-03 2.421869250438185991e+05 1.153520635350631984e+00
3.200000000000000000e+01 1.269340515136718750e-03 2.470896850387866143e+05 1.138904481367792876e+00
3.300000000000000000e+01 1.276969909667968750e-03 1.936915818621395447e+05 1.404752439921704843e-01
3.400000000000000000e+01 1.260519027709960938e-03 1.468785341524172691e+05 -6.903082967940261661e-01
3.500000000000000000e+01 1.264572143554687500e-03 1.343511346024897357e+05 -8.847480515345854668e-01
3.600000000000000000e+01 1.254558563232421875e-03 1.132898569186458335e+05 -1.221588236200207289e+00
3.700000000000000000e+01 1.266241073608398438e-03 1.191769841331096395e+05 -1.034576154431232409e+00
3.800000000000000000e+01 1.245021820068359375e-03 1.410912253711351077e+05 -5.871802821509233272e-01
3.900000000000000000e+01 1.258850097656250000e-03 1.740379948009405052e+05 3.296290678431672283e-02
4.000000000000000000e+01 1.257658004760742188e-03 1.424516833305286418e+05 -5.588541817113632515e-01
4.100000000000000000e+01 1.266002655029296875e-03 1.610094498771138897e+05 -1.893792946617977868e-01
4.200000000000000000e+01 1.267433166503906250e-03 1.816677405833391822e+05 2.168647556648072017e-01
4.300000000000000000e+01 1.259326934814453125e-03 2.028981250479538285e+05 6.343957374049239428e-01
4.400000000000000000e+01 1.281261444091796875e-03 1.919639751755792822e+05 3.967261553157739318e-01
4.500000000000000000e+01 1.256704330444335938e-03 1.956697571919753100e+05 4.640526042206271073e-01
4.600000000000000000e+01 1.258611679077148438e-03 1.666815204781285138e+05 -1.494721452885925117e-01
4.700000000000000000e+01 1.257181167602539062e-03 1.706410332947483985e+05 -6.287751187208252823e-02
4.800000000000000000e+01 1.257181167602539062e-03 1.469309102399118710e+05 -5.736581997021246160e-01
4.900000000000000000e+01 1.292705535888671875e-03 1.820452056446996285e+05 2.059244446190530431e-01
5.000000000000000000e+01 1.261711120605468750e-03 1.905918060546637571e+05 3.923095542494788313e-01
5.100000000000000000e+01 1.318216323852539062e-03 1.749191412933956890e+05 3.251139379370691224e-02
5.200000000000000000e+01 1.257896423339843750e-03 1.704592345655949903e+05 -6.998806170392325721e-02
5.300000000000000000e+01 1.258611679077148438e-03 1.602339416648086335e+05 -3.064851784999115814e-01
5.400000000000000000e+01 1.342535018920898438e-03 1.866783688320464571e+05 3.208246803592942342e-01
5.500000000000000000e+01 1.289129257202148438e-03 1.876165235907611204e+05 3.383795996370093651e-01
5.600000000000000000e+01 1.266479492187500000e-03 1.505252240403122851e+05 -5.624853962458453704e-01
5.700000000000000000e+01 1.261472702026367188e-03 1.452227458217961248e+05 -6.821616270529335946e-01
5.800000000000000000e+01 1.259803771972656250e-03 2.092510291701976676e+05 9.029775372548463075e-01
5.900000000000000000e+01 1.491546630859375000e-03 3.082203328150867601e+05 3.319742343613148794e+00
5.900000000000000000e+01 2.705574035644531250e-03 1.394314102079355216e+05 0.000000000000000000e+00
6.000000000000000000e+01 1.259326934814453125e-03 2.258700184005826886e+05 0.000000000000000000e+00
6.100000000000000000e+01 1.259565353393554688e-03 1.980350935703016294e+05 2.517023152228347049e-01
6.200000000000000000e+01 1.271724700927734375e-03 2.243404592952132225e+05 8.286375336543156944e-01
6.300000000000000000e+01 1.254796981811523438e-03 2.195309064568304457e+05 5.597124972961826650e-01
6.400000000000000000e+01 1.269578933715820312e-03 2.179407558905187179e+05 4.530452506187167550e-01
6.500000000000000000e+01 1.260280609130859375e-03 2.559189374398138316e+05 1.555118424049198200e+00
6.600000000000000000e+01 1.279592514038085938e-03 2.435506997771251772e+05 8.852298248897929600e-01
6.700000000000000000e+01 1.274824142456054688e-03 2.567314682894012076e+05 1.166027761075497882e+00
6.800000000000000000e+01 1.251697540283203125e-03 2.730418185924104182e+05 1.479433182711219708e+00
6.900000000000000000e+01 1.268148422241210938e-03 2.174091654105365160e+05 -2.134020772254685006e-01
7.000000000000000000e+01 1.260995864868164062e-03 2.296100108557933709e+05 1.369737711590562901e-01
7.100000000000000000e+01 1.263141632080078125e-03 2.327780539077272697e+05 2.243600745089130433e-01
7.200000000000000000e+01 1.253843307495117188e-03 2.843044642249729368e+05 1.788743020783307935e+00
7.300000000000000000e+01 1.277685165405273438e-03 2.491035465752108721e+05 5.464710075565559766e-01
7.400000000000000000e+01 1.259565353393554688e-03 2.651887082273458363e+05 9.935212347977281366e-01
7.500000000000000000e+01 1.271486282348632812e-03 2.434667384458695597e+05 2.977160532148427907e-01
7.600000000000000000e+01 3.402233123779296875e-03 2.519287221212705481e+05 5.437817087518965753e-01
7.700000000000000000e+01 1.248359680175781250e-03 2.673355842755151680e+05 9.996198298795837545e-01
7.800000000000000000e+01 1.272916793823242188e-03 2.773828021922060871e+05 1.258506008412061616e+00
7.900000000000000000e+01 1.267194747924804688e-03 2.828453038634158438e+05 1.346408677994553882e+00
8.000000000000000000e+01 1.264572143554687500e-03 3.195255169261133997e+05 2.357198169844038738e+00
8.100000000000000000e+01 1.318931579589843750e-03 2.408481872200029320e+05 -9.492556476942223820e-02
8.200000000000000000e+01 1.246690750122070312e-03 2.954078502589559066e+05 1.429047694717092920e+00
8.300000000000000000e+01 3.926014900207519531e-01 5.377701183572467417e+05 7.966238798543764155e+00
8.300000000000000000e+01 7.925033569335937500e-04 3.968243663639502483e+04 0.000000000000000000e+00
8.400000000000000000e+01 4.301698207855224609e-01 3.275879187437117798e+05 9.553347767219442233e+00
8.400000000000000000e+01 7.741451263427734375e-04 4.498765521664213884e+04 0.000000000000000000e+00
8.500000000000000000e+01 3.955204486846923828e-01 3.504123482747338130e+05 8.894099174677723596e+00
8.500000000000000000e+01 7.767677307128906250e-04 4.188303938126152934e+04 0.000000000000000000e+00
8.600000000000000000e+01 4.770205020904541016e-01 2.929205878161803703e+05 7.769372263941950685e+00
8.600000000000000000e+01 7.934570312500000000e-04 4.752103029052569764e+04 0.000000000000000000e+00
8.700000000000000000e+01 1.485824584960937500e-03 1.858099254448878055e+05 3.408334947606963983e+00
8.700000000000000000e+01 2.701997756958007812e-03 1.954908389277046663e+05 0.000000000000000000e+00
8.800000000000000000e+01 1.248836517333984375e-03 1.603465859201347339e+05 0.000000000000000000e+00
8.900000000000000000e+01 1.232862472534179688e-03 1.872396048550491396e+05 3.750750510100382962e-01
9.000000000000000000e+01 1.455307006835937500e-03 2.645329227608956862e+05 4.543948048248767968e+00
9.000000000000000000e+01 2.654075622558593750e-03 2.456659346501604305e+05 0.000000000000000000e+00
9.100000000000000000e+01 1.243591308593750000e-03 1.772954352528933086e+05 0.000000000000000000e+00
9.200000000000000000e+01 1.240730285644531250e-03 1.781166101014110027e+05 -6.901211423790033495e-01
9.300000000000000000e+01 1.246213912963867188e-03 2.157354692571655323e+05 3.918604567890905388e-01
9.400000000000000000e+01 1.247406005859375000e-03 1.468760045623649785e+05 -1.739940394304057891e+00
9.500000000000000000e+01 1.248598098754882812e-03 2.092121985955339915e+05 4.294704655555230954e-01
9.600000000000000000e+01 1.243114471435546875e-03 1.725601692657055100e+05 -6.556516115244330756e-01
9.700000000000000000e+01 1.249790191650390625e-03 1.724486252560293069e+05 -5.974963829715148611e-01
9.800000000000000000e+01 1.242399215698242188e-03 1.680852512559746392e+05 -6.894861864531031115e-01
9.900000000000000000e+01 1.258850097656250000e-03 1.247728170634366252e+05 -2.068050881409530639e+00
1.000000000000000000e+02 1.250743865966796875e-03 1.424956935748154938e+05 -1.111519560225679548e+00
1.010000000000000000e+02 1.256227493286132812e-03 1.516919083753947343e+05 -7.409812471851049409e-01
1.020000000000000000e+02 1.241922378540039062e-03 1.287075571762246400e+05 -1.368626276824563170e+00
1.030000000000000000e+02 1.252889633178710938e-03 1.297615167967647139e+05 -1.196648042194231598e+00
1.040000000000000000e+02 1.248598098754882812e-03 1.557314423660498869e+05 -3.676491280968438580e-01
1.050000000000000000e+02 1.251935958862304688e-03 1.150448211171168514e+05 -1.535019923579044931e+00
1.060000000000000000e+02 1.243352890014648438e-03 1.557331367566700501e+05 -2.485658745768895284e-01
1.070000000000000000e+02 1.250743865966796875e-03 1.540715995709570707e+05 -2.889596739528628166e-01
1.080000000000000000e+02 1.243591308593750000e-03 1.539296040757072333e+05 -2.848160173410155260e-01
1.090000000000000000e+02 1.248836517333984375e-03 1.553064458977034374e+05 -2.351992812021297674e-01
1.100000000000000000e+02 1.238822937011718750e-03 1.413071386934099137e+05 -6.654939450449238736e-01
1.110000000000000000e+02 1.244306564331054688e-03 1.920014453136730881e+05 9.599825706767362021e-01
1.120000000000000000e+02 1.240730285644531250e-03 1.457589023164540413e+05 -5.475935340653852457e-01
1.130000000000000000e+02 1.240253448486328125e-03 1.776764265745919547e+05 4.965909278415966410e-01
1.140000000000000000e+02 1.245021820068359375e-03 1.758692490035158407e+05 4.247439487127419588e-01
1.150000000000000000e+02 1.241683959960937500e-03 1.729690092453108809e+05 3.181818986364906010e-01
1.160000000000000000e+02 1.256704330444335938e-03 1.881337560368434933e+05 8.270694600910123429e-01
1.170000000000000000e+02 1.243829727172851562e-03 1.990632886464121984e+05 1.175672495602539502e+00
1.180000000000000000e+02 1.255512237548828125e-03 2.061235109628453210e+05 1.366851892469110208e+00
1.190000000000000000e+02 1.245975494384765625e-03 2.285067482061895716e+05 2.051646086700881000e+00
1.200000000000000000e+02 1.257896423339843750e-03 1.983012543196809420e+05 9.229118329909982155e-01
1.210000000000000000e+02 1.248359680175781250e-03 1.444354964230913029e+05 -8.267237387040428098e-01
1.220000000000000000e+02 1.250505447387695312e-03 1.661093696775201533e+05 -1.084051216016074376e-01
1.230000000000000000e+02 1.244306564331054688e-03 1.726920569464798609e+05 1.082190473062373121e-01
1.240000000000000000e+02 1.256227493286132812e-03 1.994445679919506365e+05 9.938177431495042180e-01
1.250000000000000000e+02 1.243591308593750000e-03 1.803505885950631346e+05 3.324229541419109202e-01
1.260000000000000000e+02 1.254081726074218750e-03 1.705776847506631457e+05 -1.109613166994907881e-03
1.270000000000000000e+02 1.260519027709960938e-03 1.656087386393767374e+05 -1.704871230731258847e-01
1.280000000000000000e+02 1.254081726074218750e-03 1.877221141422472137e+05 5.957224813316582823e-01
1.290000000000000000e+02 1.245260238647460938e-03 2.565920808637920709e+05 2.985496741736853199e+00
1.300000000000000000e+02 1.266002655029296875e-03 2.548218043248128379e+05 2.603975119656869897e+00
1.310000000000000000e+02 1.525402069091796875e-03 3.099321504921354353e+05 4.022598715703963101e+00
1.310000000000000000e+02 2.723217010498046875e-03 2.404969864276262815e+05 0.000000000000000000e+00
1.320000000000000000e+02 1.251697540283203125e-03 2.454232481276989274e+05 0.000000000000000000e+00
1.330000000000000000e+02 1.241683959960937500e-03 2.026932539785836416e+05 -1.155966687497363843e+01
1.340000000000000000e+02 1.260280609130859375e-03 1.819217083983575576e+05 -2.036774096515194366e+00
1.350000000000000000e+02 1.256227493286132812e-03 2.034170325478540326e+05 -4.658896624315129187e-01
1.360000000000000000e+02 1.239299774169921875e-03 2.164064090261728270e+05 5.945175462426563473e-02
1.370000000000000000e+02 1.248121261596679688e-03 2.065181949977903278e+05 -3.512097080673897143e-01
1.380000000000000000e+02 1.249551773071289062e-03 2.006981133069494099e+05 -5.857576819935651491e-01
1.390000000000000000e+02 4.241373538970947266e-01 6.258014092896995135e+05 1.943262987723750257e+01
1.390000000000000000e+02 7.963180541992187500e-04 2.591544727285146655e+04 0.000000000000000000e+00
1.400000000000000000e+02 4.857108592987060547e-01 3.627984662589397631e+05 1.767669842067899211e+01
1.400000000000000000e+02 7.851123809814453125e-04 3.626865529621468886e+04 0.000000000000000000e+00
1.410000000000000000e+02 4.947218894958496094e-01 3.238373247543497710e+05 1.050597815785516076e+01
1.410000000000000000e+02 8.091926574707031250e-04 3.130206190154904107e+04 0.000000000000000000e+00
1.420000000000000000e+02 5.166687965393066406e-01 4.121733539895761642e+05 1.650049278473205305e+01
1.420000000000000000e+02 7.808208465576171875e-04 3.439072486534382188e+04 0.000000000000000000e+00
1.430000000000000000e+02 8.806228637695312500e-03 1.596201341051908385e+05 4.442570338106462735e+00
1.430000000000000000e+02 1.479959487915039062e-02 1.526964279567744234e+05 0.000000000000000000e+00
1.440000000000000000e+02 1.248598098754882812e-03 1.187853633495621616e+05 0.000000000000000000e+00
1.450000000000000000e+02 1.239776611328125000e-03 1.206882037171497650e+05 -6.277514826713525009e-01
1.460000000000000000e+02 1.255989074707031250e-03 1.166522888114998204e+05 -7.385199874371068951e-01
1.470000000000000000e+02 1.237392425537109375e-03 1.241604328557964473e+05 -1.783527810856841977e-01
1.480000000000000000e+02 1.247882843017578125e-03 1.115525116117515281e+05 -1.013146616712120585e+00
1.490000000000000000e+02 1.236677169799804688e-03 1.311108759117645386e+05 4.798677471214293222e-01
1.500000000000000000e+02 1.248836517333984375e-03 1.165946503338522598e+05 -6.239696191639070300e-01
1.510000000000000000e+02 1.238584518432617188e-03 1.493549196397075430e+05 1.953855609919982861e+00
1.520000000000000000e+02 1.250743865966796875e-03 1.140342440549280145e+05 -8.670661669668692229e-01
1.530000000000000000e+02 1.234769821166992188e-03 1.057303085550643445e+05 -1.367224934304154260e+00
1.540000000000000000e+02 1.250743865966796875e-03 1.384904686137444514e+05 9.817375465353542774e-01
1.550000000000000000e+02 1.242160797119140625e-03 1.318574380253053096e+05 4.602998446231366669e-01
1.560000000000000000e+02 1.253128051757812500e-03 1.616508777980299201e+05 2.506602719129067403e+00
1.570000000000000000e+02 1.234531402587890625e-03 1.398517371582698543e+05 6.961668392863672450e-01
1.580000000000000000e+02 1.253604888916015625e-03 1.433852053838365537e+05 8.763359592457319325e-01
1.590000000000000000e+02 1.242637634277343750e-03 1.621078802490447706e+05 1.971243513330951602e+00
1.600000000000000000e+02 2.087903022766113281e-02 1.482774611694050254e+05 9.369514913219249008e-01
1.610000000000000000e+02 1.239538192749023438e-03 1.545515368263829441e+05 1.245536426176151679e+00
1.620000000000000000e+02 9.100198745727539062e-03 1.584536794292932900e+05 1.383556476248080314e+00
1.630000000000000000e+02 1.241445541381835938e-03 1.540097053463339398e+05 1.043107431167862753e+00
1.640000000000000000e+02 5.379774570465087891e-01 2.668438804213816766e+05 7.178189581580180167e+00
1.640000000000000000e+02 7.762908935546875000e-04 3.349627901844494045e+04 0.000000000000000000e+00
1.650000000000000000e+02 4.400312900543212891e-01 2.829910400636125705e+05 9.826566962599072141e+00
1.650000000000000000e+02 8.001327514648437500e-04 3.529630275349050498e+04 0.000000000000000000e+00
1.660000000000000000e+02 1.494407653808593750e-03 1.727402716744846257e+05 4.799847481756304823e+00
1.660000000000000000e+02 2.732515335083007812e-03 1.764984017123491503e+05 0.000000000000000000e+00
1.670000000000000000e+02 1.268386840820312500e-03 1.385398029785247636e+05 0.000000000000000000e+00
1.680000000000000000e+02 1.274824142456054688e-03 1.973033488075033238e+05 1.482231241199968741e+00
1.690000000000000000e+02 1.462221145629882812e-03 1.847592577190142474e+05 4.691461931304200528e-01
1.700000000000000000e+02 1.493215560913085938e-03 2.811920588329828461e+05 4.223871002027026478e+00
1.700000000000000000e+02 2.720594406127929688e-03 2.468431423676141712e+05 0.000000000000000000e+00
1.710000000000000000e+02 1.267194747924804688e-03 2.078733060978142603e+05 0.000000000000000000e+00
1.720000000000000000e+02 1.266479492187500000e-03 1.237997623173198954e+05 -3.758131810595884303e+00
1.730000000000000000e+02 1.266241073608398438e-03 2.151920610411017260e+05 3.554669542939750682e-01
1.740000000000000000e+02 1.268863677978515625e-03 2.599091861022321682e+05 1.170034441091500232e+00
1.750000000000000000e+02 1.281023025512695312e-03 1.886124500216445304e+05 -4.158649189871631013e-01
1.760000000000000000e+02 1.266002655029296875e-03 1.960043223228790448e+05 -2.279527056601443613e-01
1.770000000000000000e+02 1.275777816772460938e-03 1.716760322811303195e+05 -7.612259785457623495e-01
1.780000000000000000e+02 1.265287399291992188e-03 1.587352944204790110e+05 -9.932508472667257449e-01
1.790000000000000000e+02 1.278877258300781250e-03 2.032569326276289066e+05 1.587485202167515930e-01
1.800000000000000000e+02 1.230001449584960938e-03 1.775508728125009511e+05 -4.898803575010579059e-01
1.810000000000000000e+02 6.072065830230712891e-01 4.692683182660749881e+05 7.114988037071914739e+00
1.810000000000000000e+02 7.970333099365234375e-04 3.875615738542457257e+04 0.000000000000000000e+00
1.820000000000000000e+02 4.968271255493164062e-01 5.173665817759694182e+05 1.675740463915369105e+01
1.820000000000000000e+02 7.874965667724609375e-04 5.972927672468645324e+04 0.000000000000000000e+00
1.830000000000000000e+02 5.109424591064453125e-01 3.614243935103145777e+05 6.436146063253614713e+00
1.830000000000000000e+02 9.531974792480468750e-04 5.748178704554960859e+04 0.000000000000000000e+00
1.840000000000000000e+02 1.564741134643554688e-03 2.160513605038071400e+05 3.194150519437801261e+00
1.840000000000000000e+02 3.100156784057617188e-03 2.168080384321198217e+05 0.000000000000000000e+00
1.850000000000000000e+02 1.269817352294921875e-03 2.245887805053559423e+05 0.000000000000000000e+00
1.860000000000000000e+02 1.471996307373046875e-03 2.470958674710765772e+05 4.797954072721866581e+00
1.860000000000000000e+02 2.674102783203125000e-03 2.658228142108365428e+05 0.000000000000000000e+00
1.870000000000000000e+02 1.250505447387695312e-03 2.258373191966133600e+05 0.000000000000000000e+00
1.880000000000000000e+02 1.243114471435546875e-03 3.030091837544180453e+05 2.022320413661128580e+00
1.890000000000000000e+02 1.250028610229492188e-03 3.130735137682439527e+05 1.248464838116437603e+00
1.900000000000000000e+02 1.248836517333984375e-03 2.752144111500623403e+05 -4.339414384344627423e-02
1.910000000000000000e+02 1.252651214599609375e-03 2.203643243414461613e+05 -1.636370509943046114e+00
1.920000000000000000e+02 1.247882843017578125e-03 2.263929735933275078e+05 -1.064333327700519360e+00
1.930000000000000000e+02 1.252889633178710938e-03 2.374679849391613097e+05 -6.250830980980046636e-01
1.940000000000000000e+02 1.245021820068359375e-03 2.380422531627692224e+05 -5.588598953380229384e-01
1.950000000000000000e+02 1.255273818969726562e-03 2.661438075003945269e+05 2.880748106940805853e-01
1.960000000000000000e+02 1.271724700927734375e-03 1.850720111486972601e+05 -2.190039431683094673e+00
1.970000000000000000e+02 1.275062561035156250e-03 1.878688843852090067e+05 -1.648936303566927553e+00
1.980000000000000000e+02 1.409769058227539062e-03 1.884629236361549119e+05 -1.403711057056533651e+00
1.990000000000000000e+02 1.385927200317382812e-03 2.168955713244344806e+05 -5.749659119779549910e-01
2.000000000000000000e+02 1.249790191650390625e-03 2.360658273526930716e+05 -7.841278193603114233e-02
2.010000000000000000e+02 1.251459121704101562e-03 2.689128925619854126e+05 7.601528783437956349e-01
2.020000000000000000e+02 1.238346099853515625e-03 1.951787300493282091e+05 -1.182376688013863975e+00
2.030000000000000000e+02 1.244068145751953125e-03 2.593502822777994443e+05 5.408156351892268177e-01
2.040000000000000000e+02 1.245021820068359375e-03 2.208635784398666001e+05 -4.849411392611395755e-01
2.050000000000000000e+02 1.250505447387695312e-03 2.274336844043476449e+05 -2.939372616797958360e-01
2.060000000000000000e+02 1.256465911865234375e-03 2.474544197456357069e+05 2.626832175876034348e-01
2.070000000000000000e+02 1.255750656127929688e-03 2.633071643288533669e+05 7.013997088364171129e-01
2.080000000000000000e+02 1.264095306396484375e-03 2.234096179949555953e+05 -4.566689740285473365e-01
2.090000000000000000e+02 1.245021820068359375e-03 2.450158335916960496e+05 1.810561897549871901e-01
2.100000000000000000e+02 1.259565353393554688e-03 2.270391160662699840e+05 -3.549174702391866276e-01
2.110000000000000000e+02 1.242399215698242188e-03 2.375320065402009641e+05 -3.064401258555720167e-02
2.120000000000000000e+02 1.252889633178710938e-03 2.497346244125677913e+05 3.455737209932480125e-01
2.130000000000000000e+02 1.412868499755859375e-03 2.567786664164832036e+05 5.592188151606861668e-01
2.140000000000000000e+02 1.279115676879882812e-03 2.555628011198946042e+05 5.077743364591180697e-01
2.150000000000000000e+02 1.356124877929687500e-03 2.457117137101041735e+05 1.800730729872870306e-01
2.160000000000000000e+02 1.261711120605468750e-03 2.161274342703644070e+05 -7.909562778302667851e-01
2.170000000000000000e+02 1.252651214599609375e-03 2.555976364893573627e+05 5.295324143580795173e-01
2.180000000000000000e+02 1.241922378540039062e-03 2.036398705484678503e+05 -1.212716310522589991e+00
2.190000000000000000e+02 1.259088516235351562e-03 2.643422048496824573e+05 8.417527920749389159e-01
2.200000000000000000e+02 1.464605331420898438e-03 3.543427605351966340e+05 3.815177250536566422e+00
2.200000000000000000e+02 2.672672271728515625e-03 1.797494437696175009e+05 0.000000000000000000e+00
2.210000000000000000e+02 1.262664794921875000e-03 2.948692051082963008e+05 0.000000000000000000e+00
2.220000000000000000e+02 1.259565353393554688e-03 2.842442255553082796e+05 5.765819259484751269e-01
2.230000000000000000e+02 1.278400421142578125e-03 2.565579338342444098e+05 5.664371771793550586e-02
2.240000000000000000e+02 1.302480697631835938e-03 2.493085803842312307e+05 -8.747488949725823471e-02
2.250000000000000000e+02 1.259803771972656250e-03 2.344776860069206450e+05 -4.098695832000414097e-01
2.260000000000000000e+02 1.437902450561523438e-03 1.581125795148248435e+05 -2.237883374063383002e+00
2.270000000000000000e+02 1.291036605834960938e-03 1.936654085667528270e+05 -8.445666874705987093e-01
2.280000000000000000e+02 2.204418182373046875e-03 1.782335822905520035e+05 -1.070567633262876184e+00
2.290000000000000000e+02 1.379489898681640625e-03 2.529168513949613844e+05 5.523315734044642600e-01
2.300000000000000000e+02 1.295089721679687500e-03 2.591882887830750260e+05 6.500454920493726751e-01
2.310000000000000000e+02 1.479148864746093750e-03 3.794749403975564637e+05 3.215924161532174530e+00
2.310000000000000000e+02 2.690315246582031250e-03 3.388434018556234078e+05 0.000000000000000000e+00
2.320000000000000000e+02 1.259088516235351562e-03 6.184694129660231993e+05 0.000000000000000000e+00
2.330000000000000000e+02 1.277923583984375000e-03 5.648174951505929930e+05 4.357612453381262130e-01
2.340000000000000000e+02 1.245498657226562500e-03 4.132087194964405498e+05 -6.345600019756376664e-01
2.350000000000000000e+02 1.276969909667968750e-03 2.473577821661992057e+05 -1.819139327291079189e+00
2.360000000000000000e+02 1.280546188354492188e-03 2.670465101062469766e+05 -1.097320922065737614e+00
2.370000000000000000e+02 1.278400421142578125e-03 2.796287416991444188e+05 -8.326895684054659297e-01
2.380000000000000000e+02 1.307010650634765625e-03 2.694424058457659557e+05 -8.074335306861852857e-01
2.390000000000000000e+02 1.435756683349609375e-03 2.507591672063884907e+05 -8.584851705259615162e-01
2.400000000000000000e+02 1.257658004760742188e-03 2.384332618204430910e+05 -8.672703638846955831e-01
2.410000000000000000e+02 1.547336578369140625e-03 9.683086851564537501e+05 4.462116596892103715e+00
2.410000000000000000e+02 2.804756164550781250e-03 9.072046150956001366e+05 0.000000000000000000e+00
2.420000000000000000e+02 1.253366470336914062e-03 1.038888556056818925e+06 0.000000000000000000e+00
2.430000000000000000e+02 1.230478286743164062e-03 1.004664295362926787e+06 3.395569244447246282e-01
2.440000000000000000e+02 1.248121261596679688e-03 4.125449423879953683e+05 -8.357638074623810809e+00
2.450000000000000000e+02 1.238107681274414062e-03 4.241958682211923879e+05 -1.432113237845974218e+00
2.460000000000000000e+02 1.239538192749023438e-03 5.473701837110897759e+05 -6.705784153097331668e-01
2.470000000000000000e+02 1.233100891113281250e-03 5.550959367875840981e+05 -5.710591794661243892e-01
2.480000000000000000e+02 1.257419586181640625e-03 6.812584695176756941e+05 -6.294975417383193161e-02
2.490000000000000000e+02 1.245737075805664062e-03 5.765926621789906640e+05 -4.705351394746309923e-01
2.500000000000000000e+02 1.240253448486328125e-03 4.994808179781055660e+05 -7.602725655395023985e-01
2.510000000000000000e+02 1.231431961059570312e-03 4.032759270860969555e+05 -1.112664688382263956e+00
2.520000000000000000e+02 1.249074935913085938e-03 3.202949928389121196e+05 -1.356172315797105732e+00
2.530000000000000000e+02 1.381397247314453125e-03 3.166185315260443604e+05 -1.221206434216531855e+00
2.540000000000000000e+02 1.258134841918945312e-03 3.529694089096428943e+05 -9.631141331240047343e-01
2.550000000000000000e+02 1.500844955444335938e-03 3.729373201763510588e+05 -8.180179828795972607e-01
2.560000000000000000e+02 3.409147262573242188e-03 4.104192400760889286e+05 -6.195949857062174049e-01
2.570000000000000000e+02 3.549337387084960938e-03 3.796740124449265422e+05 -7.230637114856884873e-01
2.580000000000000000e+02 1.273155212402343750e-03 3.966540853827996179e+05 -6.189757230608067262e-01
2.590000000000000000e+02 1.262426376342773438e-03 4.280115556430129218e+05 -4.591782352600677908e-01
2.600000000000000000e+02 1.240491867065429688e-03 5.172563609155936283e+05 -4.701013462342597954e-02
2.610000000000000000e+02 1.236677169799804688e-03 4.951889853616754408e+05 -1.469856290221670247e-01
2.620000000000000000e+02 1.250743865966796875e-03 4.895104392086913576e+05 -1.702237486848650894e-01
2.630000000000000000e+02 1.236438751220703125e-03 5.000956050154099357e+05 -1.154605648300379012e-01
2.640000000000000000e+02 1.261234283447265625e-03 4.502326545952783199e+05 -3.584574787877675139e-01
2.650000000000000000e+02 1.242399215698242188e-03 4.414648053889689618e+05 -3.942705271297631264e-01
2.660000000000000000e+02 1.245260238647460938e-03 4.314836543821134255e+05 -4.364012599069151954e-01
2.670000000000000000e+02 1.243591308593750000e-03 3.935281139745448017e+05 -6.238671204941963477e-01
2.680000000000000000e+02 1.225233078002929688e-03 4.149516019023581175e+05 -4.954344333669153388e-01
2.690000000000000000e+02 1.235961914062500000e-03 4.571986410324172466e+05 -2.592213712508810164e-01
2.700000000000000000e+02 4.387617111206054688e-03 3.756445004016811145e+05 -6.971740148424292460e-01
2.710000000000000000e+02 1.226186752319335938e-03 3.347679026818426210e+05 -9.040790248250243355e-01
2.720000000000000000e+02 1.374483108520507812e-03 3.306447424045241205e+05 -9.006422965506285516e-01
2.730000000000000000e+02 1.232385635375976562e-03 2.950603962701683631e+05 -1.071799311819191303e+00
2.740000000000000000e+02 1.295804977416992188e-03 2.888435746597684338e+05 -1.071704269072480731e+00
2.750000000000000000e+02 1.242160797119140625e-03 3.048278868185850442e+05 -9.505241660797261183e-01
2.760000000000000000e+02 1.223325729370117188e-03 3.460800142643272993e+05 -6.978869030763952264e-01
2.770000000000000000e+02 1.226902008056640625e-03 4.485819114935985417e+05 -1.149671960604063820e-01
2.780000000000000000e+02 1.224517822265625000e-03 3.951079595412632334e+05 -4.142603179783120315e-01
2.790000000000000000e+02 1.239299774169921875e-03 3.857733017727087718e+05 -4.610931245694791514e-01
2.800000000000000000e+02 1.221179962158203125e-03 3.306948602840419626e+05 -7.707619554733523559e-01
2.810000000000000000e+02 1.231431961059570312e-03 3.417381246011717012e+05 -6.917300020443185593e-01
2.820000000000000000e+02 1.228570938110351562e-03 3.610492096321810386e+05 -5.669971823209701833e-01
2.830000000000000000e+02 1.233339309692382812e-03 3.735786369938058779e+05 -4.846393794014103307e-01
2.840000000000000000e+02 1.224994659423828125e-03 3.326349182497896836e+05 -7.203494567531815163e-01
2.850000000000000000e+02 1.222133636474609375e-03 3.138339981251810095e+05 -8.200805682063949664e-01
2.860000000000000000e+02 1.215934753417968750e-03 3.542733232426412869e+05 -5.630775340695451936e-01
2.870000000000000000e+02 1.242637634277343750e-03 4.172428137799075339e+05 -1.754889138653427105e-01
2.880000000000000000e+02 1.231193542480468750e-03 4.023490642027492286e+05 -2.643454060242581560e-01
2.890000000000000000e+02 1.221656799316406250e-03 3.152165122033533989e+05 -7.976989296711163302e-01
2.900000000000000000e+02 1.225948333740234375e-03 2.872993410659049987e+05 -9.569976594782209078e-01
2.910000000000000000e+02 1.231670379638671875e-03 2.702107252503810450e+05 -1.044537358618301992e+00
2.920000000000000000e+02 1.235008239746093750e-03 3.319703048852351494e+05 -6.416106377481403111e-01
2.930000000000000000e+02 1.214027404785156250e-03 3.194899147762482753e+05 -7.105786296830857163e-01
2.940000000000000000e+02 1.220941543579101562e-03 3.065193653471200378e+05 -7.816162332156828541e-01
2.950000000000000000e+02 1.220941543579101562e-03 3.026353810635927366e+05 -7.944145763588624787e-01
2.960000000000000000e+02 1.229286193847656250e-03 2.597783776335338480e+05 -1.052462780357475758e+00
2.970000000000000000e+02 1.224756240844726562e-03 3.324380217808525776e+05 -5.759085884483059470e-01
2.980000000000000000e+02 1.217842102050781250e-03 4.025393653790985700e+05 -1.257171106990080667e-01
2.990000000000000000e+02 1.218080520629882812e-03 4.186955945856953040e+05 -2.151726814726668754e-02
