2.141807709433183447e+07
1.000000000000000000e+00 2.148919105529785156e-01 1.437379246714973706e+05 0.000000000000000000e+00
2.000000000000000000e+00 2.859883308410644531e-01 1.438819865630887507e+05 7.111415102841567304e-01
3.000000000000000000e+00 1.872632503509521484e-01 8.671326231969169748e+04 -1.378347977117693413e+00
4.000000000000000000e+00 2.270367145538330078e-01 1.305680252585197886e+05 4.383541724391027405e-01
5.000000000000000000e+00 2.285187244415283203e-01 1.054056900196252245e+05 -5.135004709110289056e-01
6.000000000000000000e+00 2.597036361694335938e-01 1.191190001520510559e+05 7.312583836368299894e-02
7.000000000000000000e+00 2.561800479888916016e-01 1.361351314040904690e+05 8.008498730474112870e-01
8.000000000000000000e+00 3.783402442932128906e-01 1.321562464310944779e+05 5.469493615924482244e-01
9.000000000000000000e+00 2.745299339294433594e-01 1.238757893346242636e+05 1.239636413299970430e-01
1.000000000000000000e+01 2.861051559448242188e-01 1.354408359712358506e+05 6.898254824807246166e-01
1.100000000000000000e+01 3.792915344238281250e-01 1.372777486999760731e+05 7.391786807977780427e-01
1.200000000000000000e+01 3.670108318328857422e-01 1.638488224861678027e+05 2.077435839382387073e+00
1.300000000000000000e+01 3.801262378692626953e-01 1.519947280455484870e+05 1.163581963590204493e+00
1.400000000000000000e+01 4.096028804779052734e-01 1.563519261382485274e+05 1.271049342739322574e+00
1.500000000000000000e+01 3.563389778137207031e-01 1.389422431914770568e+05 3.759829306107628777e-01
1.600000000000000000e+01 4.397509098052978516e-01 1.515061660938459099e+05 9.500307864279269321e-01
1.700000000000000000e+01 4.482750892639160156e-01 1.866819330366389186e+05 2.549308859730635923e+00
1.800000000000000000e+01 4.208908081054687500e-01 2.092894653844975110e+05 3.039674146502312713e+00
1.800000000000000000e+01 8.977925777435302734e-01 1.409692461577581416e+05 0.000000000000000000e+00
1.900000000000000000e+01 4.554977416992187500e-01 2.664710770578570082e+05 0.000000000000000000e+00
2.000000000000000000e+01 4.529294967651367188e-01 3.361337603519532131e+05 1.492098607992915493e+00
2.100000000000000000e+01 4.409794807434082031e-01 2.280665702268288005e+05 -2.001064288164171312e-01
2.200000000000000000e+01 6.447637081146240234e-01 3.048599741796065937e+05 7.614343002234155167e-01
2.300000000000000000e+01 4.776008129119873047e-01 2.933316874908856698e+05 5.023293934912171910e-01
2.400000000000000000e+01 5.615034103393554688e-01 2.319744690587868681e+05 -4.269798383363164751e-01
2.500000000000000000e+01 6.771996021270751953e-01 2.261232341806635959e+05 -4.856430808968502100e-01
2.600000000000000000e+01 5.396194458007812500e-01 2.102697042542836571e+05 -7.127093955939092229e-01
2.700000000000000000e+01 6.063609123229980469e-01 1.597560994986438891e+05 -1.519485728530243662e+00
2.800000000000000000e+01 6.454305648803710938e-01 2.307212509018575656e+05 -1.465158405688949395e-01
2.900000000000000000e+01 5.410654544830322266e-01 1.816751874853097252e+05 -9.740887406111148339e-01
3.000000000000000000e+01 6.177878379821777344e-01 1.886917238093113119e+05 -7.782457676034804095e-01
3.100000000000000000e+01 5.776362419128417969e-01 2.797590702255308861e+05 8.549699574376904421e-01
3.200000000000000000e+01 7.249066829681396484e-01 3.172745857166709611e+05 1.465864093394124490e+00
3.300000000000000000e+01 7.348811626434326172e-01 3.106873521259765257e+05 1.209234863582306030e+00
3.400000000000000000e+01 6.415894031524658203e-01 3.263027915251585073e+05 1.382813551127518803e+00
3.500000000000000000e+01 7.802548408508300781e-01 1.668656830932726152e+05 -1.349636980461566216e+00
3.600000000000000000e+01 6.667859554290771484e-01 1.214573326379369973e+05 -1.979276251482209315e+00
3.700000000000000000e+01 7.605466842651367188e-01 1.422435493569443643e+05 -1.436198683876851900e+00
3.800000000000000000e+01 6.998984813690185547e-01 2.028647328515199188e+05 -4.437920731214078929e-01
3.900000000000000000e+01 8.206582069396972656e-01 2.843377488132385188e+05 7.861071746659282766e-01
4.000000000000000000e+01 6.959915161132812500e-01 2.268545328810477804e+05 -1.097941797277323522e-01
4.100000000000000000e+01 9.063217639923095703e-01 2.326448751776473364e+05 -1.803555869636033412e-02
4.200000000000000000e+01 8.139011859893798828e-01 2.314526894895530713e+05 -3.649836980058469155e-02
4.300000000000000000e+01 8.942854404449462891e-01 2.506377886440258299e+05 2.736707102228513877e-01
4.400000000000000000e+01 7.499778270721435547e-01 2.547796590508309309e+05 3.362543949383968722e-01
4.500000000000000000e+01 8.759598731994628906e-01 2.985420470861994545e+05 1.061529440047041417e+00
4.600000000000000000e+01 8.764138221740722656e-01 2.872199956600569421e+05 8.328939833230333267e-01
4.700000000000000000e+01 9.161796569824218750e-01 3.053898883499936201e+05 1.114212738458422391e+00
4.800000000000000000e+01 9.601399898529052734e-01 2.459222026607037405e+05 7.774481632678682808e-02
4.900000000000000000e+01 8.596429824829101562e-01 2.638258863261100487e+05 3.813593461666721640e-01
5.000000000000000000e+01 9.484272003173828125e-01 2.643360315557169961e+05 3.834791054341152305e-01
5.100000000000000000e+01 8.551020622253417969e-01 2.820997356401785510e+05 6.878772865287404725e-01
5.200000000000000000e+01 9.908804893493652344e-01 2.655585451980442158e+05 3.812462487642129250e-01
5.300000000000000000e+01 1.028374195098876953e+00 2.440600316400602460e+05 -9.193342394291722716e-03
5.400000000000000000e+01 1.009055376052856445e+00 2.563335755640381831e+05 2.135404971355913673e-01
5.500000000000000000e+01 1.028288125991821289e+00 2.887765959891808452e+05 8.069807576448663200e-01
5.600000000000000000e+01 1.029890298843383789e+00 2.557132307389597700e+05 1.788293211505438962e-01
5.700000000000000000e+01 9.705996513366699219e-01 2.564913854895474506e+05 1.910714692513674484e-01
5.800000000000000000e+01 1.070551872253417969e+00 3.094296014908133075e+05 1.191841903255585811e+00
5.900000000000000000e+01 1.080752134323120117e+00 4.058166651867064065e+05 2.975031556899286223e+00
6.000000000000000000e+01 1.019778728485107422e+00 3.640621206020973041e+05 1.943383194443372819e+00
6.100000000000000000e+01 1.105674028396606445e+00 2.934550641872985289e+05 6.549691908533042950e-01
6.200000000000000000e+01 1.072270870208740234e+00 2.802652760669098352e+05 4.215329578296680424e-01
6.300000000000000000e+01 1.078627347946166992e+00 2.711781754687284702e+05 2.610493770250983392e-01
6.400000000000000000e+01 1.159736156463623047e+00 2.593920897191076074e+05 5.485543359259116569e-02
6.500000000000000000e+01 1.230038642883300781e+00 3.020950044015538297e+05 7.986513125836235405e-01
6.600000000000000000e+01 1.224015951156616211e+00 3.254771806581021519e+05 1.194376795228798693e+00
6.700000000000000000e+01 1.132758140563964844e+00 3.582649017380462028e+05 1.736659490752209045e+00
6.800000000000000000e+01 1.270286560058593750e+00 3.816828991246069781e+05 2.069200253195348171e+00
6.900000000000000000e+01 1.310921192169189453e+00 3.439145696106885443e+05 1.340890592407330661e+00
7.000000000000000000e+01 1.291993618011474609e+00 3.212615294022161979e+05 9.327866831343076814e-01
7.100000000000000000e+01 1.301438570022583008e+00 2.967127117942229961e+05 5.121434846461050405e-01
7.200000000000000000e+01 1.224830627441406250e+00 3.260235866273273714e+05 9.924037725821036604e-01
7.300000000000000000e+01 1.258231401443481445e+00 3.048804264425326255e+05 6.238448808471174223e-01
7.400000000000000000e+01 1.333244562149047852e+00 3.677958491395630990e+05 1.665998430521591800e+00
7.500000000000000000e+01 1.371551990509033203e+00 3.317698362102514948e+05 1.020023126665559499e+00
7.600000000000000000e+01 1.336858034133911133e+00 3.322815087255506078e+05 1.010646227073734416e+00
7.700000000000000000e+01 1.367760419845581055e+00 3.523938624459223938e+05 1.323946989542915009e+00
7.800000000000000000e+01 1.423538446426391602e+00 3.453897544302146416e+05 1.179585309486211209e+00
7.900000000000000000e+01 1.528103351593017578e+00 3.299808582416164572e+05 9.058250420623382704e-01
8.000000000000000000e+01 1.541603088378906250e+00 3.605580844089401653e+05 1.391247930714933689e+00
8.100000000000000000e+01 1.486575841903686523e+00 2.996287139621893293e+05 3.728802567374228660e-01
8.200000000000000000e+01 1.476486444473266602e+00 3.762631020064977347e+05 1.618835714830590744e+00
8.300000000000000000e+01 1.780761003494262695e+00 5.915460060736566084e+05 5.041461339562453681e+00
8.300000000000000000e+01 7.772445678710937500e-04 6.357140939624710882e+04 0.000000000000000000e+00
8.400000000000000000e+01 6.086025238037109375e-01 3.250470518782300060e+05 5.109696768398884537e+00
8.400000000000000000e+01 6.964206695556640625e-04 7.045637200738620595e+04 0.000000000000000000e+00
8.500000000000000000e+01 4.015173912048339844e-01 3.463369258855390945e+05 4.830419630882808235e+00
8.500000000000000000e+01 5.779645442962646484e-01 3.446466638583542081e+05 0.000000000000000000e+00
8.600000000000000000e+01 3.112030029296875000e-01 1.464967930471391883e+05 0.000000000000000000e+00
8.700000000000000000e+01 1.999135017395019531e-01 1.440905653852648975e+05 -7.242802457951719175e-01
8.800000000000000000e+01 2.237167358398437500e-01 1.824619702814813936e+05 -2.544048193940244285e-01
8.900000000000000000e+01 3.775944709777832031e-01 1.803885349571187398e+05 -2.526998093962118386e-01
9.000000000000000000e+01 3.062789440155029297e-01 2.702038396625053720e+05 8.497272118451164591e-01
9.100000000000000000e+01 3.707728385925292969e-01 2.072194442679049971e+05 -5.222495666929147240e-02
9.200000000000000000e+01 4.059441089630126953e-01 2.196532522742010769e+05 1.218480884180379725e-01
9.300000000000000000e+01 3.090233802795410156e-01 2.418891950659591239e+05 4.447432295922733037e-01
9.400000000000000000e+01 2.997329235076904297e-01 1.783072487774111796e+05 -5.780315765961876462e-01
9.500000000000000000e+01 4.511940479278564453e-01 2.299563460067473934e+05 3.002967589294568973e-01
9.600000000000000000e+01 3.527221679687500000e-01 2.179086773887615127e+05 8.037110827932028578e-02
9.700000000000000000e+01 3.849966526031494141e-01 2.705769457203246420e+05 1.021902278250341523e+00
9.800000000000000000e+01 4.195647239685058594e-01 2.608966716931730916e+05 7.708280153568335402e-01
9.900000000000000000e+01 4.792513847351074219e-01 1.879633569317905931e+05 -6.048485625096494678e-01
1.000000000000000000e+02 4.329380989074707031e-01 1.717513430527112505e+05 -8.818869392543038366e-01
1.010000000000000000e+02 4.099555015563964844e-01 3.018941993019584916e+05 1.625111002392144233e+00
1.020000000000000000e+02 4.438734054565429688e-01 2.479763768996850704e+05 4.884024641761884888e-01
1.030000000000000000e+02 5.400595664978027344e-01 1.835806009402717755e+05 -7.194246660088751133e-01
1.040000000000000000e+02 4.387536048889160156e-01 2.418053455762419326e+05 4.015544863081158544e-01
1.050000000000000000e+02 5.082447528839111328e-01 2.558471201120859769e+05 6.599379469767079343e-01
1.060000000000000000e+02 5.807960033416748047e-01 2.506939834994482226e+05 5.374708864317515600e-01
1.070000000000000000e+02 5.400996208190917969e-01 2.279509975270761352e+05 7.097394222869785052e-02
1.080000000000000000e+02 4.725265502929687500e-01 1.928247752307682822e+05 -6.436311835087322741e-01
1.090000000000000000e+02 5.915699005126953125e-01 1.819274702562138264e+05 -8.492494546516998755e-01
1.100000000000000000e+02 5.309972763061523438e-01 1.629335128791074385e+05 -1.213842785205348829e+00
1.110000000000000000e+02 6.914982795715332031e-01 2.185763652756506053e+05 -1.489590773110194104e-02
1.120000000000000000e+02 5.811443328857421875e-01 1.729358373630547139e+05 -9.704352991118511129e-01
1.130000000000000000e+02 5.933701992034912109e-01 2.069157148239551170e+05 -2.245503902530019136e-01
1.140000000000000000e+02 7.715339660644531250e-01 2.157826041939018178e+05 -3.133641112002683721e-02
1.150000000000000000e+02 5.693476200103759766e-01 1.999488094967708457e+05 -3.747522787383521514e-01
1.160000000000000000e+02 7.692711353302001953e-01 2.084109995000400813e+05 -1.814896769663271181e-01
1.170000000000000000e+02 6.576235294342041016e-01 2.631035561175937182e+05 1.046106250506058766e+00
1.180000000000000000e+02 8.079385757446289062e-01 3.086537421359873260e+05 2.032473879942441108e+00
1.190000000000000000e+02 6.389150619506835938e-01 3.475454253648033482e+05 2.721387028020873622e+00
1.200000000000000000e+02 7.175035476684570312e-01 4.512157667555307271e+05 4.473427908128427610e+00
1.200000000000000000e+02 1.439344882965087891e+00 1.711194380172602832e+05 0.000000000000000000e+00
1.210000000000000000e+02 7.422277927398681641e-01 3.158473581501000444e+05 0.000000000000000000e+00
1.220000000000000000e+02 8.327682018280029297e-01 2.519722701898730884e+05 8.294928891957910333e-02
1.230000000000000000e+02 7.076256275177001953e-01 2.458603830389148206e+05 -6.240737753612553111e-03
1.240000000000000000e+02 8.699066638946533203e-01 2.834310229068909539e+05 6.286847384756494295e-01
1.250000000000000000e+02 7.702393531799316406e-01 2.877121091564946692e+05 6.317679635963084905e-01
1.260000000000000000e+02 8.703918457031250000e-01 2.396167364476049261e+05 -3.926156794361898572e-01
1.270000000000000000e+02 8.159427642822265625e-01 2.393276946470672556e+05 -3.700976713728946765e-01
1.280000000000000000e+02 7.870106697082519531e-01 2.525678367864784086e+05 -4.130874706890890619e-02
1.290000000000000000e+02 9.074120521545410156e-01 2.924109298813483329e+05 9.419422703161167698e-01
1.300000000000000000e+02 8.790342807769775391e-01 3.055824753155787475e+05 1.185459562922434484e+00
1.310000000000000000e+02 8.268263339996337891e-01 4.239919113913238398e+05 3.972138095437146355e+00
1.310000000000000000e+02 1.601700544357299805e+00 2.593534087592324067e+05 0.000000000000000000e+00
1.320000000000000000e+02 9.619932174682617188e-01 4.748981388267424772e+05 0.000000000000000000e+00
1.330000000000000000e+02 8.544561862945556641e-01 3.570081513031382347e+05 -6.638287533002686092e-02
1.340000000000000000e+02 9.812405109405517578e-01 3.059714343043520930e+05 -5.353608949435146869e-01
1.350000000000000000e+02 1.156465053558349609e+00 2.660286820369029883e+05 -8.979857649950029330e-01
1.360000000000000000e+02 9.397759437561035156e-01 2.751372907461905270e+05 -6.496615748541169078e-01
1.370000000000000000e+02 9.882109165191650391e-01 2.857258534816039610e+05 -4.521071571704352587e-01
1.380000000000000000e+02 9.203524589538574219e-01 2.906783900721544633e+05 -3.526940090153520835e-01
1.390000000000000000e+02 1.267105340957641602e+00 6.808260260796119692e+05 5.114346161999140605e+00
1.390000000000000000e+02 1.487016677856445312e-03 4.593669041243822721e+04 0.000000000000000000e+00
1.400000000000000000e+02 6.831195354461669922e-01 2.834016291991917533e+05 6.603523000914438335e+00
1.400000000000000000e+02 7.534027099609375000e-04 5.232188791081653471e+04 0.000000000000000000e+00
1.410000000000000000e+02 5.798299312591552734e-01 3.312959571702223038e+05 6.833311350696295250e+00
1.410000000000000000e+02 7.109642028808593750e-04 5.728951835704679252e+04 0.000000000000000000e+00
1.420000000000000000e+02 4.651558399200439453e-01 3.265259434667594032e+05 5.939096831523162479e+00
1.420000000000000000e+02 6.957054138183593750e-04 6.456666076212389453e+04 0.000000000000000000e+00
1.430000000000000000e+02 3.312101364135742188e-01 1.551537444883718272e+05 1.277036132034055305e+00
1.440000000000000000e+02 1.792025566101074219e-01 1.217234398446369742e+05 1.166128419916676595e-01
1.450000000000000000e+02 2.116456031799316406e-01 1.240868596151591919e+05 1.687478618726392654e-01
1.460000000000000000e+02 2.891998291015625000e-01 1.207222275265255885e+05 5.391613945510321387e-02
1.470000000000000000e+02 2.305607795715332031e-01 1.264163861524283566e+05 2.419786462774853320e-01
1.480000000000000000e+02 2.453579902648925781e-01 1.137045100007068831e+05 -2.405426725055019865e-01
1.490000000000000000e+02 3.748183250427246094e-01 1.676602000691748399e+05 1.903897500060505621e+00
1.500000000000000000e+02 3.226211071014404297e-01 1.512158242806864146e+05 9.227828641074867777e-01
1.510000000000000000e+02 4.056506156921386719e-01 1.829162941199256747e+05 1.963394416181586610e+00
1.520000000000000000e+02 3.677000999450683594e-01 1.633310316265166330e+05 9.763354512638817706e-01
1.530000000000000000e+02 4.159178733825683594e-01 1.384284668047710729e+05 1.074614911473740358e-01
1.540000000000000000e+02 4.405491352081298828e-01 1.619313184031338606e+05 8.845802046068015345e-01
1.550000000000000000e+02 3.407695293426513672e-01 1.414064474840391485e+05 1.408216936238020356e-01
1.560000000000000000e+02 4.515154361724853516e-01 1.862094358485821285e+05 1.696748700966312473e+00
1.570000000000000000e+02 4.361126422882080078e-01 2.179299159136101080e+05 2.554697054895389119e+00
1.580000000000000000e+02 3.600325584411621094e-01 1.846623543055971386e+05 1.136350389243403702e+00
1.590000000000000000e+02 3.806540966033935547e-01 1.714040389236257179e+05 6.880648129630941856e-01
1.600000000000000000e+02 3.941731452941894531e-01 1.559889998647007451e+05 2.153478853987574326e-01
1.610000000000000000e+02 5.269489288330078125e-01 1.641109609809241083e+05 4.514565926826109576e-01
1.620000000000000000e+02 4.190716743469238281e-01 1.717483903726954886e+05 6.707290920116322219e-01
1.630000000000000000e+02 5.046234130859375000e-01 1.748816617309866997e+05 7.455511136474145539e-01
1.640000000000000000e+02 5.203251838684082031e-01 2.770068176555484533e+05 3.897886356270433783e+00
1.640000000000000000e+02 9.963893890380859375e-01 1.940584879805850505e+05 0.000000000000000000e+00
1.650000000000000000e+02 5.597159862518310547e-01 2.483570186995317636e+05 0.000000000000000000e+00
1.660000000000000000e+02 5.667343139648437500e-01 2.485036672409366583e+05 7.109262649444140214e-01
1.670000000000000000e+02 5.266880989074707031e-01 2.318462184046173934e+05 4.905205998239058063e-02
1.680000000000000000e+02 9.266893863677978516e-01 4.481873353845664533e+05 8.481766840585329703e+00
1.680000000000000000e+02 7.946491241455078125e-04 5.977418971413475083e+04 0.000000000000000000e+00
1.690000000000000000e+02 2.377512454986572266e-01 2.902232323660465772e+05 4.745148834704525420e+00
1.690000000000000000e+02 4.116332530975341797e-01 2.877087639662444708e+05 0.000000000000000000e+00
1.700000000000000000e+02 3.272871971130371094e-01 2.602196209393797035e+05 0.000000000000000000e+00
1.710000000000000000e+02 3.069856166839599609e-01 1.484565150723195111e+05 -6.456900433744927170e+00
1.720000000000000000e+02 4.227807521820068359e-01 1.174293633153180708e+05 -1.555157412593487276e+00
1.730000000000000000e+02 2.536773681640625000e-01 1.309767385672272212e+05 -8.715472036501582531e-01
1.740000000000000000e+02 4.568586349487304688e-01 1.763482528269066825e+05 -1.596692462488934205e-01
1.750000000000000000e+02 2.599847316741943359e-01 1.534721714632551302e+05 -4.713634632883393349e-01
1.760000000000000000e+02 3.486430644989013672e-01 1.911823101295251981e+05 1.380661110496296806e-01
1.770000000000000000e+02 3.754994869232177734e-01 2.049260830615435261e+05 3.553479302080115310e-01
1.780000000000000000e+02 2.891702651977539062e-01 1.948158178989631124e+05 1.594242884418846373e-01
1.790000000000000000e+02 3.043136596679687500e-01 2.041048986973345163e+05 3.228232876063026890e-01
1.800000000000000000e+02 3.108067512512207031e-01 2.020215429304767749e+05 2.675538743631286631e-01
1.810000000000000000e+02 6.854941844940185547e-01 4.616602473078906769e+05 5.491248447654587750e+00
1.810000000000000000e+02 6.980895996093750000e-04 6.259854489208864834e+04 0.000000000000000000e+00
1.820000000000000000e+02 3.995819091796875000e-01 5.019188478464151267e+05 9.217927925848405479e+00
1.820000000000000000e+02 6.959438323974609375e-04 9.526112340877296811e+04 0.000000000000000000e+00
1.830000000000000000e+02 1.704156398773193359e-01 3.627685697510368773e+05 3.264215885560235897e+00
1.830000000000000000e+02 3.409545421600341797e-01 3.601025203417054145e+05 0.000000000000000000e+00
1.840000000000000000e+02 1.790237426757812500e-01 2.027670932372129755e+05 0.000000000000000000e+00
1.850000000000000000e+02 1.900312900543212891e-01 1.956066866246655118e+05 -7.714682815169551233e-01
1.860000000000000000e+02 3.110070228576660156e-01 2.800460451946611865e+05 2.927777329700213538e-01
1.870000000000000000e+02 4.561610221862792969e-01 2.827560304747547489e+05 2.998510758949262667e-01
1.880000000000000000e+02 2.786381244659423828e-01 3.075438610533458996e+05 6.404855805520488499e-01
1.890000000000000000e+02 3.154034614562988281e-01 3.111548930107046617e+05 6.300987601048859688e-01
1.900000000000000000e+02 3.471655845642089844e-01 3.022962096921779448e+05 4.233819143383810712e-01
1.910000000000000000e+02 4.592418670654296875e-01 2.496464979673152557e+05 -5.498011314067315913e-01
1.920000000000000000e+02 3.785250186920166016e-01 2.652706358160935342e+05 -2.185618956631558696e-01
1.930000000000000000e+02 3.702552318572998047e-01 3.011297276565147331e+05 5.060523051561874874e-01
1.940000000000000000e+02 4.939565658569335938e-01 2.406594796616705717e+05 -7.745170850958876807e-01
1.950000000000000000e+02 3.998715877532958984e-01 2.482866949162177334e+05 -5.635438815009935487e-01
1.960000000000000000e+02 3.381063938140869141e-01 1.819067551575730031e+05 -1.984346916681181794e+00
1.970000000000000000e+02 3.491036891937255859e-01 2.014491329629682878e+05 -1.290549898357486125e+00
1.980000000000000000e+02 3.605043888092041016e-01 2.200089048363343172e+05 -8.194933220905373794e-01
1.990000000000000000e+02 4.418737888336181641e-01 3.109712599748197244e+05 1.017829164659524332e+00
2.000000000000000000e+02 3.928189277648925781e-01 3.568986514251391054e+05 1.866106937486521566e+00
2.010000000000000000e+02 4.254367351531982422e-01 3.840398587664396618e+05 2.157981800260255323e+00
2.020000000000000000e+02 5.054326057434082031e-01 3.974772235302174231e+05 2.102980500170921641e+00
2.030000000000000000e+02 4.440524578094482422e-01 4.230116385766255553e+05 2.249902886024204740e+00
2.040000000000000000e+02 4.771192073822021484e-01 3.768495736631469335e+05 1.297952861693059345e+00
2.050000000000000000e+02 6.523747444152832031e-01 3.290318300205142586e+05 5.418485276761784153e-01
2.060000000000000000e+02 4.915049076080322266e-01 3.453903549002027721e+05 7.633447624516407348e-01
2.070000000000000000e+02 5.709228515625000000e-01 3.947280761916800402e+05 1.458505802463216705e+00
2.080000000000000000e+02 6.652593612670898438e-01 3.387781104354989366e+05 5.715727314653594737e-01
2.090000000000000000e+02 5.773627758026123047e-01 2.975823392571992008e+05 -3.936509209156384415e-02
2.100000000000000000e+02 6.699666976928710938e-01 2.783030667882889975e+05 -3.234060520682959794e-01
2.110000000000000000e+02 6.258888244628906250e-01 2.739659721791634802e+05 -3.823335567708400218e-01
2.120000000000000000e+02 7.187402248382568359e-01 2.724547858878333936e+05 -3.980022509339544157e-01
2.130000000000000000e+02 9.386572837829589844e-01 3.008154623354237410e+05 4.870211033200746303e-02
2.140000000000000000e+02 6.444025039672851562e-01 3.327157527222934295e+05 5.503542868617944395e-01
2.150000000000000000e+02 7.596602439880371094e-01 3.116494481606656336e+05 2.037030001701346515e-01
2.160000000000000000e+02 6.909465789794921875e-01 2.901495883490780834e+05 -1.472368040172629400e-01
2.170000000000000000e+02 7.429888248443603516e-01 4.380711954049534979e+05 2.284117141003152884e+00
2.180000000000000000e+02 7.309603691101074219e-01 3.939293948711140547e+05 1.411873159218556273e+00
2.190000000000000000e+02 8.344480991363525391e-01 3.060565169553855085e+05 8.759850099669060780e-03
2.200000000000000000e+02 6.623234748840332031e-01 3.968404817080388893e+05 1.418814819365804114e+00
2.210000000000000000e+02 9.534230232238769531e-01 3.433394137163243722e+05 5.434264922198354109e-01
2.220000000000000000e+02 7.830681800842285156e-01 3.014179562695147470e+05 -1.144749862263399615e-01
2.230000000000000000e+02 8.439600467681884766e-01 2.682294789160662331e+05 -6.334846846515429508e-01
2.240000000000000000e+02 7.706065177917480469e-01 2.691579505543995765e+05 -6.081174962345959889e-01
2.250000000000000000e+02 8.637046813964843750e-01 3.030471918934509740e+05 -5.858786785052422230e-02
2.260000000000000000e+02 7.998805046081542969e-01 2.498020960426973179e+05 -9.161600151104449807e-01
2.270000000000000000e+02 9.237890243530273438e-01 2.770886113482624642e+05 -4.564691564960396963e-01
2.280000000000000000e+02 9.130737781524658203e-01 2.933941500344486558e+05 -1.846280507443624763e-01
2.290000000000000000e+02 7.791931629180908203e-01 3.342890176573579083e+05 4.913058161075384844e-01
2.300000000000000000e+02 9.761171340942382812e-01 3.660360241687264061e+05 1.012440235520991383e+00
2.310000000000000000e+02 8.687791824340820312e-01 5.100516873379799072e+05 3.384348171037205866e+00
2.310000000000000000e+02 1.814988374710083008e+00 3.543531377163566649e+05 0.000000000000000000e+00
2.320000000000000000e+02 9.077007770538330078e-01 6.737057485502976924e+05 0.000000000000000000e+00
2.330000000000000000e+02 9.693744182586669922e-01 5.536463674992222805e+05 1.754386525648012896e-01
2.340000000000000000e+02 9.935741424560546875e-01 4.679610181411186350e+05 -3.674630441954332416e-01
2.350000000000000000e+02 8.498311042785644531e-01 4.516084639036795124e+05 -4.504327071431500351e-01
2.360000000000000000e+02 1.000641584396362305e+00 4.863059922418044880e+05 -1.162084703233157018e-01
2.370000000000000000e+02 1.002424955368041992e+00 5.487419075469941599e+05 4.726128374746110250e-01
2.380000000000000000e+02 9.784822463989257812e-01 6.295792866670622025e+05 1.243823696174781279e+00
2.390000000000000000e+02 1.095063447952270508e+00 5.391333231892379699e+05 1.794657152083153073e-01
2.400000000000000000e+02 1.137327671051025391e+00 4.736611783407520852e+05 -5.112584882888666638e-01
2.410000000000000000e+02 1.191914081573486328e+00 1.123493087656166870e+06 6.589663556072333783e+00
2.410000000000000000e+02 7.848739624023437500e-04 5.246587645502370287e+04 0.000000000000000000e+00
2.420000000000000000e+02 4.774773120880126953e-01 9.136218867947380058e+05 2.250528556654325385e+01
2.420000000000000000e+02 6.992816925048828125e-04 8.870844254495740461e+04 0.000000000000000000e+00
2.430000000000000000e+02 3.956279754638671875e-01 8.455624176641091472e+05 1.135886039896137056e+01
2.430000000000000000e+02 6.852149963378906250e-04 7.864722506364538276e+04 0.000000000000000000e+00
2.440000000000000000e+02 5.133240222930908203e-01 8.001204929288644344e+05 1.226623435677396579e+01
2.440000000000000000e+02 7.750988006591796875e-04 9.498328726443024061e+04 0.000000000000000000e+00
2.450000000000000000e+02 2.229895591735839844e-01 2.038276468803857570e+05 9.134853670738631859e-01
2.460000000000000000e+02 3.372998237609863281e-01 2.106700927366913820e+05 8.058547361459192926e-01
2.470000000000000000e+02 1.893250942230224609e-01 1.996552231014086865e+05 4.596090899738035640e-01
2.480000000000000000e+02 3.013737201690673828e-01 2.684609568389604683e+05 1.846098796541035814e+00
2.490000000000000000e+02 2.338924407958984375e-01 2.585431666821217514e+05 1.138710232246777476e+00
2.500000000000000000e+02 2.782416343688964844e-01 3.488290591782957199e+05 2.560049810643648005e+00
2.510000000000000000e+02 3.039259910583496094e-01 2.420816572663531406e+05 2.754630319853695331e-01
2.520000000000000000e+02 4.248445034027099609e-01 2.565645326961324317e+05 4.704839843735829641e-01
2.530000000000000000e+02 2.653274536132812500e-01 3.104555590163130546e+05 1.262213239199929893e+00
2.540000000000000000e+02 2.902169227600097656e-01 3.610166744177712244e+05 1.873920626164911285e+00
2.550000000000000000e+02 4.108002185821533203e-01 3.109262479760214337e+05 8.879621887265116698e-01
2.560000000000000000e+02 4.821383953094482422e-01 3.778659090598045150e+05 1.746992346959450382e+00
2.570000000000000000e+02 4.550020694732666016e-01 2.878564351304842858e+05 3.632192795369466598e-01
2.580000000000000000e+02 3.544347286224365234e-01 4.240897041544441017e+05 2.156376448964872239e+00
2.590000000000000000e+02 3.555746078491210938e-01 2.644581540505331941e+05 -8.573321638086846275e-02
2.600000000000000000e+02 6.009731292724609375e-01 3.238927664863023092e+05 6.521452049790058547e-01
2.610000000000000000e+02 4.007761478424072266e-01 3.483882429936788394e+05 9.356425324085297923e-01
2.620000000000000000e+02 5.025081634521484375e-01 3.143523248686045408e+05 4.597985406685870524e-01
2.630000000000000000e+02 5.484251976013183594e-01 3.343118304848591797e+05 7.044325288849586642e-01
2.640000000000000000e+02 5.000162124633789062e-01 3.434607779466453940e+05 7.998282137843316653e-01
2.650000000000000000e+02 4.528648853302001953e-01 3.582905229619025486e+05 9.668511543666467034e-01
2.660000000000000000e+02 6.344068050384521484e-01 3.971557460078580189e+05 1.442484703534455681e+00
2.670000000000000000e+02 4.807300567626953125e-01 4.491783201759938383e+05 2.028932654921215661e+00
2.680000000000000000e+02 4.770736694335937500e-01 4.874315632800270687e+05 2.306730214872006801e+00
2.690000000000000000e+02 6.676695346832275391e-01 4.575285134553733515e+05 1.715739682891780360e+00
2.700000000000000000e+02 5.640056133270263672e-01 3.645576404633964412e+05 5.766265815579366683e-01
2.710000000000000000e+02 5.487620830535888672e-01 3.480378486536244163e+05 3.795637729969502105e-01
2.720000000000000000e+02 7.932386398315429688e-01 3.336397853390556411e+05 2.097057393123697433e-01
2.730000000000000000e+02 5.684897899627685547e-01 2.912674416768637602e+05 -2.802832617390553782e-01
2.740000000000000000e+02 7.864632606506347656e-01 2.984956778599575046e+05 -1.912302898130373019e-01
2.750000000000000000e+02 5.839982032775878906e-01 3.164893822533182101e+05 2.495953134019117045e-02
2.760000000000000000e+02 7.381608486175537109e-01 4.048858149413354695e+05 1.088537382618571137e+00
2.770000000000000000e+02 6.394805908203125000e-01 4.619326094191386364e+05 1.739191875659823916e+00
2.780000000000000000e+02 7.742741107940673828e-01 3.410259374663764029e+05 2.310598082155784216e-01
2.790000000000000000e+02 6.433775424957275391e-01 3.160120478245579870e+05 -6.846625491869173796e-02
2.800000000000000000e+02 7.088704109191894531e-01 2.819015745652113110e+05 -4.771945176343820871e-01
2.810000000000000000e+02 8.059973716735839844e-01 2.949296228303404641e+05 -3.114741103905617203e-01
2.820000000000000000e+02 6.975889205932617188e-01 2.838449007662502700e+05 -4.433421916686938191e-01
2.830000000000000000e+02 8.365559577941894531e-01 3.112346631398677710e+05 -9.679098577789044255e-02
2.840000000000000000e+02 7.828791141510009766e-01 3.517941039111882565e+05 4.142401299486532795e-01
2.850000000000000000e+02 7.779934406280517578e-01 3.694103505879645818e+05 6.322785228124172541e-01
2.860000000000000000e+02 9.723122119903564453e-01 4.703917566557300743e+05 1.914011576706619255e+00
2.870000000000000000e+02 7.759690284729003906e-01 5.118206278868817608e+05 2.331598158272748300e+00
2.880000000000000000e+02 8.853561878204345703e-01 4.670712745517413714e+05 1.644941768139323468e+00
2.890000000000000000e+02 8.128118515014648438e-01 3.551494403658150113e+05 2.769675363855059191e-01
2.900000000000000000e+02 9.237947463989257812e-01 2.771287183670864906e+05 -6.441395670306370169e-01
2.910000000000000000e+02 7.752282619476318359e-01 2.579827403498326894e+05 -8.614473879901339837e-01
2.920000000000000000e+02 9.464704990386962891e-01 3.237099262530940468e+05 -6.578569693852644173e-02
2.930000000000000000e+02 8.732392787933349609e-01 3.109141072169451509e+05 -2.186497542917025250e-01
2.940000000000000000e+02 9.959251880645751953e-01 2.777980308538384852e+05 -6.175787634831841899e-01
2.950000000000000000e+02 9.995141029357910156e-01 2.807849475728787365e+05 -5.730483835241403368e-01
2.960000000000000000e+02 9.051108360290527344e-01 2.669668150965125533e+05 -7.354644507248615515e-01
2.970000000000000000e+02 9.954729080200195312e-01 3.264831086842950317e+05 8.368015814985059822e-03
2.980000000000000000e+02 1.021924734115600586e+00 3.720170291210380965e+05 5.746831977727044904e-01
2.990000000000000000e+02 9.474759101867675781e-01 3.635162164398086607e+05 4.615240662101219304e-01
