1.908690329922114685e+07
1.000000000000000000e+00 1.843845844268798828e-01 1.428691918295226351e+05 0.000000000000000000e+00
2.000000000000000000e+00 1.719610691070556641e-01 1.442987326236726658e+05 7.300656136276481023e-01
3.000000000000000000e+00 1.603028774261474609e-01 8.421176149025780614e+04 -5.810264659549623234e-01
4.000000000000000000e+00 1.618392467498779297e-01 1.263294404913495819e+05 4.453107661541946816e-01
5.000000000000000000e+00 1.618487834930419922e-01 1.028501620357561333e+05 -1.939036362563642812e-01
6.000000000000000000e+00 1.599237918853759766e-01 1.080062383270176215e+05 -3.448782263913783425e-02
7.000000000000000000e+00 1.598682403564453125e-01 1.186473051112701214e+05 2.964566268530677284e-01
8.000000000000000000e+00 2.348611354827880859e-01 1.025573350206352043e+05 -2.552455961075364987e-01
9.000000000000000000e+00 1.614313125610351562e-01 1.152931004894641519e+05 2.081581698268265557e-01
1.000000000000000000e+01 1.607565879821777344e-01 1.034935998457373789e+05 -2.426278340482284357e-01
1.100000000000000000e+01 1.607768535614013672e-01 9.221878028157437802e+04 -6.745346740549271747e-01
1.200000000000000000e+01 1.610755920410156250e-01 1.228219809680670442e+05 5.994516310967045181e-01
1.300000000000000000e+01 1.619172096252441406e-01 1.094708840704574395e+05 1.504799689800864933e-02
1.400000000000000000e+01 1.615529060363769531e-01 1.187244138799134671e+05 4.144620684655496712e-01
1.500000000000000000e+01 1.610176563262939453e-01 9.552817939100990770e+04 -6.349991798539864618e-01
1.600000000000000000e+01 2.838532924652099609e-01 1.270092257729882112e+05 8.252577106386779215e-01
1.700000000000000000e+01 2.919955253601074219e-01 1.578762238031597808e+05 2.206966015371851331e+00
1.800000000000000000e+01 1.655180454254150391e-01 1.444940514294218156e+05 1.333681966578886158e+00
1.900000000000000000e+01 1.605961322784423828e-01 2.146850953940588515e+05 4.122007973651073520e+00
1.900000000000000000e+01 3.208839893341064453e-01 2.026150922120217874e+05 0.000000000000000000e+00
2.000000000000000000e+01 3.137085437774658203e-01 2.819524521524437005e+05 0.000000000000000000e+00
2.100000000000000000e+01 1.940970420837402344e-01 1.857961799720695126e+05 -1.006909217415394187e+00
2.200000000000000000e+01 1.619801521301269531e-01 2.318927175044848118e+05 1.643136604078913043e-01
2.300000000000000000e+01 1.616005897521972656e-01 1.847319621955369366e+05 -9.689183595515671321e-01
2.400000000000000000e+01 2.250907421112060547e-01 1.437864616946507886e+05 -1.803777580937627301e+00
2.500000000000000000e+01 1.638684272766113281e-01 1.366065202386296005e+05 -1.449282979812057448e+00
2.600000000000000000e+01 1.917459964752197266e-01 1.455331876062112860e+05 -9.895080281955065393e-01
2.700000000000000000e+01 1.634018421173095703e-01 1.382089225576602621e+05 -1.021840285198563292e+00
2.800000000000000000e+01 1.626539230346679688e-01 1.366980519118095108e+05 -9.428748990252058260e-01
2.900000000000000000e+01 1.642074584960937500e-01 9.909543057488904742e+04 -1.624956145834181909e+00
3.000000000000000000e+01 1.620995998382568359e-01 1.542142237180255179e+05 -3.308530398493924607e-01
3.100000000000000000e+01 1.642222404479980469e-01 2.272009647078146227e+05 1.138178156789803275e+00
3.200000000000000000e+01 3.151452541351318359e-01 1.977507217135868850e+05 4.599241355920249408e-01
3.300000000000000000e+01 2.572801113128662109e-01 1.594476348528770613e+05 -3.408869292639387094e-01
3.400000000000000000e+01 1.617996692657470703e-01 1.396659732801037608e+05 -7.460707591734346833e-01
3.500000000000000000e+01 2.901749610900878906e-01 1.347560920527150447e+05 -8.161222604489397625e-01
3.600000000000000000e+01 1.846632957458496094e-01 1.155872848484873539e+05 -1.193052036114667702e+00
3.700000000000000000e+01 1.652376651763916016e-01 1.221570209835154965e+05 -9.744387644573930807e-01
3.800000000000000000e+01 1.646473407745361328e-01 1.438268128947044024e+05 -4.590504500896102624e-01
3.900000000000000000e+01 2.794091701507568359e-01 1.721896622397806204e+05 1.785329098240905632e-01
4.000000000000000000e+01 2.829668521881103516e-01 1.381996835240434157e+05 -5.924405888199020254e-01
4.100000000000000000e+01 2.555959224700927734e-01 1.542457519512943691e+05 -2.068436120593218908e-01
4.200000000000000000e+01 1.733725070953369141e-01 1.768393289917599468e+05 3.272979859850794204e-01
4.300000000000000000e+01 3.037865161895751953e-01 1.955395130915615882e+05 7.671176926295274479e-01
4.400000000000000000e+01 3.378844261169433594e-01 1.780026008559697075e+05 3.200092543738105588e-01
4.500000000000000000e+01 4.407930374145507812e-01 1.807871720537441724e+05 3.818450367618170804e-01
4.600000000000000000e+01 3.407716751098632812e-01 1.540965060880164092e+05 -2.932061767949913356e-01
4.700000000000000000e+01 2.032601833343505859e-01 1.560730885030508798e+05 -2.373957902171144607e-01
4.800000000000000000e+01 1.635053157806396484e-01 1.411145923667332972e+05 -6.201807841728004256e-01
4.900000000000000000e+01 1.809792518615722656e-01 1.780438405594746582e+05 3.598283900263942181e-01
5.000000000000000000e+01 1.632800102233886719e-01 1.927893644568074087e+05 7.448502408080256432e-01
5.100000000000000000e+01 1.652309894561767578e-01 1.862487284713070549e+05 5.520781711035001038e-01
5.200000000000000000e+01 3.128814697265625000e-01 1.647418011637505842e+05 -4.033457575548324292e-02
5.300000000000000000e+01 2.001638412475585938e-01 1.578929167431933456e+05 -2.278560769644864259e-01
5.400000000000000000e+01 1.671826839447021484e-01 1.861793768542779435e+05 5.634540417062062767e-01
5.500000000000000000e+01 1.672251224517822266e-01 1.607109219749479380e+05 -1.632759054855627279e-01
5.600000000000000000e+01 1.654913425445556641e-01 1.288127309422321123e+05 -1.070925191813636657e+00
5.700000000000000000e+01 1.692149639129638672e-01 1.313901482398358639e+05 -9.676994665214802005e-01
5.800000000000000000e+01 1.661064624786376953e-01 1.861220886795060651e+05 6.165492372167306057e-01
5.900000000000000000e+01 3.791902065277099609e-01 2.624556333582449006e+05 2.800254181395849251e+00
6.000000000000000000e+01 3.070001602172851562e-01 2.106870265364484803e+05 1.151799797819379245e+00
6.100000000000000000e+01 2.414469718933105469e-01 1.853601130042288860e+05 4.486276320834332032e-01
6.200000000000000000e+01 1.872289180755615234e-01 2.059314586590482795e+05 9.933374193827342324e-01
6.300000000000000000e+01 2.109539508819580078e-01 1.959751382431036327e+05 7.044286023716185285e-01
6.400000000000000000e+01 2.697389125823974609e-01 2.077625042408388981e+05 1.010494668778430860e+00
6.500000000000000000e+01 2.682511806488037109e-01 2.483287155115523492e+05 2.081762033058555783e+00
6.600000000000000000e+01 3.413558006286621094e-01 2.292496126515205542e+05 1.472312336532441757e+00
6.700000000000000000e+01 2.020947933197021484e-01 2.477844448508052737e+05 1.901837855390600573e+00
6.800000000000000000e+01 2.773077487945556641e-01 2.620339298312989413e+05 2.173003464864575296e+00
6.900000000000000000e+01 2.463910579681396484e-01 2.160760383899214794e+05 9.424096572728960508e-01
7.000000000000000000e+01 1.790781021118164062e-01 2.296058460521998059e+05 1.253046947587288074e+00
7.100000000000000000e+01 3.734281063079833984e-01 2.264436981682939513e+05 1.146257883681384593e+00
7.200000000000000000e+01 2.758474349975585938e-01 2.403929795606769621e+05 1.456896158187230172e+00
7.300000000000000000e+01 1.712121963500976562e-01 2.006986032229737029e+05 4.707676400362623137e-01
7.400000000000000000e+01 1.659152507781982422e-01 2.152586055750383530e+05 8.146708559973395714e-01
7.500000000000000000e+01 1.652712821960449219e-01 2.027013329126579629e+05 5.006485857840443643e-01
7.600000000000000000e+01 2.991590499877929688e-01 2.067597028008933703e+05 5.934820870779784485e-01
7.700000000000000000e+01 4.350824356079101562e-01 2.310677672347062908e+05 1.178645406343288293e+00
7.800000000000000000e+01 2.329432964324951172e-01 2.530121580703844666e+05 1.687810679231651845e+00
7.900000000000000000e+01 1.654856204986572266e-01 2.724338532032528310e+05 2.099404972322216789e+00
8.000000000000000000e+01 1.691732406616210938e-01 3.131207310981724295e+05 2.956989748777500981e+00
8.100000000000000000e+01 2.061443328857421875e-01 2.502548253196304431e+05 1.363433946290246279e+00
8.200000000000000000e+01 3.402638435363769531e-01 3.028230814237473533e+05 2.479149718219747278e+00
8.300000000000000000e+01 7.846105098724365234e-01 5.024775066482090624e+05 6.536898944155185909e+00
8.300000000000000000e+01 4.818439483642578125e-04 4.366756837619900762e+04 0.000000000000000000e+00
8.400000000000000000e+01 5.600764751434326172e-01 3.269290862916773767e+05 8.466572799121880877e+00
8.400000000000000000e+01 3.311634063720703125e-04 4.630061001433476486e+04 0.000000000000000000e+00
8.500000000000000000e+01 7.812287807464599609e-01 3.476172943548611947e+05 8.496360331487254669e+00
8.500000000000000000e+01 7.197856903076171875e-04 4.321148253315449983e+04 0.000000000000000000e+00
8.600000000000000000e+01 8.211991786956787109e-01 3.234693114261143492e+05 8.465094664981432260e+00
8.600000000000000000e+01 3.790855407714843750e-04 4.768071206245583744e+04 0.000000000000000000e+00
8.700000000000000000e+01 2.186777591705322266e-01 1.791266289744964452e+05 3.191589156325426835e+00
8.700000000000000000e+01 3.783276081085205078e-01 1.773053914694091654e+05 0.000000000000000000e+00
8.800000000000000000e+01 2.820258140563964844e-01 1.406466069112468685e+05 0.000000000000000000e+00
8.900000000000000000e+01 1.620166301727294922e-01 1.569348929922391544e+05 -7.874129222700389230e-02
9.000000000000000000e+01 3.053064346313476562e-01 2.403431032446716272e+05 4.467056267649481605e+00
9.000000000000000000e+01 5.510954856872558594e-01 2.372892233441679855e+05 0.000000000000000000e+00
9.100000000000000000e+01 1.579697132110595703e-01 1.621753699717746640e+05 0.000000000000000000e+00
9.200000000000000000e+01 1.824548244476318359e-01 1.601045742732540530e+05 -7.460948936354298011e-01
9.300000000000000000e+01 1.650438308715820312e-01 1.982177768687978678e+05 2.659282357593153456e-01
9.400000000000000000e+01 3.071465492248535156e-01 1.392035797406362544e+05 -1.381063335989266339e+00
9.500000000000000000e+01 1.615691184997558594e-01 1.658616211802030448e+05 -3.498014154108612939e-01
9.600000000000000000e+01 2.403061389923095703e-01 1.425283665531264269e+05 -9.875340674700426868e-01
9.700000000000000000e+01 1.590089797973632812e-01 1.615381808620263182e+05 -3.083500131341222472e-01
9.800000000000000000e+01 2.077553272247314453e-01 1.469443417276159162e+05 -7.422998918182692751e-01
9.900000000000000000e+01 1.578257083892822266e-01 1.212488766106875119e+05 -1.506018466989710980e+00
1.000000000000000000e+02 1.641631126403808594e-01 1.424528930535746040e+05 -6.393953305048769575e-01
1.010000000000000000e+02 1.571831703186035156e-01 1.419408029133276723e+05 -6.164998980654092797e-01
1.020000000000000000e+02 1.712677478790283203e-01 1.232811672321954829e+05 -1.186039019182048015e+00
1.030000000000000000e+02 2.078633308410644531e-01 1.285668072134866816e+05 -9.126042093791545406e-01
1.040000000000000000e+02 1.585283279418945312e-01 1.546711458367447485e+05 -1.371262525881538144e-02
1.050000000000000000e+02 1.591491699218750000e-01 1.079066983350754017e+05 -1.577102006980786175e+00
1.060000000000000000e+02 1.679937839508056641e-01 1.492798757486417308e+05 -9.104293666688578757e-02
1.070000000000000000e+02 1.608893871307373047e-01 1.494004249415613594e+05 -8.448562077969490325e-02
1.080000000000000000e+02 1.618494987487792969e-01 1.487383159809415811e+05 -1.048093096752457931e-01
1.090000000000000000e+02 1.596963405609130859e-01 1.513540839578392915e+05 -1.038065781228718343e-02
1.100000000000000000e+02 1.600549221038818359e-01 1.360668688917391410e+05 -5.610927280451780685e-01
1.110000000000000000e+02 2.242991924285888672e-01 1.785926955889828096e+05 1.016230401483802392e+00
1.120000000000000000e+02 3.661937713623046875e-01 1.285630902669500065e+05 -8.657690084534760411e-01
1.130000000000000000e+02 1.613121032714843750e-01 1.612786040998599492e+05 3.749845435494788548e-01
1.140000000000000000e+02 2.811636924743652344e-01 1.663829726248742954e+05 5.585185942016073213e-01
1.150000000000000000e+02 2.564980983734130859e-01 1.670836134171760932e+05 5.709545672452377429e-01
1.160000000000000000e+02 2.343912124633789062e-01 1.644604669357841194e+05 4.550394522009599818e-01
1.170000000000000000e+02 2.576613426208496094e-01 1.806268262005250144e+05 1.081447155160266460e+00
1.180000000000000000e+02 1.965155601501464844e-01 1.657970174023866421e+05 4.579975794365493402e-01
1.190000000000000000e+02 1.617825031280517578e-01 1.624438896256947191e+05 3.150457587410809279e-01
1.200000000000000000e+02 1.686949729919433594e-01 1.803023319112904719e+05 1.032269910353828868e+00
1.210000000000000000e+02 1.641321182250976562e-01 1.399687361857100914e+05 -6.333021403426921658e-01
1.220000000000000000e+02 1.669087409973144531e-01 1.557049863634709618e+05 2.335272558824509626e-02
1.230000000000000000e+02 1.624815464019775391e-01 1.667146892488627927e+05 4.800740197783763819e-01
1.240000000000000000e+02 1.610648632049560547e-01 1.870083792353376921e+05 1.324112078878236787e+00
1.250000000000000000e+02 1.638939380645751953e-01 1.687410271838520421e+05 5.135488695406159598e-01
1.260000000000000000e+02 3.089790344238281250e-01 1.705599929868851614e+05 5.811301891382646412e-01
1.270000000000000000e+02 2.722339630126953125e-01 1.667082547500444343e+05 4.073399051408100879e-01
1.280000000000000000e+02 1.642568111419677734e-01 1.908584761557946331e+05 1.437712560931281969e+00
1.290000000000000000e+02 2.416548728942871094e-01 2.364078117093480832e+05 3.311914605275787071e+00
1.290000000000000000e+02 4.039745330810546875e-01 1.491752330839897622e+05 0.000000000000000000e+00
1.300000000000000000e+02 1.639921665191650391e-01 1.518238899418232031e+05 0.000000000000000000e+00
1.310000000000000000e+02 7.354774475097656250e-01 2.721986697018052801e+05 6.497954947257052538e+01
1.310000000000000000e+02 3.356933593750000000e-04 3.059417036428458960e+04 0.000000000000000000e+00
1.320000000000000000e+02 7.130446434020996094e-01 2.431092394554849307e+05 9.116388654018358295e+00
1.320000000000000000e+02 3.221035003662109375e-04 4.162516389614961372e+04 0.000000000000000000e+00
1.330000000000000000e+02 8.241472244262695312e-01 2.725430443667916115e+05 7.138320546638078135e+00
1.330000000000000000e+02 3.397464752197265625e-04 3.642784743484287901e+04 0.000000000000000000e+00
1.340000000000000000e+02 2.458972930908203125e-01 1.683181177187732828e+05 4.413179541364096181e+00
1.340000000000000000e+02 5.340189933776855469e-01 1.681862794821809803e+05 0.000000000000000000e+00
1.350000000000000000e+02 1.616158485412597656e-01 1.255009942778493132e+05 0.000000000000000000e+00
1.360000000000000000e+02 1.825385093688964844e-01 1.314511360256603220e+05 -5.099716064415333872e-01
1.370000000000000000e+02 3.224358558654785156e-01 1.197274629670027934e+05 -9.509671856100047060e-01
1.380000000000000000e+02 3.089733123779296875e-01 8.338508702868233377e+04 -2.418572189264701855e+00
1.390000000000000000e+02 2.315092086791992188e-01 2.739789681279650540e+05 4.900646687034653226e+00
1.390000000000000000e+02 3.916263580322265625e-01 2.722308577402249211e+05 0.000000000000000000e+00
1.400000000000000000e+02 1.907224655151367188e-01 1.197281377837421169e+05 0.000000000000000000e+00
1.410000000000000000e+02 2.730634212493896484e-01 2.762066219902017037e+05 7.439754988377454969e-01
1.420000000000000000e+02 2.643809318542480469e-01 1.228108972457591008e+05 -1.119860505752811930e+00
1.430000000000000000e+02 3.430335521697998047e-01 1.172094163242215436e+05 -9.117568370903670338e-01
1.440000000000000000e+02 1.598408222198486328e-01 1.292287974635968421e+05 -6.198510422947060006e-01
1.450000000000000000e+02 2.273409366607666016e-01 1.377176853203104693e+05 -4.476878904014613414e-01
1.460000000000000000e+02 1.570150852203369141e-01 1.221639965528761822e+05 -6.264790311576371451e-01
1.470000000000000000e+02 1.583971977233886719e-01 1.274062200828513305e+05 -5.003694756883926287e-01
1.480000000000000000e+02 1.584084033966064453e-01 1.183830009887134802e+05 -6.048168527495245694e-01
1.490000000000000000e+02 2.773022651672363281e-01 1.320426976490656962e+05 -3.506884073784691802e-01
1.500000000000000000e+02 2.531747817993164062e-01 1.135568093001253437e+05 -6.389988778701756189e-01
1.510000000000000000e+02 2.237145900726318359e-01 1.635819639109391719e+05 2.467794560100958212e-01
1.520000000000000000e+02 1.598362922668457031e-01 1.411756267866103735e+05 -1.592821457049960199e-01
1.530000000000000000e+02 1.706984043121337891e-01 1.296691260007495730e+05 -3.655722088141267756e-01
1.540000000000000000e+02 1.614546775817871094e-01 1.370728337131548615e+05 -2.116574778152743030e-01
1.550000000000000000e+02 1.662342548370361328e-01 1.334077341938872123e+05 -2.770930690246058981e-01
1.560000000000000000e+02 2.036170959472656250e-01 1.436464247094673628e+05 -6.144516728687035578e-02
1.570000000000000000e+02 2.019405364990234375e-01 1.431504017496174492e+05 -7.015939573042467847e-02
1.580000000000000000e+02 1.855225563049316406e-01 1.434276430475134403e+05 -6.243344111716474243e-02
1.590000000000000000e+02 2.684934139251708984e-01 1.594469728904720105e+05 2.923081246923631693e-01
1.600000000000000000e+02 1.629178524017333984e-01 1.341496386493540776e+05 -2.860849048903066905e-01
1.610000000000000000e+02 2.875664234161376953e-01 1.377046714194972301e+05 -1.972020082823544573e-01
1.620000000000000000e+02 2.476494312286376953e-01 1.475091919596506923e+05 3.859061849606327393e-02
1.630000000000000000e+02 1.668672561645507812e-01 1.703302650117390731e+05 5.887146581535422918e-01
1.640000000000000000e+02 2.474210262298583984e-01 1.958536543322812940e+05 1.198074780078998591e+00
1.650000000000000000e+02 1.629185676574707031e-01 1.595689014139159117e+05 2.616602899033024232e-01
1.660000000000000000e+02 3.394014835357666016e-01 1.668540860296196770e+05 4.369099884096195319e-01
1.670000000000000000e+02 1.625168323516845703e-01 1.987467719625478785e+05 1.229282139897265091e+00
1.680000000000000000e+02 1.619319915771484375e-01 2.206515452598314441e+05 1.723291166927142681e+00
1.690000000000000000e+02 1.613459587097167969e-01 2.044862900538737013e+05 1.224041730424134000e+00
1.700000000000000000e+02 1.653048992156982422e-01 3.414644055856821360e+05 4.460542178861522267e+00
1.700000000000000000e+02 3.258137702941894531e-01 2.653121544063752517e+05 0.000000000000000000e+00
1.710000000000000000e+02 1.964673995971679688e-01 1.453931880531817442e+05 0.000000000000000000e+00
1.720000000000000000e+02 1.975617408752441406e-01 1.312613605702597415e+05 -8.737645059421355054e-01
1.730000000000000000e+02 3.089704513549804688e-01 2.379398437322833342e+05 7.777434145332454696e-01
1.740000000000000000e+02 1.646811962127685547e-01 2.635221555320922635e+05 1.029041992578164866e+00
1.750000000000000000e+02 1.817297935485839844e-01 2.599551870658221596e+05 7.848263036562094230e-01
1.760000000000000000e+02 1.682295799255371094e-01 3.052332625720428186e+05 1.417910123502546638e+00
1.770000000000000000e+02 3.455717563629150391e-01 3.122943498961091973e+05 1.255596597286634086e+00
1.780000000000000000e+02 1.635096073150634766e-01 2.536416277514379763e+05 2.005391970677687374e-01
1.790000000000000000e+02 3.154094219207763672e-01 2.885540897470832570e+05 7.419617619720065838e-01
1.800000000000000000e+02 3.771023750305175781e-01 2.412506394599287305e+05 -8.232864880073383074e-02
1.810000000000000000e+02 1.656317710876464844e-01 5.015813977624842664e+05 4.384361529634539068e+00
1.810000000000000000e+02 3.299360275268554688e-01 3.415323214529005927e+05 0.000000000000000000e+00
1.820000000000000000e+02 1.654899120330810547e-01 3.268871609048958053e+05 0.000000000000000000e+00
1.830000000000000000e+02 1.659376621246337891e-01 3.125862707764889346e+05 -2.088075785063793433e+00
1.840000000000000000e+02 1.632592678070068359e-01 2.923653278116188012e+05 -2.393126007050103699e+00
1.850000000000000000e+02 2.431199550628662109e-01 2.899193997533409856e+05 -1.355685040607804925e+00
1.860000000000000000e+02 2.294018268585205078e-01 3.598322169845866738e+05 2.128376400626662779e+00
1.870000000000000000e+02 3.054370880126953125e-01 3.699406357930451632e+05 1.788068381263270279e+00
1.880000000000000000e+02 1.694083213806152344e-01 4.344467940730183618e+05 3.404185267166996987e+00
1.880000000000000000e+02 3.517482280731201172e-01 2.787103229122207267e+05 0.000000000000000000e+00
1.890000000000000000e+02 2.392473220825195312e-01 3.220707154183663079e+05 0.000000000000000000e+00
1.900000000000000000e+02 1.633005142211914062e-01 3.538883432808691286e+05 1.744849251790660194e+00
1.910000000000000000e+02 1.666626930236816406e-01 3.458056867271550000e+05 7.309269625880645549e-01
1.920000000000000000e+02 2.100629806518554688e-01 2.897064153397848713e+05 -1.049027112845840604e+00
1.930000000000000000e+02 4.108879566192626953e-01 3.038644737579337670e+05 -4.262371464701432133e-01
1.940000000000000000e+02 2.424011230468750000e-01 4.231919195234240033e+05 3.548893000389659491e+00
1.940000000000000000e+02 4.713158607482910156e-01 2.045823356145566213e+05 0.000000000000000000e+00
1.950000000000000000e+02 1.957328319549560547e-01 2.492925517229508259e+05 0.000000000000000000e+00
1.960000000000000000e+02 1.706385612487792969e-01 1.798412424186049320e+05 -1.489683842787519419e+00
1.970000000000000000e+02 2.222511768341064453e-01 1.932612880977829627e+05 -5.107095198700642991e-01
1.980000000000000000e+02 3.206195831298828125e-01 2.024200031777491095e+05 -1.435984430569624548e-01
1.990000000000000000e+02 1.658565998077392578e-01 2.958591056543220766e+05 3.440737302077012227e+00
1.990000000000000000e+02 3.486170768737792969e-01 1.823135684916409082e+05 0.000000000000000000e+00
2.000000000000000000e+02 1.679227352142333984e-01 2.823497777417356265e+05 0.000000000000000000e+00
2.010000000000000000e+02 1.724917888641357422e-01 3.487421710888650850e+05 1.645697155749654250e+00
2.020000000000000000e+02 2.531192302703857422e-01 3.542544197193374857e+05 9.921233417754170558e-01
2.030000000000000000e+02 1.763534545898437500e-01 3.651849717831486487e+05 9.154101555488731723e-01
2.040000000000000000e+02 2.807323932647705078e-01 4.321017208243549103e+05 1.637272844513438574e+00
2.050000000000000000e+02 1.624763011932373047e-01 4.410142071443395107e+05 1.326031688086420912e+00
2.060000000000000000e+02 1.725921630859375000e-01 4.285515443781864014e+05 9.516222963614550112e-01
2.070000000000000000e+02 1.949472427368164062e-01 4.210363294658884988e+05 7.597278484201730464e-01
2.080000000000000000e+02 1.782257556915283203e-01 3.784546179570622044e+05 1.965357246674309943e-01
2.090000000000000000e+02 3.230822086334228516e-01 3.888803997790899593e+05 3.168539627578433326e-01
2.100000000000000000e+02 1.767668724060058594e-01 3.668144748487151228e+05 1.431721573238669935e-02
2.110000000000000000e+02 4.383904933929443359e-01 3.754953657797390479e+05 1.325061521434820200e-01
2.120000000000000000e+02 2.428061962127685547e-01 3.461973924213634455e+05 -2.906060941625908112e-01
2.130000000000000000e+02 2.809176445007324219e-01 2.977022615795919555e+05 -9.982077376395890322e-01
2.140000000000000000e+02 3.363897800445556641e-01 2.579369897435491439e+05 -1.524434104388346256e+00
2.150000000000000000e+02 2.737812995910644531e-01 2.523036601129356131e+05 -1.456653107539365610e+00
2.160000000000000000e+02 2.969069480895996094e-01 2.247150378630135383e+05 -1.712839707624578933e+00
2.170000000000000000e+02 2.414798736572265625e-01 3.453704303954364732e+05 5.325689404779099939e-02
2.180000000000000000e+02 1.748998165130615234e-01 3.222070947629663278e+05 -2.627011653218381260e-01
2.190000000000000000e+02 2.003612518310546875e-01 3.659507992806023685e+05 3.533776834630235619e-01
2.200000000000000000e+02 1.709043979644775391e-01 4.911958815983406384e+05 2.128532434354992287e+00
2.210000000000000000e+02 1.922323703765869141e-01 4.618730661748873536e+05 1.499676730622317100e+00
2.220000000000000000e+02 1.693260669708251953e-01 3.923589549524765462e+05 5.013497900737019508e-01
2.230000000000000000e+02 2.289500236511230469e-01 3.366944839875267935e+05 -2.418528708095118995e-01
2.240000000000000000e+02 4.082424640655517578e-01 3.133474735461617238e+05 -5.494569460873653943e-01
2.250000000000000000e+02 1.927967071533203125e-01 2.976066031546400045e+05 -7.497844776530713240e-01
2.260000000000000000e+02 3.371582031250000000e-01 3.072006531338881468e+05 -5.969940167465418446e-01
2.270000000000000000e+02 1.679944992065429688e-01 2.838385702949109836e+05 -9.069114109443969785e-01
2.280000000000000000e+02 2.699618339538574219e-01 2.669210986806837609e+05 -1.114446095155926297e+00
2.290000000000000000e+02 1.750013828277587891e-01 3.185081657297646743e+05 -3.577290284884999672e-01
2.300000000000000000e+02 2.049202919006347656e-01 3.339888358727532323e+05 -1.333289348296384791e-01
2.310000000000000000e+02 2.046549320220947266e-01 4.462924478597781272e+05 1.476104340488025413e+00
2.320000000000000000e+02 1.676976680755615234e-01 6.624502651287117042e+05 4.448477822539662618e+00
2.320000000000000000e+02 4.210953712463378906e-01 2.787848583083169069e+05 0.000000000000000000e+00
2.330000000000000000e+02 1.760439872741699219e-01 1.916575607801302103e+05 0.000000000000000000e+00
2.340000000000000000e+02 2.296907901763916016e-01 2.674556675455248915e+05 5.232161328823328184e-01
2.350000000000000000e+02 1.680731773376464844e-01 2.581612759133705113e+05 2.574335540942783163e-01
2.360000000000000000e+02 2.963404655456542969e-01 3.138248772447736119e+05 1.655129073677477525e+00
2.370000000000000000e+02 2.935469150543212891e-01 3.311182907382001285e+05 1.549919063638193428e+00
2.380000000000000000e+02 1.682727336883544922e-01 3.881010796782521647e+05 2.344764602905800910e+00
2.390000000000000000e+02 1.845855712890625000e-01 4.071122990310857422e+05 1.885381700518040660e+00
2.400000000000000000e+02 1.746690273284912109e-01 3.770603553120265715e+05 1.022449667971088605e+00
2.410000000000000000e+02 6.578559875488281250e-01 1.019616844044642057e+06 1.001085837388894362e+01
2.410000000000000000e+02 3.628730773925781250e-04 3.469585692793479393e+04 0.000000000000000000e+00
2.420000000000000000e+02 5.887551307678222656e-01 9.150331449998758035e+05 3.517570582205861029e+01
2.420000000000000000e+02 3.321170806884765625e-04 4.495443022448305419e+04 0.000000000000000000e+00
2.430000000000000000e+02 5.642704963684082031e-01 8.435426364725639578e+05 2.441554000551789727e+01
2.430000000000000000e+02 3.242492675781250000e-04 4.364836477846463094e+04 0.000000000000000000e+00
2.440000000000000000e+02 6.101794242858886719e-01 7.958241107321468880e+05 2.366350015024715958e+01
2.440000000000000000e+02 3.271102905273437500e-04 5.406944073096926149e+04 0.000000000000000000e+00
2.450000000000000000e+02 1.757450103759765625e-01 2.071400946308941639e+05 3.296533571294518072e+00
2.450000000000000000e+02 3.367781639099121094e-01 2.088761749015497917e+05 0.000000000000000000e+00
2.460000000000000000e+02 1.605706214904785156e-01 1.756069654998067126e+05 0.000000000000000000e+00
2.470000000000000000e+02 1.783521175384521484e-01 1.442016571635082364e+05 -2.042089300409716923e+00
2.480000000000000000e+02 1.604902744293212891e-01 2.292886051886025525e+05 1.640615117286425173e+00
2.490000000000000000e+02 2.844710350036621094e-01 1.961819249672812875e+05 1.786846913458100816e-01
2.500000000000000000e+02 2.973217964172363281e-01 3.210438249701927416e+05 3.999776234691801324e+00
2.500000000000000000e+02 4.960954189300537109e-01 3.186987541414165753e+05 0.000000000000000000e+00
2.510000000000000000e+02 1.726686954498291016e-01 1.443872064096958784e+05 0.000000000000000000e+00
2.520000000000000000e+02 1.623764038085937500e-01 1.580639612561049289e+05 -5.961453879527940369e-01
2.530000000000000000e+02 1.664671897888183594e-01 1.751328054697403859e+05 -3.292731326162057215e-01
2.540000000000000000e+02 2.403926849365234375e-01 1.492454576325804810e+05 -6.171246003594190732e-01
2.550000000000000000e+02 1.987528800964355469e-01 2.016067974528864434e+05 1.703490033840273365e-01
2.560000000000000000e+02 1.604585647583007812e-01 1.862232600968970510e+05 -7.542819795970633068e-02
2.570000000000000000e+02 3.936758041381835938e-01 1.816472649477917585e+05 -1.468916940977830210e-01
2.580000000000000000e+02 2.124018669128417969e-01 2.117025793259860366e+05 4.004366397916884757e-01
2.590000000000000000e+02 2.252759933471679688e-01 2.201988234190702206e+05 5.379731247113672676e-01
2.600000000000000000e+02 2.466838359832763672e-01 2.106039357954452280e+05 3.152840146992351156e-01
2.610000000000000000e+02 1.611614227294921875e-01 1.783643872780184611e+05 -3.693280682649648927e-01
2.620000000000000000e+02 2.854905128479003906e-01 1.897939060109952698e+05 -1.053168734869172063e-01
2.630000000000000000e+02 3.877670764923095703e-01 2.237264384627767431e+05 6.657980476868542441e-01
2.640000000000000000e+02 1.947321891784667969e-01 2.260326988701458031e+05 6.860967057629063781e-01
2.650000000000000000e+02 1.659290790557861328e-01 2.184356001874690119e+05 4.741359358235206489e-01
2.660000000000000000e+02 1.611592769622802734e-01 2.663899629491941305e+05 1.620377211895026814e+00
2.670000000000000000e+02 1.642096042633056641e-01 2.776450879010060453e+05 1.720813067414862951e+00
2.680000000000000000e+02 2.579426765441894531e-01 2.804860070584046189e+05 1.608329999368570018e+00
2.690000000000000000e+02 2.115094661712646484e-01 2.199612597589340003e+05 1.798915014261240897e-01
2.700000000000000000e+02 4.611914157867431641e-01 1.846778982373621257e+05 -5.940631280156206673e-01
2.710000000000000000e+02 3.415942192077636719e-01 1.901737035282966972e+05 -4.535071751984066646e-01
2.720000000000000000e+02 1.979284286499023438e-01 2.204390475932034024e+05 2.430950944010254466e-01
2.730000000000000000e+02 2.523548603057861328e-01 2.355353115859311074e+05 5.866787669795829885e-01
2.740000000000000000e+02 2.255496978759765625e-01 2.693800944226790452e+05 1.364697950028780138e+00
2.750000000000000000e+02 2.672142982482910156e-01 2.776416330566135002e+05 1.479852842290521053e+00
2.760000000000000000e+02 2.772889137268066406e-01 3.235860519156556693e+05 2.430476947876320626e+00
2.770000000000000000e+02 2.257122993469238281e-01 2.595487747224293125e+05 8.225976943543105158e-01
2.780000000000000000e+02 1.650347709655761719e-01 1.924379159592327778e+05 -6.062846855656655043e-01
2.790000000000000000e+02 1.665818691253662109e-01 2.486567851205457700e+05 5.982375905463492849e-01
2.800000000000000000e+02 1.635351181030273438e-01 2.567226612871859979e+05 7.576903765717187822e-01
2.810000000000000000e+02 2.362375259399414062e-01 2.642682332411441603e+05 9.015678361239811700e-01
2.820000000000000000e+02 1.914796829223632812e-01 2.631151837605963810e+05 8.514363528171472462e-01
2.830000000000000000e+02 2.931022644042968750e-01 2.720713793731136248e+05 1.024333103735928674e+00
2.840000000000000000e+02 2.007002830505371094e-01 2.892015104071525275e+05 1.366485366235189458e+00
2.850000000000000000e+02 2.723560333251953125e-01 3.036249936511326232e+05 1.621835918105182239e+00
2.860000000000000000e+02 2.501664161682128906e-01 4.203197801273310324e+05 3.996940145516277187e+00
2.860000000000000000e+02 4.853534698486328125e-01 1.910380345686422370e+05 0.000000000000000000e+00
2.870000000000000000e+02 1.647350788116455078e-01 1.422863228809941502e+05 0.000000000000000000e+00
2.880000000000000000e+02 2.717518806457519531e-01 1.562893265789464058e+05 -3.009007822980591662e-01
2.890000000000000000e+02 2.654848098754882812e-01 1.692130970423542312e+05 2.393767299474337251e-01
2.900000000000000000e+02 1.670014858245849609e-01 1.638359987487786275e+05 -4.203481073567526261e-02
2.910000000000000000e+02 1.797111034393310547e-01 1.872414077090919600e+05 1.265623529026097982e+00
2.920000000000000000e+02 7.350533008575439453e-01 2.617411432567642187e+05 5.040704855836404263e+00
2.920000000000000000e+02 3.376007080078125000e-04 2.941375412618058544e+04 0.000000000000000000e+00
2.930000000000000000e+02 1.834380626678466797e-01 1.425473920851234870e+05 4.732359547245708953e+00
2.930000000000000000e+02 4.977159500122070312e-01 1.434422729765073163e+05 0.000000000000000000e+00
2.940000000000000000e+02 1.715114116668701172e-01 1.023744588211901282e+05 0.000000000000000000e+00
2.950000000000000000e+02 2.227334976196289062e-01 1.163584167200600205e+05 -2.255544190023119344e-01
2.960000000000000000e+02 1.729488372802734375e-01 9.954819985052403354e+04 -1.014254682704950339e+00
2.970000000000000000e+02 1.626591682434082031e-01 1.491266721190070675e+05 1.679045172276383724e+00
2.980000000000000000e+02 1.604368686676025391e-01 1.842565901243449189e+05 2.699062483584344641e+00
2.990000000000000000e+02 1.594603061676025391e-01 1.298924805739966832e+05 -8.041656087124821051e-02
