4.451285639697161317e+07
1.000000000000000000e+00 1.152753829956054688e-03 1.578427635176438198e+05 0.000000000000000000e+00
2.000000000000000000e+00 1.138448715209960938e-03 1.774656111948731705e+05 1.127682998494827782e+00
3.000000000000000000e+00 1.140356063842773438e-03 2.177725477404060657e+05 1.680920178732636439e+00
4.000000000000000000e+00 1.127958297729492188e-03 1.581391648948306392e+05 -5.891576740099676440e-02
5.000000000000000000e+00 1.132965087890625000e-03 1.572448755081024428e+05 -7.404051766136973689e-02
6.000000000000000000e+00 1.164197921752929688e-03 1.810905808341156808e+05 5.162730617351519724e-01
7.000000000000000000e+00 1.129388809204101562e-03 2.199564529393476259e+05 1.495841967723796628e+00
8.000000000000000000e+00 1.135826110839843750e-03 1.938840422361786477e+05 5.846894482340907473e-01
9.000000000000000000e+00 1.134872436523437500e-03 1.647780179821889906e+05 -2.071723289295255288e-01
1.000000000000000000e+01 1.133680343627929688e-03 1.675920515697519004e+05 -1.204520633376633398e-01
1.100000000000000000e+01 1.132011413574218750e-03 2.290651849920208042e+05 1.652695510839380377e+00
1.200000000000000000e+01 1.107692718505859375e-03 2.671821892227571807e+05 2.449206857993129649e+00
1.300000000000000000e+01 1.104593276977539062e-03 2.838836527862290968e+05 2.309645270506912595e+00
1.400000000000000000e+01 1.123189926147460938e-03 2.752652922447913443e+05 1.704610410787953834e+00
1.500000000000000000e+01 1.764059066772460938e-03 1.275626908322266972e+05 -1.303773794248697993e+00
1.600000000000000000e+01 2.012014389038085938e-03 1.365834222629069700e+05 -1.030745067838702900e+00
1.700000000000000000e+01 2.020835876464843750e-03 1.828209800711461867e+05 -1.087225530022779135e-01
1.800000000000000000e+01 2.024412155151367188e-03 2.010261980221467675e+05 2.436683932049204804e-01
1.900000000000000000e+01 1.899719238281250000e-03 2.975136917343432433e+05 2.139906881912835068e+00
2.000000000000000000e+01 1.809120178222656250e-03 3.470872497950065299e+05 2.775727289424373634e+00
2.100000000000000000e+01 1.845836639404296875e-03 2.263972887094379403e+05 3.913758656829716132e-01
2.200000000000000000e+01 2.050876617431640625e-03 3.110869504142611404e+05 1.751412305553904591e+00
2.300000000000000000e+01 2.047300338745117188e-03 3.299941439099321142e+05 1.899386794450842464e+00
2.400000000000000000e+01 1.905441284179687500e-03 2.494980939842629014e+05 5.435144183209210667e-01
2.500000000000000000e+01 2.070188522338867188e-03 3.072007674720559153e+05 1.393363940043093940e+00
2.600000000000000000e+01 1.836776733398437500e-03 3.231748453416215489e+05 1.552174716755903905e+00
2.700000000000000000e+01 2.101182937622070312e-03 2.769283102490500896e+05 7.943067897606393979e-01
2.800000000000000000e+01 2.099752426147460938e-03 3.305880886464010109e+05 1.547435291544532410e+00
2.900000000000000000e+01 2.136468887329101562e-03 3.325714749195041950e+05 1.488284914885573462e+00
3.000000000000000000e+01 2.224683761596679688e-03 3.174795491395528079e+05 1.201975974095785604e+00
3.100000000000000000e+01 2.124071121215820312e-03 3.254941631063544191e+05 1.265927411341597253e+00
3.200000000000000000e+01 2.123355865478515625e-03 3.298243008608111413e+05 1.274687793227977428e+00
3.300000000000000000e+01 1.878499984741210938e-03 3.307232502625124180e+05 1.237253472710184710e+00
3.400000000000000000e+01 2.115249633789062500e-03 3.439262196952065569e+05 1.369438303606585361e+00
3.500000000000000000e+01 1.911163330078125000e-03 3.380139011953510344e+05 1.236060042528045688e+00
3.600000000000000000e+01 1.893758773803710938e-03 2.445249497019877890e+05 -3.866724588433369941e-02
3.700000000000000000e+01 2.145767211914062500e-03 1.637048206204829039e+05 -1.118417319367219553e+00
3.800000000000000000e+01 2.162933349609375000e-03 1.800516293216730992e+05 -8.679372724969051101e-01
3.900000000000000000e+01 2.152681350708007812e-03 2.773462148793038214e+05 4.525550502591185742e-01
4.000000000000000000e+01 1.916646957397460938e-03 3.035131960492084618e+05 7.994422508953933360e-01
4.100000000000000000e+01 1.924514770507812500e-03 3.212963201649500406e+05 1.025088223300838930e+00
4.200000000000000000e+01 2.172946929931640625e-03 2.848521494577954290e+05 5.057064106509527868e-01
4.300000000000000000e+01 2.181768417358398438e-03 3.097133405078169308e+05 8.389154130416586197e-01
4.400000000000000000e+01 2.466917037963867188e-03 2.746077389843639103e+05 3.402814438390940888e-01
4.500000000000000000e+01 2.249002456665039062e-03 3.148467522221697145e+05 8.949076934775531678e-01
4.600000000000000000e+01 2.496719360351562500e-03 2.960557942210495821e+05 6.159943231083415682e-01
4.700000000000000000e+01 1.986503601074218750e-03 3.264356179447530303e+05 1.032861411161202447e+00
4.800000000000000000e+01 2.190828323364257812e-03 2.680657136639145319e+05 1.931247691838215153e-01
4.900000000000000000e+01 2.637863159179687500e-03 2.631922304248471628e+05 1.221398815104680763e-01
5.000000000000000000e+01 1.142978668212890625e-03 2.780174129900469561e+05 3.328724223215109856e-01
5.100000000000000000e+01 1.153945922851562500e-03 2.814425121059346129e+05 3.787044554704808164e-01
5.200000000000000000e+01 1.142501831054687500e-03 2.467253461424651032e+05 -1.305128057168331857e-01
5.300000000000000000e+01 1.147031784057617188e-03 2.433263691510272038e+05 -1.792047943679677957e-01
5.400000000000000000e+01 1.147508621215820312e-03 2.982681710083491635e+05 6.369812311415385953e-01
5.500000000000000000e+01 1.145362854003906250e-03 3.692837000540473382e+05 1.687612492718360224e+00
5.600000000000000000e+01 1.141309738159179688e-03 3.258377490891499328e+05 9.936801160262287436e-01
5.700000000000000000e+01 1.150131225585937500e-03 3.271508305101167061e+05 9.957764296044818719e-01
5.800000000000000000e+01 1.141786575317382812e-03 3.344121883232905529e+05 1.085405287722083001e+00
5.900000000000000000e+01 1.153945922851562500e-03 3.854952603938126704e+05 1.814306233440042160e+00
6.000000000000000000e+01 1.141309738159179688e-03 3.343186125235783984e+05 1.014887378256376760e+00
6.100000000000000000e+01 1.141071319580078125e-03 3.146257338591837906e+05 7.148446170694979784e-01
6.200000000000000000e+01 1.134634017944335938e-03 3.158067629596992047e+05 7.232586569713984614e-01
6.300000000000000000e+01 1.140594482421875000e-03 3.148458517547748052e+05 7.006452178546412890e-01
6.400000000000000000e+01 1.151561737060546875e-03 3.154196974838133901e+05 7.008998338803246186e-01
6.500000000000000000e+01 1.147747039794921875e-03 3.407968869018180412e+05 1.063944622417434038e+00
6.600000000000000000e+01 1.168251037597656250e-03 3.672859313135492266e+05 1.433841468398905361e+00
6.700000000000000000e+01 1.145601272583007812e-03 4.082390194828549284e+05 1.995230601293829231e+00
6.800000000000000000e+01 1.143693923950195312e-03 4.376947975804625312e+05 2.342325438689737194e+00
6.900000000000000000e+01 1.152992248535156250e-03 3.904515936662098975e+05 1.587399459892838705e+00
7.000000000000000000e+01 1.917123794555664062e-03 3.826578970840370748e+05 1.442129441308596327e+00
7.100000000000000000e+01 1.191616058349609375e-03 3.252622686168439104e+05 6.361827271229220093e-01
7.200000000000000000e+01 1.142263412475585938e-03 3.515745683070041123e+05 9.868598879468015728e-01
7.300000000000000000e+01 1.158952713012695312e-03 3.053163671226085280e+05 3.460929996288916732e-01
7.400000000000000000e+01 1.144170761108398438e-03 3.599132215931110550e+05 1.088644349882038842e+00
7.500000000000000000e+01 1.141548156738281250e-03 3.810046804508969071e+05 1.360433204726176681e+00
7.600000000000000000e+01 1.146554946899414062e-03 3.619189854415770969e+05 1.076431103487005547e+00
7.700000000000000000e+01 1.147270202636718750e-03 3.894659375846043113e+05 1.434580306176115538e+00
7.800000000000000000e+01 1.146793365478515625e-03 3.937134592065443867e+05 1.463947914893270585e+00
7.900000000000000000e+01 1.156330108642578125e-03 3.820913938071181765e+05 1.279912841046650707e+00
8.000000000000000000e+01 1.141786575317382812e-03 4.513933800548621221e+05 2.181292349398237018e+00
8.100000000000000000e+01 1.147747039794921875e-03 3.787888735280155670e+05 1.161568364730120706e+00
8.200000000000000000e+01 1.149177551269531250e-03 4.050526090773896431e+05 1.486067330026727085e+00
8.300000000000000000e+01 1.365900039672851562e-03 6.206096682067600777e+05 4.236584389091976988e+00
8.300000000000000000e+01 2.478599548339843750e-03 3.864511630780668929e+05 0.000000000000000000e+00
8.400000000000000000e+01 1.142501831054687500e-03 5.676403481928614201e+05 0.000000000000000000e+00
8.500000000000000000e+01 1.142740249633789062e-03 6.194409934801527997e+05 1.111419958369570304e+00
8.600000000000000000e+01 1.155614852905273438e-03 6.811690084260553122e+05 1.280552993007501250e+00
8.700000000000000000e+01 1.140594482421875000e-03 6.761522862269511679e+05 8.860872981247243096e-01
8.800000000000000000e+01 1.150131225585937500e-03 7.436113331492315046e+05 1.302323704195445186e+00
8.900000000000000000e+01 1.142501831054687500e-03 6.868715287653423147e+05 5.919435423786989503e-01
9.000000000000000000e+01 1.150846481323242188e-03 7.118540665108705871e+05 7.511371527903587531e-01
9.100000000000000000e+01 1.140594482421875000e-03 6.008435444014372770e+05 -2.924784797848920537e-01
9.200000000000000000e+01 1.145124435424804688e-03 5.262788309945641086e+05 -9.726817198837816036e-01
9.300000000000000000e+01 1.145839691162109375e-03 5.619151114372476004e+05 -5.471930233511559383e-01
9.400000000000000000e+01 1.151323318481445312e-03 4.805820136102549150e+05 -1.311880998104171248e+00
9.500000000000000000e+01 1.145362854003906250e-03 4.549898290680025821e+05 -1.416095005593072997e+00
9.600000000000000000e+01 1.154661178588867188e-03 4.202238768513207906e+05 -1.583333910698390801e+00
9.700000000000000000e+01 1.137256622314453125e-03 3.963482440252893139e+05 -1.609910315676423842e+00
9.800000000000000000e+01 1.139879226684570312e-03 3.628524640168437036e+05 -1.711777825579708701e+00
9.900000000000000000e+01 1.147747039794921875e-03 3.865957830220846226e+05 -1.330938529041697072e+00
1.000000000000000000e+02 1.153707504272460938e-03 3.453677087561730877e+05 -1.546895992787960417e+00
1.010000000000000000e+02 1.140356063842773438e-03 3.711527420261714142e+05 -1.216801180445879149e+00
1.020000000000000000e+02 1.161336898803710938e-03 4.903638657101921854e+05 -2.582804488610132565e-01
1.030000000000000000e+02 1.136779785156250000e-03 5.419336980086686090e+05 1.395759450673313418e-01
1.040000000000000000e+02 1.145362854003906250e-03 4.980636196886701509e+05 -2.049739243318003945e-01
1.050000000000000000e+02 1.137971878051757812e-03 5.135728830157771008e+05 -7.677683067487424406e-02
1.060000000000000000e+02 1.150846481323242188e-03 5.127410259367732215e+05 -8.193647209519867858e-02
1.070000000000000000e+02 1.142024993896484375e-03 4.845356994136584690e+05 -3.152812975017812991e-01
1.080000000000000000e+02 1.144647598266601562e-03 6.325413320453135530e+05 9.485552912871361153e-01
1.090000000000000000e+02 1.138925552368164062e-03 6.476494508087576833e+05 1.043211533079253517e+00
1.100000000000000000e+02 1.155853271484375000e-03 6.021574766166439513e+05 6.165699524761242278e-01
1.110000000000000000e+02 1.148462295532226562e-03 4.758437938035142724e+05 -4.859520612933189154e-01
1.120000000000000000e+02 1.145839691162109375e-03 4.620532240486894734e+05 -5.962128733672741321e-01
1.130000000000000000e+02 1.146793365478515625e-03 4.613811483420610311e+05 -5.889101298793106842e-01
1.140000000000000000e+02 1.155138015747070312e-03 4.366956641593486420e+05 -7.968088484755786460e-01
1.150000000000000000e+02 1.158714294433593750e-03 3.855690892622875399e+05 -1.236245082109378224e+00
1.160000000000000000e+02 1.144886016845703125e-03 3.580913110635188059e+05 -1.434972484536697346e+00
1.170000000000000000e+02 1.143455505371093750e-03 3.611807202392789768e+05 -1.345009798707895055e+00
1.180000000000000000e+02 1.142024993896484375e-03 3.812082669117759215e+05 -1.118182138913661694e+00
1.190000000000000000e+02 1.154661178588867188e-03 4.617763596594549017e+05 -3.856146714054854430e-01
1.200000000000000000e+02 1.158237457275390625e-03 6.154250909538895357e+05 9.678380981448698739e-01
1.210000000000000000e+02 1.141786575317382812e-03 6.296512603618630674e+05 1.068409039021718909e+00
1.220000000000000000e+02 1.153707504272460938e-03 5.502657654894137522e+05 3.434315950918077065e-01
1.230000000000000000e+02 1.143693923950195312e-03 5.207275947760315030e+05 7.673205467012074454e-02
1.240000000000000000e+02 1.166105270385742188e-03 5.031042488958717440e+05 -8.247527531873023732e-02
1.250000000000000000e+02 1.151084899902343750e-03 5.292484214985300787e+05 1.562059580922736113e-01
1.260000000000000000e+02 1.152038574218750000e-03 5.088385008958347607e+05 -3.339040090728975785e-02
1.270000000000000000e+02 1.143932342529296875e-03 4.881418725226118113e+05 -2.256740981599992535e-01
1.280000000000000000e+02 1.146316528320312500e-03 5.323055476167321904e+05 1.925335253671848768e-01
1.290000000000000000e+02 1.181840896606445312e-03 6.161380319315483794e+05 9.879129689469775544e-01
1.300000000000000000e+02 1.154184341430664062e-03 6.387651902442302089e+05 1.182726194334881686e+00
1.310000000000000000e+02 1.138687133789062500e-03 7.224047916194522986e+05 1.946513349920848679e+00
1.320000000000000000e+02 1.152038574218750000e-03 8.286438244952253299e+05 2.835023295895801709e+00
1.330000000000000000e+02 1.360177993774414062e-03 9.401852793199711014e+05 3.565187421755616093e+00
1.330000000000000000e+02 2.452850341796875000e-03 4.920031212187782512e+05 0.000000000000000000e+00
1.340000000000000000e+02 1.141548156738281250e-03 7.103574238047883846e+05 0.000000000000000000e+00
1.350000000000000000e+02 1.167535781860351562e-03 6.259168638746484648e+05 1.602112831207679056e-01
1.360000000000000000e+02 1.124382019042968750e-03 5.964514982110706624e+05 -1.178332880733481552e-01
1.370000000000000000e+02 1.860618591308593750e-03 5.179428349159514764e+05 -9.789586272474413153e-01
1.380000000000000000e+02 3.513336181640625000e-03 4.596977782444559271e+05 -1.472960694890551592e+00
1.390000000000000000e+02 3.096342086791992188e-03 7.900061702389318962e+05 2.364940484007364230e+00
1.400000000000000000e+02 3.174066543579101562e-03 7.695298889895648463e+05 1.416600938741741089e+00
1.410000000000000000e+02 6.817817687988281250e-03 6.018788045453334926e+05 -1.448140829841544908e-01
1.420000000000000000e+02 3.146886825561523438e-03 5.299315699327761540e+05 -7.433063227797611638e-01
1.430000000000000000e+02 1.133918762207031250e-03 5.301136596160422778e+05 -6.869034175517504393e-01
1.440000000000000000e+02 1.135826110839843750e-03 6.412719281752501847e+05 3.490280939149887351e-01
1.450000000000000000e+02 1.115322113037109375e-03 5.743598306685249554e+05 -2.891890732029437361e-01
1.460000000000000000e+02 1.113653182983398438e-03 6.653220445116603514e+05 6.034987064514791832e-01
1.470000000000000000e+02 1.117467880249023438e-03 7.645850909770703875e+05 1.562448183661163892e+00
1.480000000000000000e+02 1.112699508666992188e-03 8.024826212314616423e+05 1.756734690906820218e+00
1.490000000000000000e+02 1.122236251831054688e-03 7.970910774252795381e+05 1.503542986601527742e+00
1.500000000000000000e+02 1.130819320678710938e-03 8.021829408168001100e+05 1.411871840228397845e+00
1.510000000000000000e+02 1.121282577514648438e-03 7.850449597241970478e+05 1.155226867783767597e+00
1.520000000000000000e+02 1.110553741455078125e-03 8.035502411690916633e+05 1.241784578490796820e+00
1.530000000000000000e+02 1.110076904296875000e-03 9.122964513468379155e+05 2.067216338051217406e+00
1.540000000000000000e+02 1.105308532714843750e-03 1.043151933766885428e+06 2.843363296363380144e+00
1.550000000000000000e+02 1.103639602661132812e-03 9.215720155122132273e+05 1.545432877556321749e+00
1.560000000000000000e+02 1.114130020141601562e-03 7.949301226492178394e+05 6.096547794421544042e-01
1.570000000000000000e+02 1.108169555664062500e-03 7.406673679456812097e+05 2.330903778564649698e-01
1.580000000000000000e+02 1.354694366455078125e-03 7.632741502180895768e+05 3.811490475074099660e-01
1.590000000000000000e+02 1.118421554565429688e-03 7.651079072652272880e+05 3.855786338561568716e-01
1.600000000000000000e+02 1.120090484619140625e-03 8.378053557643876411e+05 8.861582936201710670e-01
1.610000000000000000e+02 1.108169555664062500e-03 8.576809935036795214e+05 9.980556024122566594e-01
1.620000000000000000e+02 1.110076904296875000e-03 8.283873802824789891e+05 7.582939277576803416e-01
1.630000000000000000e+02 1.111745834350585938e-03 6.773442733807413606e+05 -3.317290252435298181e-01
1.640000000000000000e+02 1.106977462768554688e-03 8.663009439157961169e+05 1.033594540998503231e+00
1.650000000000000000e+02 1.109361648559570312e-03 1.002172228463496431e+06 1.977752708245862356e+00
1.660000000000000000e+02 1.107215881347656250e-03 8.991029324874503072e+05 1.128455304805224602e+00
1.670000000000000000e+02 1.107454299926757812e-03 9.539283606480041053e+05 1.468109647647397820e+00
1.680000000000000000e+02 1.119852066040039062e-03 9.300643920424670214e+05 1.242354917192493025e+00
1.690000000000000000e+02 1.169919967651367188e-03 9.813235997263559839e+05 1.543547183463535477e+00
1.700000000000000000e+02 1.119613647460937500e-03 9.482208631119992351e+05 1.256716885819170626e+00
1.710000000000000000e+02 1.112937927246093750e-03 1.073242524653856643e+06 2.033582033947971102e+00
1.720000000000000000e+02 1.108646392822265625e-03 9.840458237506721634e+05 1.344738996746086990e+00
1.730000000000000000e+02 1.104831695556640625e-03 9.238410992513326928e+05 9.227067015411717366e-01
1.740000000000000000e+02 1.103639602661132812e-03 9.058149877488692291e+05 7.893635554322099290e-01
1.750000000000000000e+02 1.111984252929687500e-03 8.274682133574327454e+05 2.818739430762241538e-01
1.760000000000000000e+02 1.106739044189453125e-03 8.750269972654451849e+05 5.806330819483795924e-01
1.770000000000000000e+02 1.110076904296875000e-03 8.923593101638626540e+05 6.829309100887582806e-01
1.780000000000000000e+02 1.106500625610351562e-03 8.938703187053399161e+05 6.816597872226940469e-01
1.790000000000000000e+02 1.118659973144531250e-03 9.942955608850197168e+05 1.322138243829309889e+00
1.800000000000000000e+02 1.141071319580078125e-03 1.051237254456784576e+06 1.650547992321482527e+00
1.810000000000000000e+02 1.656270027160644531e-02 1.298562427765680477e+06 3.152285001057060665e+00
1.810000000000000000e+02 2.117347717285156250e-02 1.001311913391067996e+06 0.000000000000000000e+00
1.820000000000000000e+02 1.132249832153320312e-03 1.343791795305083739e+06 0.000000000000000000e+00
1.830000000000000000e+02 1.125097274780273438e-03 1.485521367970805382e+06 1.292355417494851277e+00
1.840000000000000000e+02 1.127719879150390625e-03 1.345184163238223176e+06 2.743956544193609792e-01
1.850000000000000000e+02 1.128196716308593750e-03 1.312986738229187438e+06 9.235017633376324531e-02
1.860000000000000000e+02 1.123666763305664062e-03 1.319147711166184163e+06 1.196891028095818099e-01
1.870000000000000000e+02 1.129150390625000000e-03 1.268469162033852888e+06 -2.052487468371023416e-01
1.880000000000000000e+02 1.121520996093750000e-03 1.331455758717347169e+06 2.374681916468300846e-01
1.890000000000000000e+02 1.111745834350585938e-03 1.412849176215606974e+06 8.205431724332713506e-01
1.900000000000000000e+02 1.167774200439453125e-03 1.349227884093728615e+06 2.695559818166259891e-01
1.910000000000000000e+02 1.117944717407226562e-03 1.210891366161635611e+06 -8.435744537553722111e-01
1.920000000000000000e+02 1.118183135986328125e-03 1.203587944062416675e+06 -8.399126280705628833e-01
1.930000000000000000e+02 1.114606857299804688e-03 1.072413342980642105e+06 -1.861885440459099650e+00
1.940000000000000000e+02 1.117229461669921875e-03 1.127965914708663244e+06 -1.159744787827881707e+00
1.950000000000000000e+02 1.114130020141601562e-03 1.375513735662580002e+06 7.879752695566278886e-01
1.960000000000000000e+02 1.115083694458007812e-03 1.460810662064135307e+06 1.395637118075693461e+00
1.970000000000000000e+02 1.114606857299804688e-03 1.341127220725346822e+06 3.873973084892838870e-01
1.980000000000000000e+02 1.106262207031250000e-03 1.402925006259728922e+06 8.452974227374826510e-01
1.990000000000000000e+02 1.108884811401367188e-03 1.504815998502831208e+06 1.589346755595828942e+00
2.000000000000000000e+02 1.110553741455078125e-03 1.531207174421504838e+06 1.646063120541022773e+00
2.010000000000000000e+02 1.113891601562500000e-03 1.320381928197951987e+06 2.289754198602628014e-03
2.020000000000000000e+02 1.111984252929687500e-03 1.150650003753835103e+06 -1.237140785227642814e+00
2.030000000000000000e+02 1.115083694458007812e-03 1.041986001476013684e+06 -1.953050563447210619e+00
2.040000000000000000e+02 1.110553741455078125e-03 1.142879152852232335e+06 -1.076417254752032981e+00
2.050000000000000000e+02 1.114845275878906250e-03 1.095847662778284168e+06 -1.349276643256142716e+00
2.060000000000000000e+02 1.118659973144531250e-03 1.007409027040165965e+06 -1.868487122353523766e+00
2.070000000000000000e+02 1.114845275878906250e-03 1.018188076006176649e+06 -1.648403906306985078e+00
2.080000000000000000e+02 1.113653182983398438e-03 1.041334318859832711e+06 -1.396259809556365417e+00
2.090000000000000000e+02 1.113414764404296875e-03 1.098671829739287961e+06 -9.741018137736526805e-01
2.100000000000000000e+02 1.120328903198242188e-03 1.140731798114113742e+06 -6.841529540538965337e-01
2.110000000000000000e+02 1.122951507568359375e-03 1.148139132747935131e+06 -6.218493674451150977e-01
2.120000000000000000e+02 1.116514205932617188e-03 9.413951065814868780e+05 -1.900913615563942560e+00
2.130000000000000000e+02 1.148700714111328125e-03 7.984645477811513701e+05 -2.631177553095451760e+00
2.140000000000000000e+02 1.118183135986328125e-03 8.052127240168268327e+05 -2.312859561014124488e+00
2.150000000000000000e+02 1.114368438720703125e-03 8.174422618580007693e+05 -2.050716052000414624e+00
2.160000000000000000e+02 1.117467880249023438e-03 7.794414189958756324e+05 -2.097359506137785434e+00
2.170000000000000000e+02 1.122474670410156250e-03 7.529097498169844039e+05 -2.076651617311622289e+00
2.180000000000000000e+02 1.132011413574218750e-03 7.144152809107694775e+05 -2.112691481493424561e+00
2.190000000000000000e+02 1.119136810302734375e-03 7.144717368005013559e+05 -1.969700566759186922e+00
2.200000000000000000e+02 1.132965087890625000e-03 7.155978773620050633e+05 -1.847851461186200028e+00
2.210000000000000000e+02 1.129865646362304688e-03 7.899592099369884236e+05 -1.444342066723530937e+00
2.220000000000000000e+02 1.142501831054687500e-03 7.721949201542910887e+05 -1.463353749169128415e+00
2.230000000000000000e+02 1.131296157836914062e-03 7.592384380667018704e+05 -1.461807514086687743e+00
2.240000000000000000e+02 1.127958297729492188e-03 7.643227829380616313e+05 -1.389567512173276231e+00
2.250000000000000000e+02 1.157045364379882812e-03 8.239130895222851541e+05 -1.110821856430804111e+00
2.260000000000000000e+02 1.129627227783203125e-03 7.823904130294540664e+05 -1.245830461273113476e+00
2.270000000000000000e+02 1.116752624511718750e-03 7.736720111133874161e+05 -1.245657101089129970e+00
2.280000000000000000e+02 8.766651153564453125e-04 8.384617941396533279e+05 -9.620505481486124610e-01
2.290000000000000000e+02 1.130342483520507812e-03 7.681370906658415915e+05 -1.214889632608741499e+00
2.300000000000000000e+02 1.137018203735351562e-03 7.405463095176530769e+05 -1.290806893097856234e+00
2.310000000000000000e+02 1.766920089721679688e-03 8.673769567068119068e+05 -7.718386133625593226e-01
2.320000000000000000e+02 1.138925552368164062e-03 1.097662336410691496e+06 1.245367043143675301e-01
2.330000000000000000e+02 1.137256622314453125e-03 1.096827601734070573e+06 1.201011826397752336e-01
2.340000000000000000e+02 1.134157180786132812e-03 1.064996837646362605e+06 -5.662138680579987052e-03
2.350000000000000000e+02 1.138687133789062500e-03 9.535833775782280136e+05 -4.460138991053440027e-01
2.360000000000000000e+02 1.144647598266601562e-03 9.588567803851783974e+05 -4.202020565146975528e-01
2.370000000000000000e+02 1.146078109741210938e-03 9.562667312843927648e+05 -4.262287086261098423e-01
2.380000000000000000e+02 1.143693923950195312e-03 8.920570248087653890e+05 -6.814367842629746042e-01
2.390000000000000000e+02 1.134872436523437500e-03 8.419429887412526878e+05 -8.764732543878758220e-01
2.400000000000000000e+02 1.140117645263671875e-03 8.286442954297926044e+05 -9.175770955882017743e-01
2.410000000000000000e+02 1.137256622314453125e-03 1.274906518862852827e+06 9.156561621889952596e-01
2.420000000000000000e+02 1.147508621215820312e-03 1.684126368144000415e+06 2.572656669144883335e+00
2.430000000000000000e+02 1.138210296630859375e-03 1.311126730343299685e+06 9.656593680696093918e-01
2.440000000000000000e+02 1.137018203735351562e-03 7.574004452465283684e+05 -1.215438728044791583e+00
2.450000000000000000e+02 1.139879226684570312e-03 6.891643819805334788e+05 -1.458167616682595424e+00
2.460000000000000000e+02 1.157045364379882812e-03 7.519626923720121849e+05 -1.180876910511466704e+00
2.470000000000000000e+02 1.165866851806640625e-03 7.740484261152622057e+05 -1.074531096027173893e+00
2.480000000000000000e+02 1.142263412475585938e-03 9.107141363007401815e+05 -5.311710339405115722e-01
2.490000000000000000e+02 1.139640808105468750e-03 9.957657099565889221e+05 -1.969381995050755174e-01
2.500000000000000000e+02 1.201868057250976562e-03 1.014782737194305519e+06 -1.213234960049043160e-01
2.510000000000000000e+02 1.145839691162109375e-03 9.961107769874066580e+05 -1.937814975785742966e-01
2.520000000000000000e+02 1.155376434326171875e-03 9.601203648799913935e+05 -3.347027492375905244e-01
2.530000000000000000e+02 1.146316528320312500e-03 1.004282271699536243e+06 -1.564003437930424623e-01
2.540000000000000000e+02 1.158952713012695312e-03 1.168480316106826533e+06 5.025807379410865972e-01
2.550000000000000000e+02 1.159429550170898438e-03 1.187436363216215977e+06 5.747037178186834572e-01
2.560000000000000000e+02 1.156568527221679688e-03 1.140252362528937170e+06 3.787374103357493138e-01
2.570000000000000000e+02 1.154184341430664062e-03 1.158079271939061349e+06 4.484547081754259867e-01
2.580000000000000000e+02 1.155614852905273438e-03 1.261391838598062051e+06 8.676283023331861077e-01
2.590000000000000000e+02 1.149415969848632812e-03 1.321915673805829836e+06 1.105950239523542100e+00
2.600000000000000000e+02 1.264810562133789062e-03 1.294718340595342452e+06 9.791997854659902911e-01
2.610000000000000000e+02 1.160144805908203125e-03 1.236509719677400775e+06 7.289960183075709921e-01
2.620000000000000000e+02 1.154899597167968750e-03 1.174832320432889508e+06 4.689011547427519577e-01
2.630000000000000000e+02 1.148462295532226562e-03 1.183419270983647788e+06 5.008663417630974113e-01
2.640000000000000000e+02 1.218080520629882812e-03 1.157737302348745521e+06 3.906662473341123154e-01
2.650000000000000000e+02 1.171112060546875000e-03 1.177453484433904756e+06 4.701495566328177111e-01
2.660000000000000000e+02 1.164436340332031250e-03 1.139342840506999055e+06 3.072697149174433151e-01
2.670000000000000000e+02 1.159429550170898438e-03 1.054145239538273308e+06 -5.321191381987647184e-02
2.680000000000000000e+02 1.137018203735351562e-03 9.598479828594067367e+05 -4.520649579198525725e-01
2.690000000000000000e+02 1.121520996093750000e-03 9.878092901824584696e+05 -3.300858582891686432e-01
2.700000000000000000e+02 1.125574111938476562e-03 9.487119347018647240e+05 -4.951557039478771682e-01
2.710000000000000000e+02 1.121997833251953125e-03 8.911011489280650858e+05 -7.390481232197584349e-01
2.720000000000000000e+02 8.828639984130859375e-04 8.159412022639382631e+05 -1.056255772063777076e+00
2.730000000000000000e+02 2.149105072021484375e-03 7.819746648460556753e+05 -1.190274465393895031e+00
2.740000000000000000e+02 1.128435134887695312e-03 7.988798448292558314e+05 -1.102361932854101667e+00
2.750000000000000000e+02 1.127958297729492188e-03 8.424342596375731518e+05 -9.027288303961881200e-01
2.760000000000000000e+02 1.153707504272460938e-03 9.419855378321128665e+05 -4.669223051116901946e-01
2.770000000000000000e+02 3.577947616577148438e-03 1.183982832029507263e+06 5.788704503831110237e-01
2.780000000000000000e+02 1.151561737060546875e-03 1.114406339173298329e+06 2.740296822093178930e-01
2.790000000000000000e+02 1.146793365478515625e-03 1.115257742083316902e+06 2.762365091749994783e-01
2.800000000000000000e+02 1.146078109741210938e-03 1.094538783589141676e+06 1.842895008872002804e-01
2.810000000000000000e+02 1.140117645263671875e-03 1.126553614902928704e+06 3.238025415235418758e-01
2.820000000000000000e+02 1.140117645263671875e-03 1.161063048743033782e+06 4.741293921179789983e-01
2.830000000000000000e+02 1.146793365478515625e-03 1.186737639301479328e+06 5.848868504862353435e-01
2.840000000000000000e+02 1.146793365478515625e-03 1.113246917694180040e+06 2.549012588747497920e-01
2.850000000000000000e+02 1.137971878051757812e-03 1.010526011098551331e+06 -2.044141327080245263e-01
2.860000000000000000e+02 1.138925552368164062e-03 9.765194249129894888e+05 -3.557415017176833172e-01
2.870000000000000000e+02 1.134634017944335938e-03 9.800579201428700471e+05 -3.379450182043836626e-01
2.880000000000000000e+02 1.148939132690429688e-03 9.518347602721706498e+05 -4.636877004222493270e-01
2.890000000000000000e+02 1.153469085693359375e-03 9.802203336409348994e+05 -3.323935799444721617e-01
2.900000000000000000e+02 1.145839691162109375e-03 9.641276616739297751e+05 -4.039768588366856594e-01
2.910000000000000000e+02 1.137018203735351562e-03 9.382369166371774627e+05 -5.201834949650009365e-01
2.920000000000000000e+02 1.139163970947265625e-03 9.140079476368076866e+05 -6.283267579008849912e-01
2.930000000000000000e+02 1.132726669311523438e-03 8.763727766650537960e+05 -7.974890703321706464e-01
2.940000000000000000e+02 1.153945922851562500e-03 8.435231823676248314e+05 -9.430414078059266014e-01
2.950000000000000000e+02 1.142501831054687500e-03 9.051703888265351998e+05 -6.511692654915048895e-01
2.960000000000000000e+02 1.150608062744140625e-03 9.204700635420492617e+05 -5.764685536199858351e-01
2.970000000000000000e+02 1.138210296630859375e-03 9.896127357152445475e+05 -2.527920917643152743e-01
2.980000000000000000e+02 1.161336898803710938e-03 9.645091419022836490e+05 -3.684423262598923721e-01
2.990000000000000000e+02 1.142978668212890625e-03 9.434719872245813021e+05 -4.649165010642452023e-01
