1.843485261629008502e+07
1.000000000000000000e+00 2.630734443664550781e-02 1.431747191117666662e+05 0.000000000000000000e+00
2.000000000000000000e+00 2.721858024597167969e-02 1.431398173303105577e+05 7.065569091029245685e-01
3.000000000000000000e+00 2.877902984619140625e-02 8.510904180236379034e+04 -5.429465127779250500e-01
4.000000000000000000e+00 3.478598594665527344e-02 1.290072345328092342e+05 5.113631490094976417e-01
5.000000000000000000e+00 4.027938842773437500e-02 1.018125873019029532e+05 -2.242623664649546489e-01
6.000000000000000000e+00 5.335664749145507812e-02 1.108307487544633914e+05 4.330923230399402746e-02
7.000000000000000000e+00 4.500651359558105469e-02 1.240391825464095455e+05 4.435772188155224782e-01
8.000000000000000000e+00 4.980421066284179688e-02 1.057408670651833963e+05 -1.810987163349156714e-01
9.000000000000000000e+00 5.102586746215820312e-02 1.140987922380413074e+05 1.179256346850285492e-01
1.000000000000000000e+01 5.092048645019531250e-02 1.052546722039323504e+05 -2.123654140544936897e-01
1.100000000000000000e+01 5.396509170532226562e-02 9.171105981737367983e+04 -7.262224248220056078e-01
1.200000000000000000e+01 5.595040321350097656e-02 1.228068539877677831e+05 5.485428713970303960e-01
1.300000000000000000e+01 6.418251991271972656e-02 1.066362363251620700e+05 -1.377277065421140256e-01
1.400000000000000000e+01 6.730222702026367188e-02 1.135527727167286648e+05 1.606103699581632460e-01
1.500000000000000000e+01 6.593275070190429688e-02 9.726954203070273797e+04 -5.612788238629337068e-01
1.600000000000000000e+01 7.792592048645019531e-02 1.303151764328520076e+05 9.508886045874708204e-01
1.700000000000000000e+01 6.788635253906250000e-02 1.608468027781232668e+05 2.282158465743569842e+00
1.800000000000000000e+01 8.501696586608886719e-02 1.410372269873239275e+05 1.134100999435701862e+00
1.900000000000000000e+01 8.420228958129882812e-02 2.160783646721349796e+05 4.113804751297556628e+00
1.900000000000000000e+01 1.654903888702392578e-01 2.040238797559594386e+05 0.000000000000000000e+00
2.000000000000000000e+01 1.205461025238037109e-01 2.898954856772958883e+05 0.000000000000000000e+00
2.100000000000000000e+01 9.954857826232910156e-02 1.852846277596469154e+05 -1.015722231399381004e+00
2.200000000000000000e+01 8.544516563415527344e-02 2.324956715561058663e+05 1.092565166864066240e-01
2.300000000000000000e+01 9.946846961975097656e-02 1.833711085331558133e+05 -9.760705926897899065e-01
2.400000000000000000e+01 1.101965904235839844e-01 1.428148205064651265e+05 -1.721306888506882959e+00
2.500000000000000000e+01 1.187710762023925781e-01 1.343903924239432090e+05 -1.428380455388602588e+00
2.600000000000000000e+01 1.109573841094970703e-01 1.430688871576948441e+05 -9.918990225705942576e-01
2.700000000000000000e+01 1.175177097320556641e-01 1.351247445427162456e+05 -1.026925430173897702e+00
2.800000000000000000e+01 1.234066486358642578e-01 1.303042977876496589e+05 -1.007949676121649096e+00
2.900000000000000000e+01 1.218259334564208984e-01 1.056326204676264606e+05 -1.382232351619191890e+00
3.000000000000000000e+01 1.206116676330566406e-01 1.558744678816575906e+05 -2.875633842261330342e-01
3.100000000000000000e+01 1.336088180541992188e-01 2.168428629278299923e+05 8.975714918128401276e-01
3.200000000000000000e+01 1.278600692749023438e-01 1.987990630332000437e+05 4.866009478129978971e-01
3.300000000000000000e+01 2.056231498718261719e-01 1.580481361325605540e+05 -3.513969973832068439e-01
3.400000000000000000e+01 1.571099758148193359e-01 1.395750671506981889e+05 -7.217067916389563464e-01
3.500000000000000000e+01 1.373355388641357422e-01 1.342826171934946033e+05 -8.000505641586885819e-01
3.600000000000000000e+01 1.346056461334228516e-01 1.184719002635116194e+05 -1.100156502732956287e+00
3.700000000000000000e+01 1.387114524841308594e-01 1.258358599958206469e+05 -8.780928321854361007e-01
3.800000000000000000e+01 1.407752037048339844e-01 1.408547368007840996e+05 -5.163746507243417438e-01
3.900000000000000000e+01 1.454117298126220703e-01 1.501101827980368689e+05 -2.981616438752979770e-01
4.000000000000000000e+01 1.768450736999511719e-01 1.318052495622191636e+05 -7.003293065420140850e-01
4.100000000000000000e+01 1.796705722808837891e-01 1.489961053465578298e+05 -2.874548647373945109e-01
4.200000000000000000e+01 1.537420749664306641e-01 1.545491452971055114e+05 -1.523063343055660879e-01
4.300000000000000000e+01 2.285184860229492188e-01 1.584426348604925734e+05 -5.702317385653479787e-02
4.400000000000000000e+01 1.598777770996093750e-01 1.371674672600272170e+05 -5.702015623947466194e-01
4.500000000000000000e+01 1.654512882232666016e-01 1.515782383592032711e+05 -2.027248056456864289e-01
4.600000000000000000e+01 2.606990337371826172e-01 1.355244660354540974e+05 -5.999172730937759601e-01
4.700000000000000000e+01 1.708960533142089844e-01 1.417265320868436247e+05 -4.287926328767132089e-01
4.800000000000000000e+01 1.732730865478515625e-01 1.340094287362784380e+05 -6.182874222241753204e-01
4.900000000000000000e+01 1.744210720062255859e-01 1.534007768242671154e+05 -1.010952800622042375e-01
5.000000000000000000e+01 1.803505420684814453e-01 1.549126380888461426e+05 -5.959443207072517151e-02
5.100000000000000000e+01 2.529528141021728516e-01 1.606762188346966577e+05 9.591246277468455650e-02
5.200000000000000000e+01 2.733039855957031250e-01 1.659122713375994645e+05 2.371530914416825342e-01
5.300000000000000000e+01 1.902716159820556641e-01 1.459853382020657009e+05 -3.173722279062751173e-01
5.400000000000000000e+01 1.981866359710693359e-01 1.594182836698587053e+05 6.393009164104201947e-02
5.500000000000000000e+01 1.928865909576416016e-01 1.235356296138224279e+05 -9.570388261680595754e-01
5.600000000000000000e+01 2.185192108154296875e-01 1.232286207367072202e+05 -9.413247051125627207e-01
5.700000000000000000e+01 2.849342823028564453e-01 1.190242035980385554e+05 -1.038187157300997976e+00
5.800000000000000000e+01 2.616317272186279297e-01 1.890332183482174005e+05 9.847692035502744190e-01
5.900000000000000000e+01 2.451295852661132812e-01 2.320913621114535199e+05 2.189089704532999558e+00
6.000000000000000000e+01 2.405874729156494141e-01 1.682984235162593541e+05 3.023663310731505849e-01
6.100000000000000000e+01 2.774477005004882812e-01 1.400555755767898518e+05 -4.812155872858654426e-01
6.200000000000000000e+01 2.169213294982910156e-01 1.614781687249734823e+05 1.225355034865174830e-01
6.300000000000000000e+01 2.175760269165039062e-01 1.448023706164549512e+05 -3.489495956490628048e-01
6.400000000000000000e+01 2.806220054626464844e-01 1.674236332622013870e+05 2.995192580160311868e-01
6.500000000000000000e+01 2.523219585418701172e-01 1.987476844362764677e+05 1.197215182107822073e+00
6.600000000000000000e+01 2.506954669952392578e-01 1.863691953210941574e+05 8.120660839027832312e-01
6.700000000000000000e+01 2.304744720458984375e-01 2.228471897968489211e+05 1.847027513434681190e+00
6.800000000000000000e+01 2.338232994079589844e-01 2.630009380030684406e+05 2.894128367178403050e+00
6.900000000000000000e+01 2.404904365539550781e-01 2.051726290939164755e+05 1.132199373488839145e+00
7.000000000000000000e+01 3.788907527923583984e-01 2.056887178648105764e+05 1.120654913077258730e+00
7.100000000000000000e+01 2.463009357452392578e-01 2.231783811787931481e+05 1.552890647304105309e+00
7.200000000000000000e+01 2.516424655914306641e-01 2.523910178540152847e+05 2.256255873635610865e+00
7.300000000000000000e+01 2.538633346557617188e-01 1.994546902491739020e+05 8.208591236551229242e-01
7.400000000000000000e+01 3.159506320953369141e-01 2.019811422847886279e+05 8.714088107666676519e-01
7.500000000000000000e+01 2.615754604339599609e-01 2.180676204204682726e+05 1.259495072209351196e+00
7.600000000000000000e+01 3.798668384552001953e-01 2.058254979968733387e+05 9.271141034748073828e-01
7.700000000000000000e+01 3.237798213958740234e-01 2.371972751713212056e+05 1.692879928076978624e+00
7.800000000000000000e+01 2.768344879150390625e-01 2.628587581150666811e+05 2.267379001567763730e+00
7.900000000000000000e+01 2.844643592834472656e-01 2.972105805214727880e+05 2.970755440218375565e+00
8.000000000000000000e+01 2.811594009399414062e-01 3.343763440826725564e+05 3.580517196240692979e+00
8.000000000000000000e+01 6.262643337249755859e-01 1.283615386240794614e+05 0.000000000000000000e+00
8.100000000000000000e+01 2.816028594970703125e-01 2.052057190722203813e+05 0.000000000000000000e+00
8.200000000000000000e+01 2.910175323486328125e-01 2.454387336771547562e+05 1.447541184646042423e+00
8.300000000000000000e+01 3.488092422485351562e-01 4.841681355107308482e+05 4.894782317391327631e+00
8.300000000000000000e+01 6.374106407165527344e-01 3.593982978805680177e+05 0.000000000000000000e+00
8.400000000000000000e+01 3.642714023590087891e-01 4.089601492087449296e+05 0.000000000000000000e+00
8.500000000000000000e+01 3.283929824829101562e-01 4.234758772670304752e+05 1.121303162831321032e+00
8.600000000000000000e+01 2.982356548309326172e-01 4.391758895396241569e+05 1.247025930358151014e+00
8.700000000000000000e+01 3.041720390319824219e-01 3.119912535367103992e+05 -2.774333889429958067e+00
8.800000000000000000e+01 3.089041709899902344e-01 2.684723705988235888e+05 -2.300134215994019460e+00
8.900000000000000000e+01 4.478704929351806641e-01 2.803544043846333516e+05 -1.302613303513650900e+00
9.000000000000000000e+01 3.324120044708251953e-01 3.517003230720846914e+05 -6.085888149553572019e-02
9.100000000000000000e+01 3.189551830291748047e-01 2.970969130660062074e+05 -8.968650960859607668e-01
9.200000000000000000e+01 3.684527873992919922e-01 2.982542430125985411e+05 -7.936891220867827723e-01
9.300000000000000000e+01 3.483884334564208984e-01 3.948801571333837346e+05 8.181233415393189823e-01
9.400000000000000000e+01 3.348090648651123047e-01 2.521596699678713048e+05 -1.577257058668747991e+00
9.500000000000000000e+01 3.712060451507568359e-01 2.588592390748078178e+05 -1.264587335603224449e+00
9.600000000000000000e+01 3.461892604827880859e-01 2.342627722504029807e+05 -1.518499100965215787e+00
9.700000000000000000e+01 4.035902023315429688e-01 2.311540171012704377e+05 -1.397229950255296504e+00
9.800000000000000000e+01 4.136683940887451172e-01 2.375850877371352690e+05 -1.176356659618961853e+00
9.900000000000000000e+01 3.571512699127197266e-01 2.445095456914346723e+05 -9.949930966067270788e-01
1.000000000000000000e+02 3.647902011871337891e-01 2.300110737621411099e+05 -1.142149749895606581e+00
1.010000000000000000e+02 5.076444149017333984e-01 2.294708246299231250e+05 -1.078948366408577719e+00
1.020000000000000000e+02 3.715403079986572266e-01 2.469285815664941620e+05 -7.763470075895232414e-01
1.030000000000000000e+02 4.308664798736572266e-01 2.336796322858814092e+05 -9.324224771054054894e-01
1.040000000000000000e+02 3.783955574035644531e-01 2.561846729266437469e+05 -5.737769127347167597e-01
1.050000000000000000e+02 4.544436931610107422e-01 2.387586553058384743e+05 -8.072866519505095262e-01
1.060000000000000000e+02 4.178349971771240234e-01 2.510232611340384174e+05 -6.011044608570244030e-01
1.070000000000000000e+02 4.178745746612548828e-01 2.716353020808299771e+05 -2.813084353409811000e-01
1.080000000000000000e+02 4.080047607421875000e-01 2.904873629207637860e+05 7.319790597030783816e-03
1.090000000000000000e+02 4.759731292724609375e-01 2.860869376641072449e+05 -6.017183000683599264e-02
1.100000000000000000e+02 4.036972522735595703e-01 2.551828189882894512e+05 -5.414555695544167602e-01
1.110000000000000000e+02 4.664974212646484375e-01 2.603579582182363374e+05 -4.473232851939609178e-01
1.120000000000000000e+02 4.896340370178222656e-01 1.955767551663675113e+05 -1.478197214538180759e+00
1.130000000000000000e+02 4.585671424865722656e-01 2.256790705692760239e+05 -9.280593208342057254e-01
1.140000000000000000e+02 4.248700141906738281e-01 2.122140353514695016e+05 -1.113341468042789328e+00
1.150000000000000000e+02 4.312927722930908203e-01 1.864847210027175897e+05 -1.480228162428427252e+00
1.160000000000000000e+02 5.096995830535888672e-01 2.098831329742843227e+05 -1.048653342172867431e+00
1.170000000000000000e+02 4.425776004791259766e-01 2.630429039860966732e+05 -1.948485248507825507e-01
1.180000000000000000e+02 4.922721385955810547e-01 3.163114384979677270e+05 6.435053141809703448e-01
1.190000000000000000e+02 5.217821598052978516e-01 3.760769949119374505e+05 1.576575957953148199e+00
1.200000000000000000e+02 5.257730484008789062e-01 4.133567766547628562e+05 2.083119255694705796e+00
1.210000000000000000e+02 4.679312705993652344e-01 3.326292516107183765e+05 7.438278611215030089e-01
1.220000000000000000e+02 5.803644657135009766e-01 2.595386961149131239e+05 -3.652670621677095997e-01
1.230000000000000000e+02 4.702732563018798828e-01 2.424162316293199547e+05 -6.194750245418925161e-01
1.240000000000000000e+02 5.193657875061035156e-01 2.701123503195613739e+05 -1.864034453459674778e-01
1.250000000000000000e+02 5.378768444061279297e-01 2.819310036753120949e+05 -1.587888341564622913e-03
1.260000000000000000e+02 5.102195739746093750e-01 2.443544889552089153e+05 -5.890408016294256255e-01
1.270000000000000000e+02 5.043482780456542969e-01 2.460033623023914697e+05 -5.541502111414753351e-01
1.280000000000000000e+02 5.307743549346923828e-01 2.522899305649393355e+05 -4.463508760690936827e-01
1.290000000000000000e+02 4.860465526580810547e-01 3.188667289993938757e+05 6.263765217787365946e-01
1.300000000000000000e+02 4.967942237854003906e-01 3.404227818467419711e+05 9.649973786338955639e-01
1.310000000000000000e+02 5.351998805999755859e-01 4.298585138759955880e+05 2.390159824857790660e+00
1.320000000000000000e+02 5.100054740905761719e-01 4.218076043356349692e+05 2.112528107461568272e+00
1.330000000000000000e+02 5.188591480255126953e-01 2.719373479326936649e+05 -2.340180869511791772e-01
1.340000000000000000e+02 5.891406536102294922e-01 2.662336121062685852e+05 -3.175657030457277319e-01
1.350000000000000000e+02 6.494545936584472656e-01 2.518683748354846612e+05 -5.326148120386318130e-01
1.360000000000000000e+02 7.388010025024414062e-01 2.498577380835181393e+05 -5.570080777367127922e-01
1.370000000000000000e+02 6.023843288421630859e-01 2.551712212921344326e+05 -4.684395300951847418e-01
1.380000000000000000e+02 6.729097366333007812e-01 2.473738492441500130e+05 -5.843336536429812877e-01
1.390000000000000000e+02 9.829182624816894531e-01 6.641007131039133528e+05 5.930611611988366505e+00
1.390000000000000000e+02 1.344442367553710938e-03 2.736901527770525718e+04 0.000000000000000000e+00
1.400000000000000000e+02 4.348697662353515625e-01 2.859083640171883162e+05 1.265215549714341670e+01
1.400000000000000000e+02 1.160144805908203125e-03 3.416934739517871640e+04 0.000000000000000000e+00
1.410000000000000000e+02 5.341615676879882812e-01 3.315497766574305133e+05 1.160098419237269951e+01
1.410000000000000000e+02 7.865428924560546875e-04 3.099370277919410000e+04 0.000000000000000000e+00
1.420000000000000000e+02 5.027532577514648438e-01 3.253924613244298962e+05 1.272603220341916241e+01
1.420000000000000000e+02 7.727146148681640625e-04 3.221791057885780901e+04 0.000000000000000000e+00
1.430000000000000000e+02 3.567218780517578125e-02 1.542374818414719484e+05 4.648974027721606284e+00
1.430000000000000000e+02 7.140398025512695312e-02 1.541258142784798983e+05 0.000000000000000000e+00
1.440000000000000000e+02 3.694510459899902344e-02 1.010141777604173403e+05 0.000000000000000000e+00
1.450000000000000000e+02 3.938293457031250000e-02 1.000244765536726627e+05 -7.334597418752910603e-01
1.460000000000000000e+02 4.533290863037109375e-02 1.054350656884764176e+05 -4.184669598300204130e-01
1.470000000000000000e+02 5.462193489074707031e-02 1.157170514271924330e+05 2.173872437953520628e-02
1.480000000000000000e+02 5.799984931945800781e-02 9.961261151844626875e+04 -6.926253366008546797e-01
1.490000000000000000e+02 5.538439750671386719e-02 1.315928184406572545e+05 8.934438063701460875e-01
1.500000000000000000e+02 5.678153038024902344e-02 1.161586323416212399e+05 3.869591983505763638e-02
1.510000000000000000e+02 6.153059005737304688e-02 1.432444506094270037e+05 1.454458811731544676e+00
1.520000000000000000e+02 6.169390678405761719e-02 1.075756858974311763e+05 -5.451267307088365488e-01
1.530000000000000000e+02 6.329059600830078125e-02 1.009385359730253113e+05 -8.559586692520796403e-01
1.540000000000000000e+02 6.657361984252929688e-02 1.272256751009832078e+05 5.945937867149342360e-01
1.550000000000000000e+02 7.053112983703613281e-02 1.285778564651121997e+05 6.361981642895560007e-01
1.560000000000000000e+02 1.064865589141845703e-01 1.181799003538153629e+05 2.191421769331871813e-02
1.570000000000000000e+02 7.637929916381835938e-02 1.130617640379515069e+05 -2.766292169875707030e-01
1.580000000000000000e+02 7.880234718322753906e-02 1.251204971553379437e+05 4.589550803456506900e-01
1.590000000000000000e+02 8.157277107238769531e-02 1.375350432264572592e+05 1.210684499545324533e+00
1.600000000000000000e+02 8.588075637817382812e-02 1.275737414480166335e+05 5.168015569904967910e-01
1.610000000000000000e+02 9.917187690734863281e-02 1.196366942588741804e+05 2.595480668577325283e-03
1.620000000000000000e+02 9.042358398437500000e-02 1.419945740877346252e+05 1.441949790856420721e+00
1.630000000000000000e+02 1.237635612487792969e-01 1.484851018543427635e+05 1.743530840306904306e+00
1.640000000000000000e+02 9.709930419921875000e-02 2.025717244428372942e+05 4.832791223538790426e+00
1.640000000000000000e+02 1.935319900512695312e-01 1.735259412661703536e+05 0.000000000000000000e+00
1.650000000000000000e+02 9.982585906982421875e-02 1.520087340621231706e+05 0.000000000000000000e+00
1.660000000000000000e+02 1.013121604919433594e-01 1.622453584572960972e+05 -3.430696496086699243e-02
1.670000000000000000e+02 1.074521541595458984e-01 1.717483840602541168e+05 8.506168817863228870e-01
1.680000000000000000e+02 1.083288192749023438e-01 2.030956323398465465e+05 3.856623452558156639e+00
1.680000000000000000e+02 2.292504310607910156e-01 1.851721682105861546e+05 0.000000000000000000e+00
1.690000000000000000e+02 2.289712429046630859e-01 1.847365687997143832e+05 0.000000000000000000e+00
1.700000000000000000e+02 6.841061115264892578e-01 3.205839271533244755e+05 4.403338400184266561e+02
1.700000000000000000e+02 9.191036224365234375e-04 4.592362849817274400e+04 0.000000000000000000e+00
1.710000000000000000e+02 5.574877262115478516e-01 2.891528269209777936e+05 6.783112141483163882e+00
1.710000000000000000e+02 8.437633514404296875e-04 4.448415705033642007e+04 0.000000000000000000e+00
1.720000000000000000e+02 4.003882408142089844e-02 1.260861929786565015e+05 1.887136058944197003e+00
1.730000000000000000e+02 4.167079925537109375e-02 1.133505619126062375e+05 6.568781884623159373e-01
1.740000000000000000e+02 4.377913475036621094e-02 1.202055428088794142e+05 7.504338027362891239e-01
1.750000000000000000e+02 5.663561820983886719e-02 1.111260066416757763e+05 3.745079262031023593e-01
1.760000000000000000e+02 1.673541069030761719e-01 1.186272132769284362e+05 5.914742092874009094e-01
1.770000000000000000e+02 6.234478950500488281e-02 1.321665381155123468e+05 1.014813352148318248e+00
1.780000000000000000e+02 5.853438377380371094e-02 1.183943583449916041e+05 4.072858902511383716e-01
1.790000000000000000e+02 6.123089790344238281e-02 1.254785120334983803e+05 6.480465764198048984e-01
1.800000000000000000e+02 6.875920295715332031e-02 1.486623153753890656e+05 1.503476757635560768e+00
1.810000000000000000e+02 6.319098472595214844e-01 3.578890300850935746e+05 9.016079286369699020e+00
1.810000000000000000e+02 8.769035339355468750e-04 3.629354452614318143e+04 0.000000000000000000e+00
1.820000000000000000e+02 5.090510845184326172e-01 5.023898526366305887e+05 1.745479305273764226e+01
1.820000000000000000e+02 8.754730224609375000e-04 5.848354875974159950e+04 0.000000000000000000e+00
1.830000000000000000e+02 6.764352321624755859e-01 3.648546155717872898e+05 6.701371790868951628e+00
1.830000000000000000e+02 8.168220520019531250e-04 5.760967118031519203e+04 0.000000000000000000e+00
1.840000000000000000e+02 3.562068939208984375e-02 2.093065603187243978e+05 3.016778351187721974e+00
1.840000000000000000e+02 7.106947898864746094e-02 2.113267390271246841e+05 0.000000000000000000e+00
1.850000000000000000e+02 3.693675994873046875e-02 1.613674841122503858e+05 0.000000000000000000e+00
1.860000000000000000e+02 3.901553153991699219e-02 2.119016829677519272e+05 7.233819141889248350e-01
1.870000000000000000e+02 4.566073417663574219e-02 1.794242699383145373e+05 -5.322404214318766646e-01
1.880000000000000000e+02 1.005778312683105469e-01 2.623799459576478112e+05 2.864837392737902277e+00
1.890000000000000000e+02 1.070978641510009766e-01 2.787323158896797104e+05 1.906462917661612799e+00
1.900000000000000000e+02 1.130294799804687500e-01 2.329420271451416775e+05 3.375588148164559432e-01
1.910000000000000000e+02 1.165769100189208984e-01 1.799467217918402457e+05 -9.447162165952724955e-01
1.920000000000000000e+02 6.112432479858398438e-02 2.107782814653843816e+05 -9.590221651869312858e-02
1.930000000000000000e+02 6.492185592651367188e-02 1.857759151097620197e+05 -7.356701999426700223e-01
1.940000000000000000e+02 6.372833251953125000e-02 1.842086595293047139e+05 -7.234253158187695654e-01
1.950000000000000000e+02 6.639099121093750000e-02 2.070568316396856972e+05 -5.246119324240565429e-02
1.960000000000000000e+02 2.346682548522949219e-01 1.529272703555905609e+05 -1.598583483223037227e+00
1.970000000000000000e+02 9.214353561401367188e-02 1.734186168006128282e+05 -8.430886633287908438e-01
1.980000000000000000e+02 8.303833007812500000e-02 1.661274723408102291e+05 -9.935887331506800813e-01
1.990000000000000000e+02 8.795857429504394531e-02 1.876926776466385345e+05 -3.359241666327292819e-01
2.000000000000000000e+02 8.941817283630371094e-02 2.196252583521505003e+05 5.823160012841980260e-01
2.010000000000000000e+02 9.066891670227050781e-02 2.376274373991512693e+05 1.082717291228769030e+00
2.020000000000000000e+02 1.523270606994628906e-01 1.821058370668432617e+05 -5.873931720680524160e-01
2.030000000000000000e+02 1.281647682189941406e-01 1.993266849170590576e+05 -5.923794421243594455e-02
2.040000000000000000e+02 1.147751808166503906e-01 1.524247837396684336e+05 -1.479008379194644673e+00
2.050000000000000000e+02 1.033480167388916016e-01 1.592778659196044609e+05 -1.169661421201335649e+00
2.060000000000000000e+02 1.116383075714111328e-01 1.909822446290147782e+05 -1.795100434819842383e-01
2.070000000000000000e+02 1.491649150848388672e-01 2.048206740065687045e+05 2.390872569660422442e-01
2.080000000000000000e+02 1.182572841644287109e-01 1.897130882608905958e+05 -2.283541278338143687e-01
2.090000000000000000e+02 2.558188438415527344e-01 2.092065256037715590e+05 3.850351053851525651e-01
2.100000000000000000e+02 2.006554603576660156e-01 1.756332305746496131e+05 -6.901141058337059153e-01
2.110000000000000000e+02 1.275732517242431641e-01 1.812698859661439201e+05 -4.905728554308335654e-01
2.120000000000000000e+02 1.282699108123779297e-01 1.989005351437671343e+05 9.447483358347458227e-02
2.130000000000000000e+02 1.235792636871337891e-01 1.707138158074584790e+05 -8.421411445596774792e-01
2.140000000000000000e+02 1.346039772033691406e-01 1.979583136750180856e+05 9.018210248766804493e-02
2.150000000000000000e+02 1.282866001129150391e-01 2.159524274091189436e+05 6.990981766036792333e-01
2.160000000000000000e+02 1.325182914733886719e-01 1.952261772751163808e+05 -2.598732428117349336e-02
2.170000000000000000e+02 1.411659717559814453e-01 2.314169928757457528e+05 1.232317063104531263e+00
2.180000000000000000e+02 2.450680732727050781e-01 1.810736264357456530e+05 -5.498273697414154393e-01
2.190000000000000000e+02 2.110505104064941406e-01 2.369783829725227260e+05 1.409935821689194402e+00
2.200000000000000000e+02 1.452100276947021484e-01 3.044475382455512299e+05 3.675125068249046834e+00
2.200000000000000000e+02 2.918987274169921875e-01 1.296843675575803500e+05 0.000000000000000000e+00
2.210000000000000000e+02 1.489508152008056641e-01 1.942276417763078352e+05 0.000000000000000000e+00
2.220000000000000000e+02 1.539256572723388672e-01 1.556278581446408643e+05 -1.386565950496616018e-01
2.230000000000000000e+02 2.264003753662109375e-01 1.591171423825470847e+05 -2.246088917574604743e-02
2.240000000000000000e+02 1.698086261749267578e-01 1.759865362939879997e+05 6.154587748875303133e-01
2.250000000000000000e+02 1.713657379150390625e-01 2.099787260544273013e+05 1.952322038121873771e+00
2.260000000000000000e+02 2.950088977813720703e-01 2.063145377883426845e+05 1.231103576951037448e+00
2.270000000000000000e+02 1.665601730346679688e-01 2.425721171288751357e+05 2.255510353162719195e+00
2.280000000000000000e+02 2.286670207977294922e-01 2.275530611423550872e+05 1.199659760836595979e+00
2.290000000000000000e+02 1.739368438720703125e-01 2.679760834289775812e+05 2.147488621370103434e+00
2.300000000000000000e+02 1.774811744689941406e-01 2.790462855289274012e+05 1.922491741426203937e+00
2.310000000000000000e+02 1.788346767425537109e-01 4.009921234169492382e+05 4.139208963374066741e+00
2.310000000000000000e+02 3.576109409332275391e-01 3.399360920789270313e+05 0.000000000000000000e+00
2.320000000000000000e+02 1.813199520111083984e-01 1.846095260216916213e+05 0.000000000000000000e+00
2.330000000000000000e+02 3.375263214111328125e-01 1.776951701449655229e+05 -7.700604413629851264e-01
2.340000000000000000e+02 1.881062984466552734e-01 2.404360901941312477e+05 6.928162821172599573e-02
2.350000000000000000e+02 1.967706680297851562e-01 2.097578556954886590e+05 -3.456140441314320411e-01
2.360000000000000000e+02 1.967492103576660156e-01 2.616080023893221223e+05 4.718629319069264638e-01
2.370000000000000000e+02 1.982266902923583984e-01 2.483759018214220123e+05 2.104972670892784614e-01
2.380000000000000000e+02 2.614090442657470703e-01 2.558083217881461314e+05 3.313157729584274569e-01
2.390000000000000000e+02 2.023313045501708984e-01 2.571188543455981417e+05 3.360500562551830828e-01
2.400000000000000000e+02 3.151209354400634766e-01 2.538202279991518299e+05 2.492156067684272447e-01
2.410000000000000000e+02 8.682386875152587891e-01 9.683586508442959748e+05 1.577298530755798289e+01
2.410000000000000000e+02 8.869171142578125000e-04 3.341589834530490771e+04 0.000000000000000000e+00
2.420000000000000000e+02 5.954504013061523438e-01 9.144700348480538232e+05 3.658049495112398120e+01
2.420000000000000000e+02 8.499622344970703125e-04 4.565334888396791212e+04 0.000000000000000000e+00
2.430000000000000000e+02 5.856463909149169922e-01 8.427554960985992802e+05 2.398489708588379088e+01
2.430000000000000000e+02 8.444786071777343750e-04 4.573064744240838627e+04 0.000000000000000000e+00
2.440000000000000000e+02 5.277321338653564453e-01 7.958773957840431249e+05 2.249107134674914832e+01
2.440000000000000000e+02 8.525848388671875000e-04 5.333529963899548602e+04 0.000000000000000000e+00
2.450000000000000000e+02 7.163262367248535156e-02 2.054809995185912412e+05 3.327116588380020001e+00
2.450000000000000000e+02 1.117298603057861328e-01 2.049973727567925234e+05 0.000000000000000000e+00
2.460000000000000000e+02 4.164838790893554688e-02 1.725960436734044924e+05 0.000000000000000000e+00
2.470000000000000000e+02 4.326200485229492188e-02 1.536416374171063362e+05 -1.534405510982460585e+00
2.480000000000000000e+02 5.066037178039550781e-02 2.295634412567587278e+05 2.021018735110993614e+00
2.490000000000000000e+02 5.346298217773437500e-02 2.223624897198622639e+05 9.532990865268020642e-01
2.500000000000000000e+02 1.578228473663330078e-01 3.132830048962294823e+05 3.581880791878877091e+00
2.500000000000000000e+02 2.142202854156494141e-01 3.184226454572668299e+05 0.000000000000000000e+00
2.510000000000000000e+02 5.857038497924804688e-02 1.586236460905534914e+05 0.000000000000000000e+00
2.520000000000000000e+02 6.561064720153808594e-02 1.498301821126104333e+05 -7.849285201657013600e-01
2.530000000000000000e+02 6.831026077270507812e-02 1.846462823417002219e+05 -2.561902144116743330e-01
2.540000000000000000e+02 6.656956672668457031e-02 1.537525747678190528e+05 -6.263658273771033347e-01
2.550000000000000000e+02 6.852555274963378906e-02 2.078061901279148296e+05 2.066262587478392421e-01
2.560000000000000000e+02 7.733392715454101562e-02 1.940967597177572607e+05 -2.209069333864037074e-02
2.570000000000000000e+02 1.017901897430419922e-01 2.115327972572442086e+05 2.770505530391255689e-01
2.580000000000000000e+02 1.375977993011474609e-01 2.304761820050220122e+05 6.079085401491119978e-01
2.590000000000000000e+02 7.512211799621582031e-02 2.217622702689475263e+05 3.975559547223203594e-01
2.600000000000000000e+02 8.373475074768066406e-02 2.000548294361916487e+05 -6.126314041747035755e-02
2.610000000000000000e+02 8.635258674621582031e-02 1.950110574981267564e+05 -1.658126261250344735e-01
2.620000000000000000e+02 8.511090278625488281e-02 2.049352142665394349e+05 6.156085315812135500e-02
2.630000000000000000e+02 1.045458316802978516e-01 2.332425011569702765e+05 7.169668297549369740e-01
2.640000000000000000e+02 9.403347969055175781e-02 2.315072157291717886e+05 6.384069254414136418e-01
2.650000000000000000e+02 9.419465065002441406e-02 2.293674960205683310e+05 5.575851754478484690e-01
2.660000000000000000e+02 1.538469791412353516e-01 2.781177366698355181e+05 1.746982886711206939e+00
2.670000000000000000e+02 1.564350128173828125e-01 2.637767495821747580e+05 1.218517805843727819e+00
2.680000000000000000e+02 1.534116268157958984e-01 2.708536016368111013e+05 1.301901179918551588e+00
2.690000000000000000e+02 1.064686775207519531e-01 2.211253266132365097e+05 7.647081562143522027e-02
2.700000000000000000e+02 1.101772785186767578e-01 2.150312570213291037e+05 -6.846388750462210904e-02
2.710000000000000000e+02 1.127169132232666016e-01 2.305221134655017813e+05 3.062448994840110683e-01
2.720000000000000000e+02 1.381487846374511719e-01 2.527506419343563903e+05 8.463018201315027911e-01
2.730000000000000000e+02 1.235210895538330078e-01 2.470055110927401984e+05 6.728526758262038943e-01
2.740000000000000000e+02 1.291565895080566406e-01 2.739442804205537541e+05 1.329507829792766715e+00
2.750000000000000000e+02 1.237199306488037109e-01 2.920632385423714877e+05 1.706807758354046634e+00
2.760000000000000000e+02 1.695153713226318359e-01 3.299252881210751948e+05 2.490453873852380262e+00
2.770000000000000000e+02 2.156522274017333984e-01 1.945294641994703561e+05 -7.691768783079302452e-01
2.780000000000000000e+02 1.758871078491210938e-01 1.758759621577329235e+05 -1.159656082838803393e+00
2.790000000000000000e+02 1.360595226287841797e-01 2.391567249772055657e+05 2.764746346050773185e-01
2.800000000000000000e+02 1.366455554962158203e-01 2.589554517227634788e+05 7.137080624140373919e-01
2.810000000000000000e+02 1.494185924530029297e-01 2.739277677542240708e+05 1.033768769580556635e+00
2.820000000000000000e+02 1.433994770050048828e-01 2.667549710814259015e+05 8.394569209969416912e-01
2.830000000000000000e+02 2.103912830352783203e-01 2.706377119387341663e+05 9.059006170264211066e-01
2.840000000000000000e+02 1.479408740997314453e-01 2.904176132045368431e+05 1.330768430587250251e+00
2.850000000000000000e+02 1.641321182250976562e-01 2.758001458132740227e+05 9.510668426557464805e-01
2.860000000000000000e+02 1.785116195678710938e-01 2.303542032917403267e+05 -9.589296825808824032e-02
2.870000000000000000e+02 2.586243152618408203e-01 2.025650227383364690e+05 -7.284124161853086088e-01
2.880000000000000000e+02 1.710951328277587891e-01 2.046095215303238365e+05 -6.669850690177882013e-01
2.890000000000000000e+02 2.048516273498535156e-01 1.945356292466540763e+05 -8.878010726045569845e-01
2.900000000000000000e+02 1.675527095794677734e-01 1.775453577462145768e+05 -1.262359788961434415e+00
2.910000000000000000e+02 1.711816787719726562e-01 1.880845128727136762e+05 -9.802894236929787786e-01
2.920000000000000000e+02 1.719052791595458984e-01 2.564277789918550698e+05 6.181958159832020572e-01
2.930000000000000000e+02 1.762945652008056641e-01 2.307962778190326644e+05 1.290113115802735133e-02
2.940000000000000000e+02 2.154064178466796875e-01 2.170548603958143794e+05 -3.102627003292751651e-01
2.950000000000000000e+02 2.911016941070556641e-01 2.345523216593707039e+05 1.090738959729492252e-01
2.960000000000000000e+02 1.838726997375488281e-01 1.954569428921827639e+05 -8.310998969636634870e-01
2.970000000000000000e+02 1.902530193328857422e-01 2.531866559612348792e+05 5.751661666637845061e-01
2.980000000000000000e+02 1.891100406646728516e-01 2.939177324349993141e+05 1.556159981018665261e+00
2.990000000000000000e+02 2.468581199645996094e-01 2.673015943709356361e+05 8.659167151220055203e-01
