4.075783662267719209e+07
1.000000000000000000e+00 1.330590248107910156e-01 1.436536535137171450e+05 0.000000000000000000e+00
2.000000000000000000e+00 2.088358402252197266e-01 1.435469454948959756e+05 7.041653259639784057e-01
3.000000000000000000e+00 2.455108165740966797e-01 8.674426227991929045e+04 -1.344142665049868013e+00
4.000000000000000000e+00 1.716163158416748047e-01 1.294547051245559851e+05 4.116466090104885511e-01
5.000000000000000000e+00 1.784913539886474609e-01 1.051062652912354970e+05 -5.069030378444320251e-01
6.000000000000000000e+00 1.939721107482910156e-01 1.191771400199735072e+05 9.309668301407533764e-02
7.000000000000000000e+00 2.683906555175781250e-01 1.353798356444120291e+05 7.846696929712263513e-01
8.000000000000000000e+00 2.272160053253173828e-01 1.321593462604142260e+05 5.669832945788848555e-01
9.000000000000000000e+00 2.360980510711669922e-01 1.242769080416001234e+05 1.603079391551308630e-01
1.000000000000000000e+01 2.686238288879394531e-01 1.354746604605273751e+05 7.062036395740697303e-01
1.100000000000000000e+01 2.362840175628662109e-01 1.372709110124520084e+05 7.516049829618632883e-01
1.200000000000000000e+01 3.130536079406738281e-01 1.637939337738402246e+05 2.083278155325925862e+00
1.300000000000000000e+01 3.825421333312988281e-01 1.520595780864823028e+05 1.174196790331248907e+00
1.400000000000000000e+01 2.887940406799316406e-01 1.561979031847815495e+05 1.269083058581564227e+00
1.500000000000000000e+01 3.074193000793457031e-01 1.388536035595101130e+05 3.800354805855744034e-01
1.600000000000000000e+01 3.957653045654296875e-01 1.515015363865327090e+05 9.557408155092979030e-01
1.700000000000000000e+01 4.094502925872802734e-01 1.868186992174699844e+05 2.554652701127797965e+00
1.800000000000000000e+01 3.832175731658935547e-01 2.091284605441806489e+05 3.026546862410119054e+00
1.800000000000000000e+01 7.326219081878662109e-01 1.413477687097559974e+05 0.000000000000000000e+00
1.900000000000000000e+01 4.001109600067138672e-01 2.655212126491630916e+05 0.000000000000000000e+00
2.000000000000000000e+01 4.640691280364990234e-01 3.352050388343130471e+05 1.500737117453751601e+00
2.100000000000000000e+01 3.496801853179931641e-01 2.282910437392020831e+05 -1.941711686194095565e-01
2.200000000000000000e+01 3.527307510375976562e-01 3.052616411856763298e+05 7.761801429536805408e-01
2.300000000000000000e+01 4.305899143218994141e-01 2.937402776984765660e+05 5.125938447429547740e-01
2.400000000000000000e+01 4.815752506256103516e-01 2.323503008385975845e+05 -4.221285501958979558e-01
2.500000000000000000e+01 4.208331108093261719e-01 2.249153461006511643e+05 -5.063808061052234022e-01
2.600000000000000000e+01 4.324824810028076172e-01 2.086400259072510526e+05 -7.390256459895637731e-01
2.700000000000000000e+01 4.007399082183837891e-01 1.598432790791865264e+05 -1.513341014543448715e+00
2.800000000000000000e+01 5.650644302368164062e-01 2.314103747248564614e+05 -1.309908070511351941e-01
2.900000000000000000e+01 4.217405319213867188e-01 1.830197094990632322e+05 -9.494676722390116286e-01
3.000000000000000000e+01 5.312979221343994141e-01 1.889876066319942474e+05 -7.748569959140632069e-01
3.100000000000000000e+01 5.477502346038818359e-01 2.798206119748618803e+05 8.600373551979353381e-01
3.200000000000000000e+01 5.654900074005126953e-01 3.172294568810293567e+05 1.470829485462758601e+00
3.300000000000000000e+01 4.609730243682861328e-01 3.105226612516973983e+05 1.210719300145469468e+00
3.400000000000000000e+01 6.486654281616210938e-01 3.363654690090163494e+05 1.557559483512825027e+00
3.500000000000000000e+01 4.850702285766601562e-01 1.664669723799358471e+05 -1.350053689191886175e+00
3.600000000000000000e+01 6.594080924987792969e-01 1.211178305991150264e+05 -1.970511375946696342e+00
3.700000000000000000e+01 4.989674091339111328e-01 1.418994188324957504e+05 -1.433148353285875976e+00
3.800000000000000000e+01 5.795257091522216797e-01 2.027771561844027310e+05 -4.465672828462974309e-01
3.900000000000000000e+01 6.079571247100830078e-01 2.840505634869264322e+05 7.680007276392529780e-01
4.000000000000000000e+01 6.094224452972412109e-01 2.263624283376895182e+05 -1.214953670252858914e-01
4.100000000000000000e+01 5.711264610290527344e-01 2.318552687145859527e+05 -3.489556493784699842e-02
4.200000000000000000e+01 7.070441246032714844e-01 2.308725650073040451e+05 -4.955997644317401002e-02
4.300000000000000000e+01 6.244857311248779297e-01 2.503176137612019957e+05 2.620113442135407200e-01
4.400000000000000000e+01 6.839025020599365234e-01 2.543569413231960207e+05 3.225393864833612789e-01
4.500000000000000000e+01 6.509232521057128906e-01 2.981177038509359118e+05 1.041227109210234980e+00
4.600000000000000000e+01 5.931327342987060547e-01 2.868003773413407034e+05 8.158263183020549869e-01
4.700000000000000000e+01 6.914670467376708984e-01 3.050678058138521737e+05 1.097155382883323371e+00
4.800000000000000000e+01 6.659989356994628906e-01 2.455287821726151742e+05 6.830755251164115360e-02
4.900000000000000000e+01 6.971836090087890625e-01 2.637124468939802027e+05 3.745087236990966018e-01
5.000000000000000000e+01 7.123146057128906250e-01 2.642573215398248285e+05 3.773089018523913540e-01
5.100000000000000000e+01 7.704014778137207031e-01 2.821336513396516093e+05 6.815031448748510856e-01
5.200000000000000000e+01 6.496932506561279297e-01 2.655710843565742834e+05 3.768359206995965383e-01
5.300000000000000000e+01 7.997820377349853516e-01 2.440922151391824882e+05 -1.040026213883166531e-02
5.400000000000000000e+01 7.430524826049804688e-01 2.561774114212721761e+05 2.073563519540126965e-01
5.500000000000000000e+01 7.660760879516601562e-01 2.887744987415246433e+05 7.994307567450712471e-01
5.600000000000000000e+01 7.629485130310058594e-01 2.558381123789687990e+05 1.781733373305192658e-01
5.700000000000000000e+01 8.683540821075439453e-01 2.565801593328514427e+05 1.896516156019897870e-01
5.800000000000000000e+01 7.790400981903076172e-01 3.095010787903454620e+05 1.183102528782773888e+00
5.900000000000000000e+01 8.110592365264892578e-01 4.059427514306952944e+05 2.955601470256594254e+00
6.000000000000000000e+01 7.840349674224853516e-01 3.641131354287841241e+05 1.931787336644482656e+00
6.100000000000000000e+01 8.314967155456542969e-01 2.935615299464295385e+05 6.518619516253225665e-01
6.200000000000000000e+01 7.641587257385253906e-01 2.803937867402750999e+05 4.200034335838785382e-01
6.300000000000000000e+01 8.744020462036132812e-01 2.713736841161962948e+05 2.614646530682744330e-01
6.400000000000000000e+01 8.825707435607910156e-01 2.594566467339549272e+05 5.404393999197822790e-02
6.500000000000000000e+01 8.632452487945556641e-01 3.022900878007888678e+05 7.963581931328781449e-01
6.600000000000000000e+01 8.949031829833984375e-01 3.256693106014091172e+05 1.190052938024031670e+00
6.700000000000000000e+01 9.309897422790527344e-01 3.584024346121380222e+05 1.728814685069021140e+00
6.800000000000000000e+01 9.643325805664062500e-01 3.818500803699801327e+05 2.060742694932442554e+00
6.900000000000000000e+01 8.987624645233154297e-01 3.442202253304147162e+05 1.338471036825666483e+00
7.000000000000000000e+01 1.011161804199218750e+00 3.220025687865163782e+05 9.392285901782128077e-01
7.100000000000000000e+01 9.971053600311279297e-01 2.976184345387934009e+05 5.228361221237055600e-01
7.200000000000000000e+01 9.574146270751953125e-01 3.269541167066296912e+05 1.001152370895380228e+00
7.300000000000000000e+01 1.132767677307128906e+00 3.053923196483036154e+05 6.269928428603573911e-01
7.400000000000000000e+01 1.030155420303344727e+00 3.686787430538456538e+05 1.670345223634560172e+00
7.500000000000000000e+01 1.084601879119873047e+00 3.658370271259945584e+05 1.569630667026204796e+00
7.600000000000000000e+01 1.097130298614501953e+00 3.321473253123109462e+05 9.794030465101805083e-01
7.700000000000000000e+01 1.113273382186889648e+00 3.520462416424523690e+05 1.284918785193067237e+00
7.800000000000000000e+01 1.015252351760864258e+00 3.450729063925135997e+05 1.144755007997798835e+00
7.900000000000000000e+01 1.129996776580810547e+00 3.296759354731895146e+05 8.763118820993083258e-01
8.000000000000000000e+01 1.144527435302734375e+00 3.604073570493963198e+05 1.357848206313858386e+00
8.100000000000000000e+01 1.055388689041137695e+00 2.994522903415373876e+05 3.542619616570947261e-01
8.200000000000000000e+01 1.186420202255249023e+00 3.762034254899716470e+05 1.585368799967266984e+00
8.300000000000000000e+01 1.201870918273925781e+00 5.914973138514412567e+05 4.966105452745109616e+00
8.300000000000000000e+01 2.380575418472290039e+00 3.487449742840005201e+05 0.000000000000000000e+00
8.400000000000000000e+01 1.117003202438354492e+00 5.668140874491557479e+05 0.000000000000000000e+00
8.500000000000000000e+01 1.171813249588012695e+00 5.920937053491440602e+05 8.710492027742264831e-01
8.600000000000000000e+01 1.214897394180297852e+00 6.235228037150057498e+05 9.041366175069059929e-01
8.700000000000000000e+01 1.187613248825073242e+00 5.646674712483204203e+05 2.552485531344734770e-01
8.800000000000000000e+01 1.130791664123535156e+00 5.533003438735867385e+05 1.295558570925395003e-01
8.900000000000000000e+01 1.265025615692138672e+00 4.690987761531270226e+05 -7.410504784306469750e-01
9.000000000000000000e+01 1.271538496017456055e+00 5.004243855725094909e+05 -3.295345535787213564e-01
9.100000000000000000e+01 1.277817010879516602e+00 4.464667853122865781e+05 -9.286303079430806573e-01
9.200000000000000000e+01 1.332795619964599609e+00 3.797418892728101346e+05 -1.615430034529947267e+00
9.300000000000000000e+01 1.388913393020629883e+00 4.970497292054473655e+05 -8.084045459442638915e-02
9.400000000000000000e+01 1.257777452468872070e+00 4.426882191429181257e+05 -7.000446892766959417e-01
9.500000000000000000e+01 1.372696399688720703e+00 4.430126397088386584e+05 -6.545903218194422113e-01
9.600000000000000000e+01 1.314742565155029297e+00 4.232875957038520137e+05 -8.579128729171012768e-01
9.700000000000000000e+01 1.391237497329711914e+00 4.021756131418049918e+05 -1.064252341680117953e+00
9.800000000000000000e+01 1.632354736328125000e+00 3.973297029008543468e+05 -1.050321301812739971e+00
9.900000000000000000e+01 1.496986627578735352e+00 4.054103338569061016e+05 -8.852177134940246717e-01
1.000000000000000000e+02 1.468630790710449219e+00 3.692784503360792878e+05 -1.283423084996403674e+00
1.010000000000000000e+02 1.381053209304809570e+00 3.948547941889843205e+05 -8.839558169864604187e-01
1.020000000000000000e+02 1.641119480133056641e+00 5.117400395061160089e+05 5.781191743921452186e-01
1.030000000000000000e+02 1.462922096252441406e+00 5.690841664889730746e+05 1.269694649426527988e+00
1.040000000000000000e+02 1.531349658966064453e+00 5.296889713984441478e+05 7.117664448491284324e-01
1.050000000000000000e+02 1.561978101730346680e+00 5.426118891767073656e+05 8.478842389341142427e-01
1.060000000000000000e+02 1.504289627075195312e+00 5.399246500196513953e+05 7.833377693210721304e-01
1.070000000000000000e+02 1.558610439300537109e+00 5.045065969010683475e+05 3.119551283863575275e-01
1.080000000000000000e+02 1.664026737213134766e+00 6.411256310202262830e+05 2.057372023149346862e+00
1.090000000000000000e+02 1.584193229675292969e+00 6.244283738807226764e+05 1.664846233426529487e+00
1.100000000000000000e+02 1.591242551803588867e+00 5.558363544321610825e+05 7.493439802417004580e-01
1.110000000000000000e+02 1.615827560424804688e+00 4.391468018499575555e+05 -6.520038737028421849e-01
1.120000000000000000e+02 1.563090085983276367e+00 4.162792753590635839e+05 -9.097434316595510717e-01
1.130000000000000000e+02 1.628733158111572266e+00 4.168123996726450860e+05 -8.760681128661176320e-01
1.140000000000000000e+02 1.689913511276245117e+00 3.900131652721336577e+05 -1.174475747524633462e+00
1.150000000000000000e+02 1.648113727569580078e+00 3.460384973206939758e+05 -1.658823638312323379e+00
1.160000000000000000e+02 1.663547992706298828e+00 3.286822696493745316e+05 -1.771044151835330593e+00
1.170000000000000000e+02 1.715444803237915039e+00 3.452703478993473109e+05 -1.479932886802951764e+00
1.180000000000000000e+02 1.662318229675292969e+00 3.806541320744497934e+05 -1.019582320276177567e+00
1.190000000000000000e+02 1.779642105102539062e+00 4.600294341038039420e+05 -1.055940218620866067e-01
1.200000000000000000e+02 1.748881340026855469e+00 6.006320934312710306e+05 1.486393931080122632e+00
1.210000000000000000e+02 1.862376451492309570e+00 5.888702282533172984e+05 1.294241140808541024e+00
1.220000000000000000e+02 1.787604331970214844e+00 5.157850673474669456e+05 4.431745218475186543e-01
1.230000000000000000e+02 1.770040988922119141e+00 4.829130838966211304e+05 6.961639083196249911e-02
1.240000000000000000e+02 1.818847656250000000e+00 4.461124740321621066e+05 -3.473229411513307774e-01
1.250000000000000000e+02 1.844884157180786133e+00 4.452620289983523544e+05 -3.524822662991242694e-01
1.260000000000000000e+02 1.820248365402221680e+00 4.148994735369900009e+05 -6.986940894221779219e-01
1.270000000000000000e+02 1.991762876510620117e+00 4.025772535432266886e+05 -8.302254251580801769e-01
1.280000000000000000e+02 1.939392805099487305e+00 4.322640476079477230e+05 -4.684665134798279285e-01
1.290000000000000000e+02 1.872308254241943359e+00 5.413594630673003849e+05 8.216543389824284560e-01
1.300000000000000000e+02 1.829441308975219727e+00 5.929521450977055356e+05 1.416621217668778909e+00
1.310000000000000000e+02 2.006460189819335938e+00 7.318838906346185831e+05 2.997698045680099010e+00
1.320000000000000000e+02 1.990829229354858398e+00 8.664989602318430552e+05 4.183429404735958812e+00
1.320000000000000000e+02 3.922172546386718750e+00 3.160319282406358398e+05 0.000000000000000000e+00
1.330000000000000000e+02 1.902779340744018555e+00 9.265995107496633427e+05 0.000000000000000000e+00
1.340000000000000000e+02 2.035589933395385742e+00 6.672470523104399908e+05 1.063874264963874106e-01
1.350000000000000000e+02 1.967134475708007812e+00 5.055205339211382088e+05 -4.278438129093743991e-01
1.360000000000000000e+02 2.030342578887939453e+00 4.328859252021800494e+05 -6.609936471906144861e-01
1.370000000000000000e+02 2.069256067276000977e+00 3.871339129971535294e+05 -7.711677876426070721e-01
1.380000000000000000e+02 2.296287298202514648e+00 3.511118139316308661e+05 -8.382408471848774578e-01
1.390000000000000000e+02 2.294962644577026367e+00 7.044981963881136617e+05 8.859862338625417166e-01
1.400000000000000000e+02 2.137413263320922852e+00 7.122596135341740446e+05 8.298008462189484513e-01
1.410000000000000000e+02 2.157080411911010742e+00 5.436716322035775520e+05 -5.924619099856020393e-02
1.420000000000000000e+02 2.232146739959716797e+00 4.494404774028714746e+05 -5.398638529472702396e-01
1.430000000000000000e+02 2.232621431350708008e+00 4.991349627822707407e+05 -2.450774390477787334e-01
1.440000000000000000e+02 2.177578449249267578e+00 6.177727421514018206e+05 4.262445280296455752e-01
1.450000000000000000e+02 2.232199192047119141e+00 5.535386688331629848e+05 3.675047477242820299e-02
1.460000000000000000e+02 2.244811534881591797e+00 6.515286257443735376e+05 6.247271109677658973e-01
1.470000000000000000e+02 2.299543857574462891e+00 7.517883438625716371e+05 1.213816372136697241e+00
1.480000000000000000e+02 2.393388032913208008e+00 7.838240774750453420e+05 1.318460027661480849e+00
1.490000000000000000e+02 2.268643140792846680e+00 7.744937049216355663e+05 1.161338024446944228e+00
1.500000000000000000e+02 2.286005735397338867e+00 7.819982971460823901e+05 1.132465932713639267e+00
1.510000000000000000e+02 2.543127775192260742e+00 7.559101551458194153e+05 9.131709050446250586e-01
1.520000000000000000e+02 2.375263929367065430e+00 7.457956096874650102e+05 8.125164825914897859e-01
1.530000000000000000e+02 2.497454166412353516e+00 8.373653383016540902e+05 1.327401916325607889e+00
1.540000000000000000e+02 2.313419818878173828e+00 9.507922000046399189e+05 1.912945090918503288e+00
1.550000000000000000e+02 2.418794870376586914e+00 7.770779942151826108e+05 7.674103895584100110e-01
1.560000000000000000e+02 2.350238561630249023e+00 6.173872451890612720e+05 -1.545003262060863913e-01
1.570000000000000000e+02 2.435066938400268555e+00 5.657787675837371498e+05 -4.474129001209044554e-01
1.580000000000000000e+02 2.433128595352172852e+00 5.807916122555064503e+05 -3.498008785024697698e-01
1.590000000000000000e+02 2.461159467697143555e+00 5.858809161583830137e+05 -3.125223177726911272e-01
1.600000000000000000e+02 2.663856506347656250e+00 7.024385332952915924e+05 3.967108335687641318e-01
1.610000000000000000e+02 2.533209800720214844e+00 6.905844993755307514e+05 3.163364351846206235e-01
1.620000000000000000e+02 2.521297216415405273e+00 7.084092101014410146e+05 4.216231152028528939e-01
1.630000000000000000e+02 2.449373722076416016e+00 5.873793858222113922e+05 -3.502273250237427082e-01
1.640000000000000000e+02 2.562933206558227539e+00 8.333705002764064120e+05 1.231157526562570936e+00
1.650000000000000000e+02 2.563931703567504883e+00 9.645320297136270674e+05 2.019062041138392161e+00
1.660000000000000000e+02 2.599454402923583984e+00 8.514160440508343745e+05 1.188426482638496262e+00
1.670000000000000000e+02 2.713227272033691406e+00 8.904520534122865647e+05 1.384672150490032339e+00
1.680000000000000000e+02 2.599043369293212891e+00 8.731342709688238101e+05 1.226260309400701853e+00
1.690000000000000000e+02 2.967150688171386719e+00 9.134796364628986921e+05 1.425414386706293834e+00
1.700000000000000000e+02 2.664548635482788086e+00 8.695673756261062808e+05 1.112189738852035648e+00
1.710000000000000000e+02 2.707736968994140625e+00 1.028362127276958665e+06 2.010215325116258889e+00
1.720000000000000000e+02 2.823766946792602539e+00 9.137804085016335594e+05 1.243279943202902249e+00
1.730000000000000000e+02 2.909450769424438477e+00 8.532120564266688889e+05 8.656087970847415880e-01
1.740000000000000000e+02 2.739682197570800781e+00 8.626490760841050651e+05 9.008849687413668095e-01
1.750000000000000000e+02 2.867024183273315430e+00 8.116486858109631576e+05 5.944093095514449976e-01
1.760000000000000000e+02 2.827035188674926758e+00 8.644676754760114709e+05 8.856314514653315095e-01
1.770000000000000000e+02 2.813879966735839844e+00 8.704164640809277771e+05 9.021603276111849201e-01
1.780000000000000000e+02 2.781961679458618164e+00 8.007101880629957886e+05 4.863404826145732440e-01
1.790000000000000000e+02 2.909296035766601562e+00 8.534182567878967384e+05 7.836734941055651937e-01
1.800000000000000000e+02 2.884345769882202148e+00 9.105163007506403374e+05 1.100971004862815406e+00
1.810000000000000000e+02 3.195658922195434570e+00 1.203918783176425612e+06 2.770621043334559275e+00
1.820000000000000000e+02 2.935594081878662109e+00 1.367959133557943860e+06 3.440589466682622444e+00
1.820000000000000000e+02 5.910657167434692383e+00 5.212132560440895031e+05 0.000000000000000000e+00
1.830000000000000000e+02 3.013378620147705078e+00 1.403466120233372087e+06 0.000000000000000000e+00
1.840000000000000000e+02 2.982665777206420898e+00 8.933311213695576880e+05 -1.106177775173036032e-01
1.850000000000000000e+02 3.147342920303344727e+00 7.718306170099547599e+05 -3.781844316188560651e-01
1.860000000000000000e+02 3.154520988464355469e+00 8.060851854803520255e+05 -2.461508475243391614e-01
1.870000000000000000e+02 3.166547536849975586e+00 8.073351340265305480e+05 -2.217123644175669761e-01
1.880000000000000000e+02 3.134179115295410156e+00 7.923411522173796548e+05 -2.569848055014413157e-01
1.890000000000000000e+02 3.128605842590332031e+00 9.178471629494340159e+05 2.293198601216112353e-01
1.900000000000000000e+02 3.195612192153930664e+00 8.565884330056316685e+05 -3.054685661990824697e-02
1.910000000000000000e+02 3.143714666366577148e+00 7.403393110289647011e+05 -5.289743529899623153e-01
1.920000000000000000e+02 3.181451082229614258e+00 6.612831010167715140e+05 -8.522639295208747079e-01
1.930000000000000000e+02 3.362358808517456055e+00 6.029200183820879320e+05 -1.054989970972136204e+00
1.940000000000000000e+02 3.290644168853759766e+00 6.568938457509338623e+05 -7.197686376336598357e-01
1.950000000000000000e+02 3.444824457168579102e+00 9.401364843633510172e+05 6.428687210789981732e-01
1.960000000000000000e+02 3.327746868133544922e+00 8.939484085849059047e+05 3.907120043431369094e-01
1.970000000000000000e+02 3.330529928207397461e+00 8.071615941121478099e+05 -5.204135692962906512e-02
1.980000000000000000e+02 3.420793771743774414e+00 8.165907707417096244e+05 -2.321050020148246636e-03
1.990000000000000000e+02 3.454892158508300781e+00 8.572363405441922368e+05 2.122206782750016008e-01
2.000000000000000000e+02 3.485990524291992188e+00 9.131485014063828858e+05 5.100367274939175966e-01
2.010000000000000000e+02 3.540677070617675781e+00 8.067852325873076916e+05 -9.661030863749550668e-02
2.020000000000000000e+02 3.618325233459472656e+00 6.978013945960331475e+05 -7.154799127429027905e-01
2.030000000000000000e+02 3.475322484970092773e+00 5.823106486643493408e+05 -1.357208083822363909e+00
2.040000000000000000e+02 3.507811069488525391e+00 6.875132086901747389e+05 -6.759329672416263257e-01
2.050000000000000000e+02 3.526633739471435547e+00 6.786926820623609237e+05 -7.056705504274939367e-01
2.060000000000000000e+02 3.624734878540039062e+00 5.930960785923864460e+05 -1.181694703352146547e+00
2.070000000000000000e+02 3.871825933456420898e+00 5.980545233915244462e+05 -1.097840029246812676e+00
2.080000000000000000e+02 4.012794494628906250e+00 6.465561917317118496e+05 -7.731816028900723170e-01
2.090000000000000000e+02 3.656753540039062500e+00 7.571888062028200366e+05 -1.088193306829469409e-01
2.100000000000000000e+02 4.138278484344482422e+00 7.953030290136401309e+05 1.183887150562963619e-01
2.110000000000000000e+02 4.023730754852294922e+00 8.557571670552463038e+05 4.801915942129140746e-01
2.120000000000000000e+02 3.721160173416137695e+00 8.486065608800878981e+05 4.269111320253115016e-01
2.130000000000000000e+02 3.793898105621337891e+00 8.331603389704260044e+05 3.233823884815884564e-01
2.140000000000000000e+02 4.061455726623535156e+00 9.073305558822401799e+05 7.835238671233493157e-01
2.150000000000000000e+02 3.680168151855468750e+00 9.479206568663782673e+05 1.021062974009294910e+00
2.160000000000000000e+02 3.775219440460205078e+00 8.912237573336634086e+05 6.327294914479263399e-01
2.170000000000000000e+02 3.882185220718383789e+00 8.422271629350041039e+05 3.079466083000962917e-01
2.180000000000000000e+02 3.759448528289794922e+00 7.943906655847482616e+05 -5.590125904319004704e-03
2.190000000000000000e+02 3.863672733306884766e+00 7.872422241525740828e+05 -5.233784990070760451e-02
2.200000000000000000e+02 3.810515165328979492e+00 8.197344889365936397e+05 1.640875065272051903e-01
2.210000000000000000e+02 4.262549400329589844e+00 9.026029001664179377e+05 7.194048237729243622e-01
2.220000000000000000e+02 4.066135883331298828e+00 9.254672323867930099e+05 8.607066008572069604e-01
2.230000000000000000e+02 3.874107837677001953e+00 9.350156184844445670e+05 9.075059052918961200e-01
2.240000000000000000e+02 3.890686750411987305e+00 9.572723147323768353e+05 1.039587416267581332e+00
2.250000000000000000e+02 3.851750373840332031e+00 9.704486020498700673e+05 1.104407699706958956e+00
2.260000000000000000e+02 4.064051628112792969e+00 9.144880627713798312e+05 6.969264331200273332e-01
2.270000000000000000e+02 4.429227352142333984e+00 8.850058214908036171e+05 4.841483394893130732e-01
2.280000000000000000e+02 4.071021795272827148e+00 9.110498526569593232e+05 6.571825300168296913e-01
2.290000000000000000e+02 4.037281990051269531e+00 8.686164135333293816e+05 3.530442182595034395e-01
2.300000000000000000e+02 4.066869497299194336e+00 8.341791798944401089e+05 1.079167115370087277e-01
2.310000000000000000e+02 4.105736017227172852e+00 8.509821816535273101e+05 2.256646804992077926e-01
2.320000000000000000e+02 4.208853244781494141e+00 1.068714964376525721e+06 1.778462548028405976e+00
2.330000000000000000e+02 4.161780118942260742e+00 1.113219207363051130e+06 2.019467351638187580e+00
2.340000000000000000e+02 4.264154911041259766e+00 1.102399087497210596e+06 1.851256402582322602e+00
2.350000000000000000e+02 4.150414705276489258e+00 1.013096361242336221e+06 1.182522927249861411e+00
2.360000000000000000e+02 4.192300796508789062e+00 1.025805835499902838e+06 1.240795128434360572e+00
2.370000000000000000e+02 4.290562391281127930e+00 1.079963464096335229e+06 1.569728054350431501e+00
2.380000000000000000e+02 4.733038187026977539e+00 1.071610203350475756e+06 1.467771783839693089e+00
2.390000000000000000e+02 4.323872804641723633e+00 9.880310280589025933e+05 8.888986319055930396e-01
2.400000000000000000e+02 4.280096530914306641e+00 9.601949433673782041e+05 6.954371142578604781e-01
2.410000000000000000e+02 4.336374759674072266e+00 1.398002570746813901e+06 3.528384972071501924e+00
2.410000000000000000e+02 8.696703195571899414e+00 1.126161369053513743e+06 0.000000000000000000e+00
2.420000000000000000e+02 4.382213354110717773e+00 1.992016331853925018e+06 0.000000000000000000e+00
2.430000000000000000e+02 4.376379251480102539e+00 1.443951329344470520e+06 -1.880557955850768459e-01
2.440000000000000000e+02 4.364541053771972656e+00 7.672788293275213800e+05 -1.720156878525305633e+00
2.450000000000000000e+02 4.475764513015747070e+00 7.562931132658275310e+05 -1.109013516377449271e+00
2.460000000000000000e+02 4.359097242355346680e+00 7.744793678402386140e+05 -8.539162695502956479e-01
2.470000000000000000e+02 4.491920232772827148e+00 8.359126667637091596e+05 -6.178246796117903283e-01
2.480000000000000000e+02 4.463726043701171875e+00 9.861363928467112128e+05 -2.416393311335272021e-01
2.490000000000000000e+02 4.593762636184692383e+00 1.044052616133707110e+06 -9.456289687690111467e-02
2.500000000000000000e+02 4.593032360076904297e+00 1.050723249097886262e+06 -7.346053692518947353e-02
2.510000000000000000e+02 4.601892232894897461e+00 1.007155767459054361e+06 -1.833190993392791734e-01
2.520000000000000000e+02 4.578792572021484375e+00 9.359008096527082380e+05 -3.702212848480662122e-01
2.530000000000000000e+02 5.340072393417358398e+00 9.616431478429014096e+05 -2.803485266447411917e-01
2.540000000000000000e+02 5.259959459304809570e+00 1.111126740426230943e+06 1.741350690677708757e-01
2.550000000000000000e+02 4.653397083282470703e+00 1.137241103097935906e+06 2.486567139369628143e-01
2.560000000000000000e+02 4.672143697738647461e+00 1.101898465795274125e+06 1.274217951062656395e-01
2.570000000000000000e+02 4.801479101181030273e+00 1.107222564960604999e+06 1.411762292887689119e-01
2.580000000000000000e+02 4.816813468933105469e+00 1.202229771487017628e+06 4.611738685330263876e-01
2.590000000000000000e+02 4.710199832916259766e+00 1.285116422441885807e+06 7.357462380308302796e-01
2.600000000000000000e+02 4.743757963180541992e+00 1.296157223765541101e+06 7.457570301392900669e-01
2.610000000000000000e+02 4.887831449508666992e+00 1.246387227261846652e+06 5.389173954527906041e-01
2.620000000000000000e+02 4.694657802581787109e+00 1.234161735515333712e+06 4.781315249862845285e-01
2.630000000000000000e+02 4.950623750686645508e+00 1.241120983694171766e+06 4.910504190386037471e-01
2.640000000000000000e+02 5.031712293624877930e+00 1.213441506653600140e+06 3.732228237552508432e-01
2.650000000000000000e+02 5.796255826950073242e+00 1.232037656621254515e+06 4.364565741629520823e-01
2.660000000000000000e+02 4.957231760025024414e+00 1.190800146705812076e+06 2.642040360645858121e-01
2.670000000000000000e+02 5.747477054595947266e+00 1.052519234732263954e+06 -2.951318700787703420e-01
2.680000000000000000e+02 4.934561729431152344e+00 9.093499851551352767e+05 -8.733628169689880982e-01
2.690000000000000000e+02 4.933882951736450195e+00 9.220633524481992936e+05 -7.942101243977153224e-01
2.700000000000000000e+02 4.987021923065185547e+00 8.718508940979838371e+05 -9.795246011385617679e-01
2.710000000000000000e+02 5.115202426910400391e+00 8.148303314497001702e+05 -1.183750850917988595e+00
2.720000000000000000e+02 5.002634763717651367e+00 7.593719221192006953e+05 -1.366712606866308466e+00
2.730000000000000000e+02 4.991723537445068359e+00 7.182411128881033510e+05 -1.473893964192675599e+00
2.740000000000000000e+02 5.182345628738403320e+00 7.319899029664243571e+05 -1.350310602745102617e+00
2.750000000000000000e+02 5.159413814544677734e+00 7.516507948048647959e+05 -1.218061797311081662e+00
2.760000000000000000e+02 5.120060205459594727e+00 8.376822982131042518e+05 -8.386626291068327577e-01
2.770000000000000000e+02 5.163703680038452148e+00 1.034318940144132823e+06 -4.532942385661166418e-02
2.780000000000000000e+02 5.187841415405273438e+00 9.550576579375781585e+05 -3.610287841324539282e-01
2.790000000000000000e+02 5.407150030136108398e+00 9.553780308794481680e+05 -3.544565647998804692e-01
2.800000000000000000e+02 5.311445951461791992e+00 9.385393364640339278e+05 -4.182291281850982201e-01
2.810000000000000000e+02 5.199118614196777344e+00 9.594717665428133914e+05 -3.257260902075163611e-01
2.820000000000000000e+02 6.000484943389892578e+00 1.001320418038561707e+06 -1.465925039108476047e-01
2.830000000000000000e+02 5.320904731750488281e+00 1.015401712595429621e+06 -8.530614838305244918e-02
2.840000000000000000e+02 5.630666732788085938e+00 9.610026166299243923e+05 -3.170925611666953747e-01
2.850000000000000000e+02 5.392899274826049805e+00 9.009094999003591947e+05 -5.730580985979178976e-01
2.860000000000000000e+02 5.350495338439941406e+00 9.139852393267512089e+05 -5.077099282186285922e-01
2.870000000000000000e+02 6.060005664825439453e+00 9.475858056446070550e+05 -3.531809261044797088e-01
2.880000000000000000e+02 5.398016929626464844e+00 9.186777815205306979e+05 -4.772907097668045995e-01
2.890000000000000000e+02 5.493791818618774414e+00 9.464614141661945032e+05 -3.469383380405827721e-01
2.900000000000000000e+02 5.925936460494995117e+00 9.339511688765750732e+05 -3.995241093748805872e-01
2.910000000000000000e+02 5.544124603271484375e+00 9.195560131956345867e+05 -4.605274444594352756e-01
2.920000000000000000e+02 5.566052198410034180e+00 9.128997399023999460e+05 -4.856835171072666490e-01
2.930000000000000000e+02 6.358693361282348633e+00 8.903462631988180801e+05 -5.843330851781836088e-01
2.940000000000000000e+02 5.444494962692260742e+00 8.597687418558542849e+05 -7.194103993089970839e-01
2.950000000000000000e+02 5.500630617141723633e+00 9.561766211686364841e+05 -2.583134036488721197e-01
2.960000000000000000e+02 5.754757642745971680e+00 9.707668693470520666e+05 -1.869765567633923375e-01
2.970000000000000000e+02 5.478092193603515625e+00 1.049469365786280716e+06 1.894962035734004679e-01
2.980000000000000000e+02 5.567975044250488281e+00 1.026099758340152213e+06 7.554324239878842939e-02
2.990000000000000000e+02 5.497576236724853516e+00 1.013066768494447693e+06 1.174124309245595452e-02
