2.521094021489258856e+07
1.000000000000000000e+00 9.632611274719238281e-02 1.430092951885333750e+05 0.000000000000000000e+00
2.000000000000000000e+00 1.405148506164550781e-01 1.463881405059178360e+05 7.885960806033075476e-01
3.000000000000000000e+00 8.625102043151855469e-02 8.845539072372770170e+04 -1.036211599589320187e+00
4.000000000000000000e+00 6.875681877136230469e-02 1.307305636891265749e+05 4.500096283799551733e-01
5.000000000000000000e+00 1.036117076873779297e-01 1.070388350158433022e+05 -3.853088495526872936e-01
6.000000000000000000e+00 1.156778335571289062e-01 1.235086973958878079e+05 2.513337040241278575e-01
7.000000000000000000e+00 1.337492465972900391e-01 1.408474573073440697e+05 9.285671357256152225e-01
8.000000000000000000e+00 7.991576194763183594e-02 1.403924910788434499e+05 8.085982986248234639e-01
9.000000000000000000e+00 7.095551490783691406e-02 1.394987127876791055e+05 7.009378921631218562e-01
1.000000000000000000e+01 1.192593574523925781e-01 1.470457257349320862e+05 9.774465101653694310e-01
1.100000000000000000e+01 1.191990375518798828e-01 1.564934905489980883e+05 1.305418836649989922e+00
1.200000000000000000e+01 8.861279487609863281e-02 1.661390618543990131e+05 1.576394399849985417e+00
1.300000000000000000e+01 7.104539871215820312e-02 1.518097202898102405e+05 8.049306260725125339e-01
1.400000000000000000e+01 1.201987266540527344e-01 1.603641675936796819e+05 1.109372496361144877e+00
1.500000000000000000e+01 9.934830665588378906e-02 1.421386506055089412e+05 2.877471348776735049e-01
1.600000000000000000e+01 7.102179527282714844e-02 1.572949156628253113e+05 9.155814010980655171e-01
1.700000000000000000e+01 6.874942779541015625e-02 1.930280595549950085e+05 2.379575310582215497e+00
1.800000000000000000e+01 7.938194274902343750e-02 2.169212228930182173e+05 2.907770438478492370e+00
1.900000000000000000e+01 1.431567668914794922e-01 2.734135170634285314e+05 4.146782960234379978e+00
1.900000000000000000e+01 2.662749290466308594e-01 2.253998369781367655e+05 0.000000000000000000e+00
2.000000000000000000e+01 7.234859466552734375e-02 3.315604115973878070e+05 0.000000000000000000e+00
2.100000000000000000e+01 1.309087276458740234e-01 2.379852441607119981e+05 -5.394508167249710828e-01
2.200000000000000000e+01 1.640863418579101562e-01 3.154407107651341357e+05 8.699640492130699121e-01
2.300000000000000000e+01 1.409480571746826172e-01 3.294926165238668909e+05 9.671474780073965327e-01
2.400000000000000000e+01 9.342169761657714844e-02 2.622203000339996070e+05 -4.958387984186620190e-01
2.500000000000000000e+01 7.065200805664062500e-02 3.094314879096622462e+05 5.405400830875324303e-01
2.600000000000000000e+01 7.237720489501953125e-02 3.268303385767611326e+05 8.857499737853672395e-01
2.700000000000000000e+01 6.926894187927246094e-02 2.741528637363227317e+05 -4.165799338079175240e-01
2.800000000000000000e+01 7.100152969360351562e-02 3.429168442832778092e+05 1.278101489636864097e+00
2.900000000000000000e+01 7.025241851806640625e-02 3.581084051293456578e+05 1.480967605091801698e+00
3.000000000000000000e+01 6.934833526611328125e-02 3.489350348032480106e+05 1.076943769346957014e+00
3.100000000000000000e+01 6.893587112426757812e-02 3.374623089215899818e+05 7.261150343876410229e-01
3.200000000000000000e+01 7.531380653381347656e-02 3.115848870921052294e+05 8.967456976837386018e-02
3.300000000000000000e+01 1.404206752777099609e-01 3.068574991232049651e+05 -2.653337792375972878e-02
3.400000000000000000e+01 1.447548866271972656e-01 3.322081861936374917e+05 6.041024544824665776e-01
3.500000000000000000e+01 1.181058883666992188e-01 3.160217066858449834e+05 1.679404469443307457e-01
3.600000000000000000e+01 7.872247695922851562e-02 2.514813358814789681e+05 -1.528953509339794348e+00
3.700000000000000000e+01 2.073884010314941406e-01 2.099472433711658232e+05 -2.447458241942952917e+00
3.800000000000000000e+01 1.348247528076171875e-01 2.109515792688133661e+05 -2.043181851482843037e+00
3.900000000000000000e+01 1.400916576385498047e-01 2.685775670749175479e+05 -5.955711844689790535e-01
4.000000000000000000e+01 6.862378120422363281e-02 2.949087474448123248e+05 -1.472270253369852011e-02
4.100000000000000000e+01 7.511782646179199219e-02 2.723016289223387721e+05 -5.089326483218928887e-01
4.200000000000000000e+01 8.933877944946289062e-02 2.618651775953123870e+05 -7.276517392810032403e-01
4.300000000000000000e+01 6.877064704895019531e-02 2.791323482983242138e+05 -3.163906046678635064e-01
4.400000000000000000e+01 6.951022148132324219e-02 2.616668937034183473e+05 -7.102312476570951105e-01
4.500000000000000000e+01 7.359600067138671875e-02 3.045668012798948330e+05 3.042416721537918312e-01
4.600000000000000000e+01 6.987094879150390625e-02 2.913767061684298678e+05 -1.296539326331161944e-02
4.700000000000000000e+01 6.938886642456054688e-02 3.305129134808794479e+05 9.282337937429697705e-01
4.800000000000000000e+01 7.032227516174316406e-02 3.051438309817282134e+05 2.871254946575740874e-01
4.900000000000000000e+01 6.965517997741699219e-02 3.031523451282421011e+05 2.332588745772900540e-01
5.000000000000000000e+01 7.797288894653320312e-02 2.970377960095893941e+05 7.710570566435738515e-02
5.100000000000000000e+01 7.261610031127929688e-02 2.954488692880360759e+05 3.570198251130694139e-02
5.200000000000000000e+01 6.981039047241210938e-02 2.787049928190647042e+05 -3.954495284625252349e-01
5.300000000000000000e+01 6.973934173583984375e-02 2.701181744857676676e+05 -6.125804548653592807e-01
5.400000000000000000e+01 8.596873283386230469e-02 3.092045428475154913e+05 4.273400341038612327e-01
5.500000000000000000e+01 1.983814239501953125e-01 3.486865156506079948e+05 1.471323026469324224e+00
5.600000000000000000e+01 1.026518344879150391e-01 3.216578402023073286e+05 7.014441521212640973e-01
5.700000000000000000e+01 7.205462455749511719e-02 3.075155942626774195e+05 3.144386728206979287e-01
5.800000000000000000e+01 7.447218894958496094e-02 3.337203732010939857e+05 1.010361460473717887e+00
5.900000000000000000e+01 7.019996643066406250e-02 3.977787904673601734e+05 2.697111917896670263e+00
6.000000000000000000e+01 7.172536849975585938e-02 3.493947589428644860e+05 1.246633157219376065e+00
6.100000000000000000e+01 7.277464866638183594e-02 3.038006006867333199e+05 8.138233580862901106e-02
6.200000000000000000e+01 7.022309303283691406e-02 2.868696623695135931e+05 -3.434561901317259025e-01
6.300000000000000000e+01 7.073664665222167969e-02 2.838421141966684372e+05 -4.157509019331561695e-01
6.400000000000000000e+01 8.028244972229003906e-02 2.912460046453542309e+05 -2.213021734649488204e-01
6.500000000000000000e+01 1.423223018646240234e-01 3.182469379679309204e+05 4.782294634164328540e-01
6.600000000000000000e+01 1.475567817687988281e-01 3.651611267999379197e+05 1.693525169057826130e+00
6.700000000000000000e+01 7.718896865844726562e-02 4.067230375075514894e+05 2.689118961697863242e+00
6.800000000000000000e+01 7.326817512512207031e-02 4.343344606874262681e+05 3.146255028040790602e+00
6.800000000000000000e+01 1.487874984741210938e-01 1.954528488266926142e+05 0.000000000000000000e+00
6.900000000000000000e+01 7.207322120666503906e-02 1.512495063856628840e+05 0.000000000000000000e+00
7.000000000000000000e+01 1.836850643157958984e-01 2.165590236746061419e+05 1.382364285968167295e+00
7.100000000000000000e+01 9.615683555603027344e-02 2.241040488249963382e+05 1.090665358101351678e+00
7.200000000000000000e+01 7.088851928710937500e-02 2.979731152623871458e+05 3.090443693129948155e+00
7.200000000000000000e+01 1.435651779174804688e-01 1.766720534001172346e+05 0.000000000000000000e+00
7.300000000000000000e+01 7.099986076354980469e-02 1.946937490018111130e+05 0.000000000000000000e+00
7.400000000000000000e+01 3.843314647674560547e-01 2.796481526873528492e+05 7.373719764268980015e+00
7.400000000000000000e+01 3.027915954589843750e-04 4.314588273759929871e+04 0.000000000000000000e+00
7.500000000000000000e+01 6.752181053161621094e-02 1.601724155281074636e+05 3.128728745377187703e+00
7.500000000000000000e+01 1.342995166778564453e-01 1.558304121624723193e+05 0.000000000000000000e+00
7.600000000000000000e+01 6.870055198669433594e-02 1.168728905444231787e+05 0.000000000000000000e+00
7.700000000000000000e+01 1.356148719787597656e-01 1.166513419391405623e+05 -7.151493113399637336e-01
7.800000000000000000e+01 7.808184623718261719e-02 1.031595381185846927e+05 -1.180391680346265293e+00
7.900000000000000000e+01 6.936860084533691406e-02 1.225557071004008467e+05 -2.520755012884597426e-02
8.000000000000000000e+01 7.292222976684570312e-02 1.301045439872493735e+05 3.602565232148301488e-01
8.100000000000000000e+01 1.389186382293701172e-01 1.237460057663061452e+05 -2.520853182567722728e-02
8.200000000000000000e+01 1.746120452880859375e-01 1.614481868424244167e+05 2.291198635403656425e+00
8.300000000000000000e+01 3.973734378814697266e-01 3.663008568529735203e+05 1.185395865054567111e+01
8.300000000000000000e+01 3.051757812500000000e-04 6.383150971829506307e+04 0.000000000000000000e+00
8.400000000000000000e+01 3.703308105468750000e-01 3.278119049537195824e+05 5.141488321610259149e+00
8.400000000000000000e+01 3.030300140380859375e-04 8.682061522218702885e+04 0.000000000000000000e+00
8.500000000000000000e+01 6.890010833740234375e-02 3.418369750139371608e+05 3.446832853099138561e+00
8.500000000000000000e+01 1.357336044311523438e-01 3.419666093810249586e+05 0.000000000000000000e+00
8.600000000000000000e+01 6.844997406005859375e-02 1.737019846392571635e+05 0.000000000000000000e+00
8.700000000000000000e+01 6.818366050720214844e-02 1.753153793062990007e+05 -6.935466842672299848e-01
8.800000000000000000e+01 6.793522834777832031e-02 2.084913107237472141e+05 -2.258532872495937760e-01
8.900000000000000000e+01 7.404017448425292969e-02 2.196941584477022698e+05 -6.493112982015006307e-02
9.000000000000000000e+01 9.488034248352050781e-02 3.103901788415707415e+05 1.253415124187590157e+00
9.100000000000000000e+01 7.019305229187011719e-02 2.477076250634142198e+05 1.327675627435954964e-01
9.200000000000000000e+01 7.045626640319824219e-02 2.395397796950174961e+05 -1.073309170364460325e-03
9.300000000000000000e+01 1.123588085174560547e-01 3.333752244242480956e+05 1.556894806561743838e+00
9.400000000000000000e+01 7.000708580017089844e-02 2.279194039356980938e+05 -3.430121534747119227e-01
9.500000000000000000e+01 6.934118270874023438e-02 2.339704164670823375e+05 -2.263339376635269684e-01
9.600000000000000000e+01 6.797575950622558594e-02 2.076534463114022801e+05 -6.688257986217704953e-01
9.700000000000000000e+01 6.811904907226562500e-02 2.356912942325333133e+05 -1.346656470697384644e-01
9.800000000000000000e+01 7.458353042602539062e-02 1.996054447760052572e+05 -7.953923637275489567e-01
9.900000000000000000e+01 6.826949119567871094e-02 1.618045606066216133e+05 -1.459211721231833181e+00
1.000000000000000000e+02 6.906414031982421875e-02 1.637882690653028840e+05 -1.280364190840006966e+00
1.010000000000000000e+02 6.918931007385253906e-02 2.911967092543449253e+05 1.088771502447851924e+00
1.020000000000000000e+02 6.850719451904296875e-02 2.878688616511382279e+05 9.620102521256408412e-01
1.030000000000000000e+02 6.929993629455566406e-02 2.247832169758514501e+05 -2.112640305241785810e-01
1.040000000000000000e+02 7.043194770812988281e-02 2.486802868193816685e+05 2.315774878004323856e-01
1.050000000000000000e+02 6.896901130676269531e-02 2.729651405424758559e+05 6.816047028410133768e-01
1.060000000000000000e+02 6.886410713195800781e-02 2.782664520746533526e+05 7.593269067590669996e-01
1.070000000000000000e+02 6.959700584411621094e-02 2.863795919973773416e+05 8.888545849435471879e-01
1.080000000000000000e+02 6.890940666198730469e-02 3.389381631361161126e+05 1.872244075537605079e+00
1.090000000000000000e+02 6.906795501708984375e-02 3.283736026519758161e+05 1.514001277840526960e+00
1.100000000000000000e+02 6.935954093933105469e-02 2.377484824199810391e+05 -2.117986280486596762e-01
1.110000000000000000e+02 6.898808479309082031e-02 2.557620487401096034e+05 1.227541619353654800e-01
1.120000000000000000e+02 6.921148300170898438e-02 2.143883036785127479e+05 -6.532023857535168565e-01
1.130000000000000000e+02 7.155489921569824219e-02 2.137595684971278824e+05 -6.487413075686221386e-01
1.140000000000000000e+02 1.418371200561523438e-01 2.142415142198362155e+05 -6.239077313977040573e-01
1.150000000000000000e+02 7.453656196594238281e-02 1.947732935657544876e+05 -9.858378493105811602e-01
1.160000000000000000e+02 6.916904449462890625e-02 2.102433738569914422e+05 -6.557980469404562918e-01
1.170000000000000000e+02 6.992435455322265625e-02 2.692860822556718485e+05 5.113945937819381893e-01
1.180000000000000000e+02 7.256531715393066406e-02 3.189510150031131925e+05 1.482963582092110766e+00
1.190000000000000000e+02 6.999945640563964844e-02 3.563885647148191347e+05 2.142446193172519386e+00
1.200000000000000000e+02 6.965899467468261719e-02 4.137015232060776907e+05 3.043469590874563480e+00
1.200000000000000000e+02 1.399161815643310547e-01 1.917537281720681349e+05 0.000000000000000000e+00
1.210000000000000000e+02 6.961894035339355469e-02 1.433734752697086660e+05 0.000000000000000000e+00
1.220000000000000000e+02 7.210397720336914062e-02 1.871521383355683356e+05 5.725967204725235238e-01
1.230000000000000000e+02 8.460688591003417969e-02 2.254551006640371052e+05 1.923432759924511792e+00
1.240000000000000000e+02 1.401028633117675781e-01 2.693472389449726325e+05 2.446369370555101508e+00
1.250000000000000000e+02 1.482548713684082031e-01 2.695771598225716734e+05 1.407495772823797786e+00
1.260000000000000000e+02 1.184308528900146484e-01 2.219302761845009518e+05 1.498267125282692624e-01
1.270000000000000000e+02 7.148385047912597656e-02 2.335864781791833520e+05 3.954379299293365735e-01
1.280000000000000000e+02 7.349514961242675781e-02 2.570744677772308060e+05 9.183910870447182795e-01
1.290000000000000000e+02 1.098511219024658203e-01 2.884494461192367016e+05 1.574315318764720528e+00
1.300000000000000000e+02 1.718695163726806641e-01 3.001026880710103433e+05 1.588430499172344135e+00
1.310000000000000000e+02 7.966089248657226562e-02 4.230786379429066437e+05 3.935603314135490916e+00
1.310000000000000000e+02 1.503958702087402344e-01 2.632801581975742592e+05 0.000000000000000000e+00
1.320000000000000000e+02 7.063698768615722656e-02 3.092678033201735234e+05 0.000000000000000000e+00
1.330000000000000000e+02 7.134509086608886719e-02 2.621245257960224408e+05 -7.426448264818734657e-01
1.340000000000000000e+02 7.014822959899902344e-02 2.517707782466637145e+05 -9.837339822408851520e-01
1.350000000000000000e+02 7.068347930908203125e-02 2.521144293009574176e+05 -7.606138937926670840e-01
1.360000000000000000e+02 7.022690773010253906e-02 2.631317014674911625e+05 -1.920325263403888372e-01
1.370000000000000000e+02 7.063984870910644531e-02 2.706644772860300727e+05 1.735490095288456103e-01
1.380000000000000000e+02 7.198452949523925781e-02 2.766785989167163498e+05 4.694108947692223199e-01
1.390000000000000000e+02 2.982008457183837891e-01 6.866021708345001098e+05 2.267482198437944874e+01
1.390000000000000000e+02 3.011226654052734375e-04 4.570370479259043350e+04 0.000000000000000000e+00
1.400000000000000000e+02 3.026773929595947266e-01 2.810430801403908990e+05 6.575019205922253640e+00
1.400000000000000000e+02 3.397464752197265625e-04 6.164100370370963356e+04 0.000000000000000000e+00
1.410000000000000000e+02 4.732575416564941406e-01 3.281328196900132461e+05 5.406945842628610777e+00
1.410000000000000000e+02 9.913444519042968750e-04 5.227417346413264022e+04 0.000000000000000000e+00
1.420000000000000000e+02 3.563132286071777344e-01 3.295590564483866328e+05 6.794495179606411916e+00
1.420000000000000000e+02 2.970695495605468750e-04 6.297360114650232572e+04 0.000000000000000000e+00
1.430000000000000000e+02 6.728553771972656250e-02 1.490291514001408650e+05 1.225463757427704525e+00
1.440000000000000000e+02 7.207798957824707031e-02 1.206570848798696243e+05 1.797646357124556005e-01
1.450000000000000000e+02 7.528090476989746094e-02 1.364241658816277923e+05 5.950664094986747310e-01
1.460000000000000000e+02 1.308434009552001953e-01 1.334329651452082035e+05 4.352137003647958968e-01
1.470000000000000000e+02 7.246899604797363281e-02 1.419027103085025446e+05 6.779075798633591443e-01
1.480000000000000000e+02 8.071398735046386719e-02 1.874869533242171456e+05 2.203306887532071379e+00
1.490000000000000000e+02 1.395063400268554688e-01 1.635825108284028538e+05 9.040511866709481925e-01
1.500000000000000000e+02 7.591056823730468750e-02 1.337229034282070061e+05 -5.845764408562598158e-02
1.510000000000000000e+02 1.094102859497070312e-01 1.832737649993872619e+05 1.486058171198487710e+00
1.520000000000000000e+02 1.013312339782714844e-01 1.859729085509563447e+05 1.367698196435960689e+00
1.530000000000000000e+02 1.750481128692626953e-01 2.060804387841800053e+05 1.792751599786810202e+00
1.540000000000000000e+02 1.114943027496337891e-01 2.067521645996399166e+05 1.551808984402420322e+00
1.550000000000000000e+02 7.646036148071289062e-02 2.005677100721795869e+05 1.219553486189929314e+00
1.560000000000000000e+02 6.990528106689453125e-02 2.489295568174640939e+05 2.337183101697970944e+00
1.570000000000000000e+02 6.923246383666992188e-02 2.539957195751332038e+05 2.053355028183745379e+00
1.580000000000000000e+02 6.844067573547363281e-02 1.540538812776713748e+05 -2.665234103006390853e-01
1.590000000000000000e+02 6.995773315429687500e-02 1.441284927505716623e+05 -4.674642708785691769e-01
1.600000000000000000e+02 7.088446617126464844e-02 1.741885698153476696e+05 1.930334151645190788e-01
1.610000000000000000e+02 6.871843338012695312e-02 1.705702534494323481e+05 1.084128085339916697e-01
1.620000000000000000e+02 8.230328559875488281e-02 1.757079405982342432e+05 2.221327808267776482e-01
1.630000000000000000e+02 1.390633583068847656e-01 1.757418016227609187e+05 2.178007328277133114e-01
1.640000000000000000e+02 1.302571296691894531e-01 3.059483694659947068e+05 3.295521584661975645e+00
1.640000000000000000e+02 2.030668258666992188e-01 1.916001843072838383e+05 0.000000000000000000e+00
1.650000000000000000e+02 7.070493698120117188e-02 2.082289350906999607e+05 0.000000000000000000e+00
1.660000000000000000e+02 9.586811065673828125e-02 2.241402602383625635e+05 2.060305954848697940e+00
1.670000000000000000e+02 8.167815208435058594e-02 2.176491637677794206e+05 5.936426280843136727e-01
1.680000000000000000e+02 4.504258632659912109e-01 4.076989393416558160e+05 1.395672785004911631e+01
1.680000000000000000e+02 3.325939178466796875e-04 6.150892005904696271e+04 0.000000000000000000e+00
1.690000000000000000e+02 1.136677265167236328e-01 2.908226655386536731e+05 4.565276615961599838e+00
1.690000000000000000e+02 2.266113758087158203e-01 2.875004809979628772e+05 0.000000000000000000e+00
1.700000000000000000e+02 7.732629776000976562e-02 2.599639137822902121e+05 0.000000000000000000e+00
1.710000000000000000e+02 1.075818538665771484e-01 1.488748248452301486e+05 -6.412382060272333817e+00
1.720000000000000000e+02 8.175230026245117188e-02 1.194790620831012639e+05 -1.534742658247585156e+00
1.730000000000000000e+02 7.801151275634765625e-02 1.321856685731731704e+05 -8.727494011215573000e-01
1.740000000000000000e+02 7.791829109191894531e-02 1.786558265033276111e+05 -1.401144355245699524e-01
1.750000000000000000e+02 1.116530895233154297e-01 1.808881115597701573e+05 -9.839273584757428359e-02
1.760000000000000000e+02 1.571457386016845703e-01 2.047920695966688218e+05 2.814028982845923066e-01
1.770000000000000000e+02 1.530675888061523438e-01 2.310455235991131049e+05 7.052262982619016407e-01
1.780000000000000000e+02 1.763403415679931641e-01 2.734746895728739328e+05 1.388542005609413099e+00
1.790000000000000000e+02 1.782751083374023438e-01 2.171765959464403277e+05 2.592752667921141563e-01
1.800000000000000000e+02 8.944511413574218750e-02 1.916937939008408284e+05 -2.004587277800700673e-01
1.810000000000000000e+02 7.833385467529296875e-02 4.656155817816704512e+05 4.849914250822476625e+00
1.810000000000000000e+02 1.587629318237304688e-01 3.609795623171525658e+05 0.000000000000000000e+00
1.820000000000000000e+02 7.995057106018066406e-02 3.685518937463595066e+05 0.000000000000000000e+00
1.830000000000000000e+02 7.824993133544921875e-02 3.566765580611650366e+05 -1.510738665852213281e+00
1.840000000000000000e+02 8.073973655700683594e-02 3.637257410170157091e+05 2.755067405529582070e-01
1.850000000000000000e+02 7.854223251342773438e-02 3.828962715938937617e+05 4.100346803212652880e+00
1.850000000000000000e+02 1.568393707275390625e-01 2.077111660432319622e+05 0.000000000000000000e+00
1.860000000000000000e+02 8.103013038635253906e-02 2.976529885020568618e+05 0.000000000000000000e+00
1.870000000000000000e+02 1.037054061889648438e-01 3.352022970452391310e+05 1.297518893680827512e+00
1.880000000000000000e+02 1.258716583251953125e-01 4.720286700465003960e+05 2.928171955401178028e+00
1.890000000000000000e+02 1.338644027709960938e-01 4.924721230123082642e+05 1.496191820244716864e+00
1.900000000000000000e+02 1.024179458618164062e-01 3.989087623982378282e+05 3.152798625453968051e-01
1.910000000000000000e+02 1.345336437225341797e-01 3.585342166025560000e+05 -8.097603526528419915e-02
1.920000000000000000e+02 2.100379467010498047e-01 3.287978363907453022e+05 -3.757333798733473174e-01
1.930000000000000000e+02 9.404039382934570312e-02 3.505791160228850786e+05 -1.167654025335414097e-01
1.940000000000000000e+02 7.891726493835449219e-02 4.522504772784198867e+05 1.059522896157269134e+00
1.950000000000000000e+02 8.067631721496582031e-02 5.316771766092830803e+05 1.866815999509535251e+00
1.960000000000000000e+02 1.073517799377441406e-01 3.170707667509983876e+05 -6.997664704034241012e-01
1.970000000000000000e+02 9.858632087707519531e-02 2.507293384752223501e+05 -1.368080630219297378e+00
1.980000000000000000e+02 8.049941062927246094e-02 2.396195518026575155e+05 -1.341651213183701730e+00
1.990000000000000000e+02 7.879495620727539062e-02 3.399106049440106726e+05 -1.986563348963814590e-01
2.000000000000000000e+02 8.139848709106445312e-02 3.877436791741579073e+05 3.101062737431138361e-01
2.010000000000000000e+02 8.664107322692871094e-02 3.937330046731607290e+05 3.648507201056572224e-01
2.020000000000000000e+02 7.884430885314941406e-02 4.162385791566736298e+05 6.039478882378291891e-01
2.030000000000000000e+02 8.145713806152343750e-02 4.516270000422404846e+05 9.838672190218047398e-01
2.040000000000000000e+02 7.954788208007812500e-02 4.910262019216534682e+05 1.382999123220088000e+00
2.050000000000000000e+02 7.938671112060546875e-02 4.771785030208356329e+05 1.132038876595389487e+00
2.060000000000000000e+02 8.164095878601074219e-02 4.289065970504523721e+05 5.368153040600570636e-01
2.070000000000000000e+02 7.968926429748535156e-02 4.461865285056155990e+05 7.165568407094218273e-01
2.080000000000000000e+02 2.127799987792968750e-01 4.290536269364304026e+05 4.977905860006615613e-01
2.090000000000000000e+02 8.858251571655273438e-02 3.978464628333557630e+05 1.226760810841783650e-01
2.100000000000000000e+02 7.978701591491699219e-02 3.726199748477223329e+05 -1.789594244105578436e-01
2.110000000000000000e+02 8.284282684326171875e-02 3.673075486583909369e+05 -2.397835764464385788e-01
2.120000000000000000e+02 7.968330383300781250e-02 3.867648089733396191e+05 4.581454764566341223e-03
2.130000000000000000e+02 7.939815521240234375e-02 3.719573870464154752e+05 -1.814649984576710284e-01
2.140000000000000000e+02 8.220744132995605469e-02 3.702752309222468175e+05 -1.998189904683807527e-01
2.150000000000000000e+02 7.984447479248046875e-02 3.452377146821656497e+05 -5.219113496020246767e-01
2.160000000000000000e+02 7.991218566894531250e-02 3.148567649518799153e+05 -9.112591610584314106e-01
2.170000000000000000e+02 8.192038536071777344e-02 4.320858975084639387e+05 6.622572014026666398e-01
2.180000000000000000e+02 9.344434738159179688e-02 4.128291413671932532e+05 3.914630179308068447e-01
2.190000000000000000e+02 7.975840568542480469e-02 4.688934226759548765e+05 1.141755900578701022e+00
2.200000000000000000e+02 1.574571132659912109e-01 5.563078891395936953e+05 2.280223622489025104e+00
2.210000000000000000e+02 8.250761032104492188e-02 5.947611637274889508e+05 2.588123402931064465e+00
2.220000000000000000e+02 8.235263824462890625e-02 5.594120110545345815e+05 1.925885996913017317e+00
2.230000000000000000e+02 7.813501358032226562e-02 5.121293029123636661e+05 1.270673562884416796e+00
2.240000000000000000e+02 1.642115116119384766e-01 4.917450794709434849e+05 9.970809538229964408e-01
2.250000000000000000e+02 1.166839599609375000e-01 5.640652804763766471e+05 1.795172688927647808e+00
2.260000000000000000e+02 7.177639007568359375e-02 5.744540348758654436e+05 1.821382294725269135e+00
2.270000000000000000e+02 7.109355926513671875e-02 5.701582713863694808e+05 1.685024518210170408e+00
2.280000000000000000e+02 7.362914085388183594e-02 6.217398693767625373e+05 2.157389020056224016e+00
2.290000000000000000e+02 7.372283935546875000e-02 5.837381340345712379e+05 1.640326115564923137e+00
2.300000000000000000e+02 7.161688804626464844e-02 5.447277354385111248e+05 1.185776370476967045e+00
2.310000000000000000e+02 9.877300262451171875e-02 7.291633526978408918e+05 2.987526442978881924e+00
2.320000000000000000e+02 8.941388130187988281e-02 9.190131735000403132e+05 4.450427267265495423e+00
2.320000000000000000e+02 1.708447933197021484e-01 3.389530330206700019e+05 0.000000000000000000e+00
2.330000000000000000e+02 1.128113269805908203e-01 2.540826725629164430e+05 0.000000000000000000e+00
2.340000000000000000e+02 1.437447071075439453e-01 3.203790340683466056e+05 3.976041340409068869e-01
2.350000000000000000e+02 9.212875366210937500e-02 3.176262029199234094e+05 2.948451990006123458e-01
2.360000000000000000e+02 1.393699645996093750e-01 3.873279007055870607e+05 2.149472077830718142e+00
2.370000000000000000e+02 1.080167293548583984e-01 4.589483815753755043e+05 2.824410353067978718e+00
2.380000000000000000e+02 7.262611389160156250e-02 5.560652902081160573e+05 3.002395236378372800e+00
2.380000000000000000e+02 1.485834121704101562e-01 2.849602046367645380e+05 0.000000000000000000e+00
2.390000000000000000e+02 7.392811775207519531e-02 3.040716623359151999e+05 0.000000000000000000e+00
2.400000000000000000e+02 1.119744777679443359e-01 3.554014678473841632e+05 4.505420245863744455e+00
2.400000000000000000e+02 1.861255168914794922e-01 2.024793625930404232e+05 0.000000000000000000e+00
2.410000000000000000e+02 7.520198822021484375e-02 1.032987899117926019e+06 0.000000000000000000e+00
2.420000000000000000e+02 7.215762138366699219e-02 1.451971532284440706e+06 1.420564031025043583e+00
2.430000000000000000e+02 7.211017608642578125e-02 1.172467573993994156e+06 4.350322323506989330e-01
2.440000000000000000e+02 7.355546951293945312e-02 5.677983433426133124e+05 -7.391386772899734003e-01
2.450000000000000000e+02 1.409931182861328125e-01 5.307290949271660065e+05 -7.123197301306481988e-01
2.460000000000000000e+02 1.501653194427490234e-01 6.335145036617462756e+05 -4.117407580433388170e-01
2.470000000000000000e+02 1.464314460754394531e-01 6.759558219851339236e+05 -2.832773378755598648e-01
2.480000000000000000e+02 1.475510597229003906e-01 8.516392418119324138e+05 1.686949251474206823e-01
2.490000000000000000e+02 1.186521053314208984e-01 8.474981198504406493e+05 1.490770130899996826e-01
2.500000000000000000e+02 7.247447967529296875e-02 7.665079088040094357e+05 -8.449440158597452954e-02
2.510000000000000000e+02 7.664132118225097656e-02 6.935346412437014515e+05 -2.960986936275987191e-01
2.520000000000000000e+02 7.266020774841308594e-02 5.866362647873496171e+05 -6.127851645754323062e-01
2.530000000000000000e+02 7.326006889343261719e-02 6.027286007656155853e+05 -5.307339103531080182e-01
2.540000000000000000e+02 1.553199291229248047e-01 6.899747649011519970e+05 -2.228977748875684006e-01
2.550000000000000000e+02 7.358145713806152344e-02 7.152561851122236112e+05 -1.300925174397695172e-01
2.560000000000000000e+02 7.317423820495605469e-02 7.120104229258681880e+05 -1.375153556304551661e-01
2.570000000000000000e+02 9.744882583618164062e-02 6.672353908526144223e+05 -2.951238160653746334e-01
2.580000000000000000e+02 1.271665096282958984e-01 7.826265940487459302e+05 1.414325095607344152e-01
2.590000000000000000e+02 7.616424560546875000e-02 8.782309711673833663e+05 5.024847604113236166e-01
2.600000000000000000e+02 8.234667778015136719e-02 9.030653313252057415e+05 5.838916997591291347e-01
2.610000000000000000e+02 1.462299823760986328e-01 8.386544745933467057e+05 3.106100059027905314e-01
2.620000000000000000e+02 7.250142097473144531e-02 8.405228243491080357e+05 3.106814362141768204e-01
2.630000000000000000e+02 8.629727363586425781e-02 7.770138168446299387e+05 4.086683792277521349e-02
2.640000000000000000e+02 7.555794715881347656e-02 7.546298635691525415e+05 -5.460019147587301391e-02
2.650000000000000000e+02 7.285737991333007812e-02 7.029135495451294119e+05 -2.768942992756316945e-01
2.660000000000000000e+02 7.318615913391113281e-02 6.271058956903039943e+05 -6.049580328864273548e-01
2.670000000000000000e+02 7.540345191955566406e-02 5.665457695001013344e+05 -8.598612709098566453e-01
2.680000000000000000e+02 7.317090034484863281e-02 5.483272437661052682e+05 -9.152297615908614459e-01
2.690000000000000000e+02 7.322001457214355469e-02 5.893050346183964284e+05 -7.024568355375405693e-01
2.700000000000000000e+02 9.758186340332031250e-02 5.395695738482209854e+05 -9.109162168608688770e-01
2.710000000000000000e+02 1.892857551574707031e-01 5.368795353731025243e+05 -8.966864258063200754e-01
2.720000000000000000e+02 7.928133010864257812e-02 5.318432009031580528e+05 -8.947883595512844401e-01
2.730000000000000000e+02 1.484093666076660156e-01 4.896259946752638207e+05 -1.064274109638162935e+00
2.740000000000000000e+02 1.052913665771484375e-01 4.965856971621197881e+05 -9.995600914419875416e-01
2.750000000000000000e+02 7.354950904846191406e-02 4.916568584991264506e+05 -9.939947267380941920e-01
2.760000000000000000e+02 7.340764999389648438e-02 5.445720788201431278e+05 -7.244513455338675856e-01
2.770000000000000000e+02 7.559871673583984375e-02 7.163504660626250552e+05 8.284543082566490912e-02
2.780000000000000000e+02 7.374763488769531250e-02 7.067169614546331577e+05 3.671406020877843873e-02
2.790000000000000000e+02 7.364988327026367188e-02 6.794578044409182621e+05 -9.294911722568091617e-02
2.800000000000000000e+02 7.581448554992675781e-02 6.489961556091582170e+05 -2.380514272067185411e-01
2.810000000000000000e+02 7.414627075195312500e-02 6.661342837161439238e+05 -1.517651411312491705e-01
2.820000000000000000e+02 7.514214515686035156e-02 6.773241601741370978e+05 -9.491966452958584821e-02
2.830000000000000000e+02 7.638812065124511719e-02 6.537357405259938678e+05 -2.112243171666327302e-01
2.840000000000000000e+02 1.095881462097167969e-01 6.007040467246352928e+05 -4.756794637910805590e-01
2.850000000000000000e+02 1.060674190521240234e-01 6.302224685949039413e+05 -3.193745355585341783e-01
2.860000000000000000e+02 1.494648456573486328e-01 6.175592741455087671e+05 -3.805659123129812027e-01
2.870000000000000000e+02 1.715402603149414062e-01 6.427821596661945805e+05 -2.453764863544549979e-01
2.880000000000000000e+02 1.523752212524414062e-01 5.724917989140290301e+05 -6.104038536464059250e-01
2.890000000000000000e+02 9.963512420654296875e-02 5.092319569669912453e+05 -9.350722864722312844e-01
2.900000000000000000e+02 7.846570014953613281e-02 4.856086338229261455e+05 -1.042296272456572970e+00
2.910000000000000000e+02 8.082485198974609375e-02 4.878412261039809091e+05 -1.009428174137391387e+00
2.920000000000000000e+02 8.738636970520019531e-02 5.283262216694521485e+05 -7.766509968226807947e-01
2.930000000000000000e+02 8.992815017700195312e-02 5.071897954405352939e+05 -8.768425895659898162e-01
2.940000000000000000e+02 1.411736011505126953e-01 4.643759829958725604e+05 -1.089666270288526029e+00
2.950000000000000000e+02 8.383774757385253906e-02 5.157736488743452937e+05 -7.960465146678084025e-01
2.960000000000000000e+02 8.386492729187011719e-02 5.035574635963645414e+05 -8.494416217547462455e-01
2.970000000000000000e+02 8.673024177551269531e-02 6.076328907821739558e+05 -2.822551000921712516e-01
2.980000000000000000e+02 9.172773361206054688e-02 6.510543829218951287e+05 -4.643769954769701863e-02
2.990000000000000000e+02 8.598852157592773438e-02 6.431263622378847795e+05 -8.900177337566146651e-02
