1.916809349800438434e+07
1.000000000000000000e+00 7.924580574035644531e-02 1.416129286517939181e+05 0.000000000000000000e+00
2.000000000000000000e+00 7.983303070068359375e-02 1.447627649654899724e+05 7.588624129652334904e-01
3.000000000000000000e+00 1.180477142333984375e-01 8.561802332482638303e+04 -5.600977518553268419e-01
4.000000000000000000e+00 1.766386032104492188e-01 1.268835670245657384e+05 4.576511685148146880e-01
5.000000000000000000e+00 8.977437019348144531e-02 1.009079301791291655e+05 -2.565456819556975465e-01
6.000000000000000000e+00 9.941196441650390625e-02 1.077647785672909959e+05 -4.159942696323570138e-02
7.000000000000000000e+00 9.604549407958984375e-02 1.170183006857566070e+05 2.503624331783413925e-01
8.000000000000000000e+00 1.252744197845458984e-01 1.033954811129403970e+05 -2.225761577951963499e-01
9.000000000000000000e+00 2.341673374176025391e-01 1.135513069807511929e+05 1.531244529855081971e-01
1.000000000000000000e+01 1.257061958312988281e-01 1.035602282121531316e+05 -2.333047462269761396e-01
1.100000000000000000e+01 1.800410747528076172e-01 9.236638242178638757e+04 -6.696597080134806257e-01
1.200000000000000000e+01 1.264603137969970703e-01 1.232328793652751192e+05 6.351460375420771021e-01
1.300000000000000000e+01 9.966325759887695312e-02 1.088807545338362397e+05 -2.492400385621047331e-03
1.400000000000000000e+01 1.095945835113525391e-01 1.177916051452611282e+05 3.883905994452088728e-01
1.500000000000000000e+01 1.340825557708740234e-01 9.598477195427444531e+04 -6.129831733942816552e-01
1.600000000000000000e+01 1.922371387481689453e-01 1.290084965426611307e+05 9.407716486370432118e-01
1.700000000000000000e+01 1.675319671630859375e-01 1.572907993436628021e+05 2.205819823899257237e+00
1.800000000000000000e+01 1.646502017974853516e-01 1.442309069095538871e+05 1.340730154199764490e+00
1.900000000000000000e+01 2.718298435211181641e-01 2.157626943956092291e+05 4.212075947784403418e+00
1.900000000000000000e+01 3.555917739868164062e-01 2.031324542089905590e+05 0.000000000000000000e+00
2.000000000000000000e+01 8.123350143432617188e-02 2.826024648536067107e+05 0.000000000000000000e+00
2.100000000000000000e+01 8.392643928527832031e-02 1.836950481480380695e+05 -1.053006360735858626e+00
2.200000000000000000e+01 8.313703536987304688e-02 2.326830390808535158e+05 1.820478581263081097e-01
2.300000000000000000e+01 8.050775527954101562e-02 1.863223623686497158e+05 -9.106782278799471220e-01
2.400000000000000000e+01 8.191156387329101562e-02 1.429957577970227285e+05 -1.812873743020936068e+00
2.500000000000000000e+01 8.116960525512695312e-02 1.364355181314380607e+05 -1.438466891057939012e+00
2.600000000000000000e+01 8.578848838806152344e-02 1.453310091852978803e+05 -9.853944166072156063e-01
2.700000000000000000e+01 8.225703239440917969e-02 1.382595702639192168e+05 -1.012296798869774417e+00
2.800000000000000000e+01 8.133959770202636719e-02 1.363353068170003535e+05 -9.433654630388663698e-01
2.900000000000000000e+01 8.447885513305664062e-02 9.989207501304364996e+04 -1.595768025894243936e+00
3.000000000000000000e+01 9.752130508422851562e-02 1.544187060086672718e+05 -3.268787799301038910e-01
3.100000000000000000e+01 8.196067810058593750e-02 2.235910939380280615e+05 1.060196087499546191e+00
3.200000000000000000e+01 8.107662200927734375e-02 1.973651425005092460e+05 4.573952511102158391e-01
3.300000000000000000e+01 8.322429656982421875e-02 1.599404978944363829e+05 -3.272226229706056144e-01
3.400000000000000000e+01 8.353495597839355469e-02 1.403249476027976780e+05 -7.306427383227611649e-01
3.500000000000000000e+01 1.351213455200195312e-01 1.341120202332899498e+05 -8.303392617920736241e-01
3.600000000000000000e+01 1.611881256103515625e-01 1.149852958413547749e+05 -1.206291309608169326e+00
3.700000000000000000e+01 8.629679679870605469e-02 1.229108039271324669e+05 -9.563944245156881241e-01
3.800000000000000000e+01 8.349728584289550781e-02 1.454804074929394410e+05 -4.219694510006486432e-01
3.900000000000000000e+01 8.616447448730468750e-02 1.746425989198904426e+05 2.341609284540904223e-01
4.000000000000000000e+01 1.228749752044677734e-01 1.394006730764972453e+05 -5.690116426870335253e-01
4.100000000000000000e+01 1.144430637359619141e-01 1.545580689003953594e+05 -2.035216725998784393e-01
4.200000000000000000e+01 8.195304870605468750e-02 1.769030580238735420e+05 3.267199672775601416e-01
4.300000000000000000e+01 1.572322845458984375e-01 1.952601545967432903e+05 7.600362273584252426e-01
4.400000000000000000e+01 8.402943611145019531e-02 1.771182113983808376e+05 2.969333825180578978e-01
4.500000000000000000e+01 8.444499969482421875e-02 1.793340508707614790e+05 3.455860549443543484e-01
4.600000000000000000e+01 8.511900901794433594e-02 1.518558897403879091e+05 -3.515595534982489112e-01
4.700000000000000000e+01 8.258628845214843750e-02 1.542315237388394598e+05 -2.840069315473399691e-01
4.800000000000000000e+01 8.226394653320312500e-02 1.412807809021620778e+05 -6.151458427344157487e-01
4.900000000000000000e+01 8.347582817077636719e-02 1.807954790724602935e+05 4.362654192795012431e-01
5.000000000000000000e+01 1.672041416168212891e-01 2.000044165366850793e+05 9.394126939540357046e-01
5.100000000000000000e+01 1.199228763580322266e-01 1.936196953761464392e+05 7.418266699621939297e-01
5.200000000000000000e+01 8.267879486083984375e-02 1.664290633992787916e+05 -6.238640454474043626e-03
5.300000000000000000e+01 8.451843261718750000e-02 1.590976834172829695e+05 -2.062722890571037360e-01
5.400000000000000000e+01 8.449840545654296875e-02 1.822738634439644520e+05 4.384828509428457810e-01
5.500000000000000000e+01 8.255529403686523438e-02 1.559495286993200425e+05 -3.061947731078586421e-01
5.600000000000000000e+01 8.266139030456542969e-02 1.283500151907326799e+05 -1.084965381784029459e+00
5.700000000000000000e+01 8.490777015686035156e-02 1.306607312816731283e+05 -9.888892250561499564e-01
5.800000000000000000e+01 8.245491981506347656e-02 1.882363951102024876e+05 6.675334151147668260e-01
5.900000000000000000e+01 8.324265480041503906e-02 2.637141401358883013e+05 2.810296573555358002e+00
6.000000000000000000e+01 1.385371685028076172e-01 2.071295554720340879e+05 1.042432279704289755e+00
6.100000000000000000e+01 1.687500476837158203e-01 1.849553956907922402e+05 4.314799474498769438e-01
6.200000000000000000e+01 1.215500831604003906e-01 2.022347278684343037e+05 8.862799450919649491e-01
6.300000000000000000e+01 1.396305561065673828e-01 1.879281525978960271e+05 4.860375783382015480e-01
6.400000000000000000e+01 8.539891242980957031e-02 2.041270898250605096e+05 9.163163338145982051e-01
6.500000000000000000e+01 1.445045471191406250e-01 2.425453876755715464e+05 1.936351470183965695e+00
6.600000000000000000e+01 8.786201477050781250e-02 2.199291009171658079e+05 1.248284455821641714e+00
6.700000000000000000e+01 8.380222320556640625e-02 2.363087853579760122e+05 1.643426618317751053e+00
6.800000000000000000e+01 8.571434020996093750e-02 2.534660229235186416e+05 2.023728385705390931e+00
6.900000000000000000e+01 8.822607994079589844e-02 2.161414472349082353e+05 9.943094287687370691e-01
7.000000000000000000e+01 8.400225639343261719e-02 2.269880471653382119e+05 1.245640314707024965e+00
7.100000000000000000e+01 1.050620079040527344e-01 2.225985297523693007e+05 1.106559583247776368e+00
7.200000000000000000e+01 8.783531188964843750e-02 2.247251344052168715e+05 1.136253993093747860e+00
7.300000000000000000e+01 8.376288414001464844e-02 1.937584495150690491e+05 3.473953819393077458e-01
7.400000000000000000e+01 8.441781997680664062e-02 2.155603241456701362e+05 8.869528618669068054e-01
7.500000000000000000e+01 8.640003204345703125e-02 2.085918635870897851e+05 6.989857232771339302e-01
7.600000000000000000e+01 8.399152755737304688e-02 2.065731514071263082e+05 6.393102591353766462e-01
7.700000000000000000e+01 8.427381515502929688e-02 2.384438647535181954e+05 1.435061124452083670e+00
7.800000000000000000e+01 8.649444580078125000e-02 2.668148865701567847e+05 2.107430682669733990e+00
7.900000000000000000e+01 8.583021163940429688e-02 2.917301665596180828e+05 2.621177536342048420e+00
8.000000000000000000e+01 8.443093299865722656e-02 3.440654347034667153e+05 3.677834710111040462e+00
8.000000000000000000e+01 2.004544734954833984e-01 1.537485927928199526e+05 0.000000000000000000e+00
8.100000000000000000e+01 2.552073001861572266e-01 1.405548294418536534e+05 0.000000000000000000e+00
8.200000000000000000e+01 5.300571918487548828e-01 2.189660610903938068e+05 7.697639028629899904e+00
8.200000000000000000e+01 3.597736358642578125e-04 3.231682683819967860e+04 0.000000000000000000e+00
8.300000000000000000e+01 5.850446224212646484e-01 3.379833218947652495e+05 1.266913541722989578e+01
8.300000000000000000e+01 3.294944763183593750e-04 4.107923699235255481e+04 0.000000000000000000e+00
8.400000000000000000e+01 6.769795417785644531e-01 3.274609197608657996e+05 9.152006713590820297e+00
8.400000000000000000e+01 4.155635833740234375e-04 4.674687669356104016e+04 0.000000000000000000e+00
8.500000000000000000e+01 6.286787986755371094e-01 3.475805354428658029e+05 8.393887131422530956e+00
8.500000000000000000e+01 3.499984741210937500e-04 4.264416504349327442e+04 0.000000000000000000e+00
8.600000000000000000e+01 7.721760272979736328e-01 3.227327643058401300e+05 8.581505045048100300e+00
8.600000000000000000e+01 3.480911254882812500e-04 4.566648466226134042e+04 0.000000000000000000e+00
8.700000000000000000e+01 1.027951240539550781e-01 1.797009256285474694e+05 3.443712482470594249e+00
8.700000000000000000e+01 1.836819648742675781e-01 1.789232550096560444e+05 0.000000000000000000e+00
8.800000000000000000e+01 8.208799362182617188e-02 1.409320373416030779e+05 0.000000000000000000e+00
8.900000000000000000e+01 8.223581314086914062e-02 1.628246042762257275e+05 1.078385397195309875e-01
9.000000000000000000e+01 7.962822914123535156e-02 2.457082984082324547e+05 4.447771283556249955e+00
9.000000000000000000e+01 2.000620365142822266e-01 2.385932922301266808e+05 0.000000000000000000e+00
9.100000000000000000e+01 8.144044876098632812e-02 1.619664239833955362e+05 0.000000000000000000e+00
9.200000000000000000e+01 8.057236671447753906e-02 1.619714965665401542e+05 -7.070131623809835508e-01
9.300000000000000000e+01 8.935451507568359375e-02 1.975498335446512792e+05 2.269357673692127819e-01
9.400000000000000000e+01 8.500289916992187500e-02 1.446073764954046637e+05 -1.245274187866230342e+00
9.500000000000000000e+01 1.248314380645751953e-01 1.649426007222212502e+05 -4.259812496085532696e-01
9.600000000000000000e+01 1.214706897735595703e-01 1.419611896846473683e+05 -1.061292895605265629e+00
9.700000000000000000e+01 8.246517181396484375e-02 1.621500678944955580e+05 -3.205206779317236743e-01
9.800000000000000000e+01 2.141172885894775391e-01 1.420993808537725126e+05 -9.308113312437749087e-01
9.900000000000000000e+01 8.145475387573242188e-02 1.195084247134387260e+05 -1.559922423255893476e+00
1.000000000000000000e+02 9.043383598327636719e-02 1.397075403911411122e+05 -7.140721760322922274e-01
1.010000000000000000e+02 8.204889297485351562e-02 1.371616956939877418e+05 -7.457297766226548275e-01
1.020000000000000000e+02 8.054471015930175781e-02 1.251886789816980454e+05 -1.076693656834938340e+00
1.030000000000000000e+02 8.084821701049804688e-02 1.270695143612938991e+05 -9.318761645499848978e-01
1.040000000000000000e+02 1.289305686950683594e-01 1.535248170865748543e+05 -3.421717481943093581e-02
1.050000000000000000e+02 1.330325603485107422e-01 1.071020313245612779e+05 -1.558373695047758023e+00
1.060000000000000000e+02 1.102523803710937500e-01 1.500371142114784452e+05 -4.831698506986311509e-02
1.070000000000000000e+02 8.549547195434570312e-02 1.462508772596351337e+05 -1.702895031817164562e-01
1.080000000000000000e+02 8.328032493591308594e-02 1.489163091862350993e+05 -7.622204396787024550e-02
1.090000000000000000e+02 8.614611625671386719e-02 1.517570814308924600e+05 2.375207301131226217e-02
1.100000000000000000e+02 8.161830902099609375e-02 1.374649719906656537e+05 -4.835918109216637562e-01
1.110000000000000000e+02 8.112597465515136719e-02 1.738381748492401384e+05 8.457669017424394031e-01
1.120000000000000000e+02 8.719277381896972656e-02 1.325020464118357631e+05 -6.929798542633776037e-01
1.130000000000000000e+02 1.928021907806396484e-01 1.649856240764514951e+05 5.275160279966534249e-01
1.140000000000000000e+02 8.507537841796875000e-02 1.624695065677908715e+05 4.194305019091905118e-01
1.150000000000000000e+02 1.237740516662597656e-01 1.555422751451390213e+05 1.453986905988971512e-01
1.160000000000000000e+02 1.247873306274414062e-01 1.612309060830174130e+05 3.641481332218429179e-01
1.170000000000000000e+02 1.665167808532714844e-01 1.600651220759018324e+05 3.105181645127513823e-01
1.180000000000000000e+02 8.478426933288574219e-02 1.406124138930326444e+05 -4.792279005499614497e-01
1.190000000000000000e+02 8.245182037353515625e-02 1.580623049714217777e+05 2.438252219478598271e-01
1.200000000000000000e+02 8.215951919555664062e-02 1.747501349394561839e+05 9.329374572420288114e-01
1.210000000000000000e+02 8.399200439453125000e-02 1.397311615839414007e+05 -5.535143948873024744e-01
1.220000000000000000e+02 8.220791816711425781e-02 1.556748729842209141e+05 1.294053611034935158e-01
1.230000000000000000e+02 8.971738815307617188e-02 1.661786048514141876e+05 5.770114115422079193e-01
1.240000000000000000e+02 8.502793312072753906e-02 1.911458862674033735e+05 1.645587424572271029e+00
1.250000000000000000e+02 8.242201805114746094e-02 1.744531198112175625e+05 8.563943673230809406e-01
1.260000000000000000e+02 1.219723224639892578e-01 1.711485494807021460e+05 6.958658141674743947e-01
1.270000000000000000e+02 1.200122833251953125e-01 1.673795839883110893e+05 5.210268447910949563e-01
1.280000000000000000e+02 2.340264320373535156e-01 1.899696945152529224e+05 1.487528721593835757e+00
1.290000000000000000e+02 8.520078659057617188e-02 2.322061714697061689e+05 3.223838556974103042e+00
1.290000000000000000e+02 1.850671768188476562e-01 1.484753676996425202e+05 0.000000000000000000e+00
1.300000000000000000e+02 1.464869976043701172e-01 1.521853064029961824e+05 0.000000000000000000e+00
1.310000000000000000e+02 9.539690017700195312e-01 2.708914355137990788e+05 4.595740096355553561e+01
1.310000000000000000e+02 3.871917724609375000e-04 3.204611326966809065e+04 0.000000000000000000e+00
1.320000000000000000e+02 8.704254627227783203e-01 2.447563205998200865e+05 8.679918020545658308e+00
1.320000000000000000e+02 3.294944763183593750e-04 4.114987102251256874e+04 0.000000000000000000e+00
1.330000000000000000e+02 4.947719573974609375e-01 2.711725639112429926e+05 7.198172235577701805e+00
1.330000000000000000e+02 3.242492675781250000e-04 3.713895207125564775e+04 0.000000000000000000e+00
1.340000000000000000e+02 8.126330375671386719e-02 1.674905353590557061e+05 4.256549075573342833e+00
1.340000000000000000e+02 1.626930236816406250e-01 1.692342707412930031e+05 0.000000000000000000e+00
1.350000000000000000e+02 1.562519073486328125e-01 1.260862343327030831e+05 0.000000000000000000e+00
1.360000000000000000e+02 8.111906051635742188e-02 1.296910527873415704e+05 -5.889557928039647061e-01
1.370000000000000000e+02 8.026862144470214844e-02 1.202685606624404027e+05 -8.940258406288794646e-01
1.380000000000000000e+02 8.193659782409667969e-02 8.177922185029357206e+04 -2.447580796862530050e+00
1.390000000000000000e+02 8.056521415710449219e-02 2.731852704100490082e+05 4.751193714103179033e+00
1.390000000000000000e+02 1.603729724884033203e-01 2.720808651524462621e+05 0.000000000000000000e+00
1.400000000000000000e+02 8.206629753112792969e-02 1.189808042503605393e+05 0.000000000000000000e+00
1.410000000000000000e+02 7.993412017822265625e-02 2.763008161723749945e+05 7.460872487955718668e-01
1.420000000000000000e+02 8.052754402160644531e-02 1.210141286319484498e+05 -1.131696186937136028e+00
1.430000000000000000e+02 8.280372619628906250e-02 1.140804837446374149e+05 -9.322756678039807454e-01
1.440000000000000000e+02 9.509491920471191406e-02 1.096306868623226037e+05 -8.279515283478059429e-01
1.450000000000000000e+02 8.078193664550781250e-02 1.177229562395081739e+05 -6.227043845990608562e-01
1.460000000000000000e+02 8.290362358093261719e-02 1.245861799969966669e+05 -4.772118972097917355e-01
1.470000000000000000e+02 8.132576942443847656e-02 1.235366205128040019e+05 -4.581656738039190380e-01
1.480000000000000000e+02 8.189821243286132812e-02 1.074704371061485144e+05 -6.631724646661272260e-01
1.490000000000000000e+02 8.113145828247070312e-02 1.334503885922569316e+05 -2.270512840232127572e-01
1.500000000000000000e+02 8.106946945190429688e-02 1.188014871874700329e+05 -4.487455919084803457e-01
1.510000000000000000e+02 8.053231239318847656e-02 1.628107223540797131e+05 2.960252791485691870e-01
1.520000000000000000e+02 1.519787311553955078e-01 1.394007404991139774e+05 -1.161498841062769821e-01
1.530000000000000000e+02 8.142662048339843750e-02 1.312517704881344689e+05 -2.572330946630750903e-01
1.540000000000000000e+02 8.115458488464355469e-02 1.384055162124435883e+05 -1.167426033179332773e-01
1.550000000000000000e+02 8.421516418457031250e-02 1.383459577782136621e+05 -1.143713328350531577e-01
1.560000000000000000e+02 8.096957206726074219e-02 1.584775040775372763e+05 2.850838944269756259e-01
1.570000000000000000e+02 1.236732006072998047e-01 1.554244554784324719e+05 2.150802213604166846e-01
1.580000000000000000e+02 1.207861900329589844e-01 1.443778964528362849e+05 -2.035225421776049384e-02
1.590000000000000000e+02 8.329296112060546875e-02 1.594538723914840666e+05 3.022795998064172207e-01
1.600000000000000000e+02 8.146834373474121094e-02 1.337831595219653391e+05 -2.668079915172419381e-01
1.610000000000000000e+02 8.089375495910644531e-02 1.393767343422340346e+05 -1.353697140565907620e-01
1.620000000000000000e+02 8.429837226867675781e-02 1.499828736020784709e+05 1.103227606568625008e-01
1.630000000000000000e+02 8.876633644104003906e-02 1.676552390241272515e+05 5.216169240103409876e-01
1.640000000000000000e+02 8.184647560119628906e-02 2.062169060971188883e+05 1.425225284467845910e+00
1.650000000000000000e+02 1.359634399414062500e-01 1.632323217792045034e+05 3.422334637679010916e-01
1.660000000000000000e+02 1.077799797058105469e-01 1.706784251008296560e+05 5.120790898501451638e-01
1.670000000000000000e+02 8.384895324707031250e-02 1.989670491518828494e+05 1.181749784665432568e+00
1.680000000000000000e+02 2.427802085876464844e-01 2.191310502066307818e+05 1.616376257072293710e+00
1.690000000000000000e+02 8.197402954101562500e-02 2.032116138040737424e+05 1.151730227724187650e+00
1.700000000000000000e+02 8.255529403686523438e-02 3.412312784849305172e+05 4.312684120720970071e+00
1.700000000000000000e+02 2.135095596313476562e-01 2.663162359921412426e+05 0.000000000000000000e+00
1.710000000000000000e+02 1.665465831756591797e-01 1.478912633561527182e+05 0.000000000000000000e+00
1.720000000000000000e+02 8.638238906860351562e-02 1.329483653260591091e+05 -8.855526662472343880e-01
1.730000000000000000e+02 8.276009559631347656e-02 2.388615268765642249e+05 7.729131535119745378e-01
1.740000000000000000e+02 8.235430717468261719e-02 2.621694034146195627e+05 9.948327744372158499e-01
1.750000000000000000e+02 1.308803558349609375e-01 2.567096894150734588e+05 7.324726255903333261e-01
1.760000000000000000e+02 1.661868095397949219e-01 3.001733812922573416e+05 1.364359224425791162e+00
1.770000000000000000e+02 9.036445617675781250e-02 2.901604882579558762e+05 9.578304659217903305e-01
1.780000000000000000e+02 8.245444297790527344e-02 2.411358234699463937e+05 6.755813037293825762e-02
1.790000000000000000e+02 8.355236053466796875e-02 2.752528499342679861e+05 6.462427451337506845e-01
1.800000000000000000e+02 1.115546226501464844e-01 2.244164864584860916e+05 -2.961429825140480254e-01
1.810000000000000000e+02 1.675865650177001953e-01 4.937885357303445344e+05 4.716907831156414765e+00
1.810000000000000000e+02 2.530658245086669922e-01 3.403340597019492416e+05 0.000000000000000000e+00
1.820000000000000000e+02 8.259892463684082031e-02 3.284124980852477020e+05 0.000000000000000000e+00
1.830000000000000000e+02 8.233690261840820312e-02 3.204471348425144679e+05 -1.652010233375238446e+00
1.840000000000000000e+02 8.776426315307617188e-02 2.969125860968010384e+05 -3.278968178481086237e+00
1.850000000000000000e+02 1.383707523345947266e-01 2.878948608651623363e+05 -1.834622673113285529e+00
1.860000000000000000e+02 1.220946311950683594e-01 3.519611985740264063e+05 1.699248032569763867e+00
1.870000000000000000e+02 8.327460289001464844e-02 3.662144352363558137e+05 1.826803228841456184e+00
1.880000000000000000e+02 8.333539962768554688e-02 4.325688486508809146e+05 3.709972165319048720e+00
1.880000000000000000e+02 1.687188148498535156e-01 2.792285002035633661e+05 0.000000000000000000e+00
1.890000000000000000e+02 8.402085304260253906e-02 3.256800528164486750e+05 0.000000000000000000e+00
1.900000000000000000e+02 8.494853973388671875e-02 3.545371854521767236e+05 1.585659726117078172e+00
1.910000000000000000e+02 8.774280548095703125e-02 3.463770065607413417e+05 6.990792728051193894e-01
1.920000000000000000e+02 8.257865905761718750e-02 2.915210354404179961e+05 -1.035214252342548713e+00
1.930000000000000000e+02 8.357906341552734375e-02 3.058595883651509066e+05 -4.106688180750553419e-01
1.940000000000000000e+02 1.108241081237792969e-01 4.207764980010656291e+05 3.434594752017979591e+00
1.940000000000000000e+02 3.184835910797119141e-01 2.045988590209451504e+05 0.000000000000000000e+00
1.950000000000000000e+02 8.555006980895996094e-02 2.536369663989768887e+05 0.000000000000000000e+00
1.960000000000000000e+02 8.330535888671875000e-02 1.842979164017668518e+05 -1.292567148971080604e+00
1.970000000000000000e+02 8.543157577514648438e-02 1.955823420203712303e+05 -5.216411519725652202e-01
1.980000000000000000e+02 8.411741256713867188e-02 2.050013170069934858e+05 -1.481791399160949374e-01
1.990000000000000000e+02 8.673310279846191406e-02 2.984956407005603542e+05 3.386381334591872960e+00
1.990000000000000000e+02 1.729547977447509766e-01 1.841026190835438319e+05 0.000000000000000000e+00
2.000000000000000000e+02 8.369588851928710938e-02 2.825278754492347362e+05 0.000000000000000000e+00
2.010000000000000000e+02 8.391022682189941406e-02 3.473220668697814690e+05 1.638095712822970729e+00
2.020000000000000000e+02 1.401560306549072266e-01 3.532073042071579257e+05 9.964059251395360750e-01
2.030000000000000000e+02 1.842103004455566406e-01 3.652025963666490861e+05 9.338927160091128332e-01
2.040000000000000000e+02 1.729538440704345703e-01 4.317833409117925330e+05 1.657973547914458168e+00
2.050000000000000000e+02 1.072461605072021484e-01 4.395970393536526826e+05 1.323941377889569226e+00
2.060000000000000000e+02 2.001879215240478516e-01 4.262773708571980242e+05 9.391616259485117135e-01
2.070000000000000000e+02 1.254513263702392578e-01 4.160980387409100658e+05 7.182318445130546625e-01
2.080000000000000000e+02 1.372454166412353516e-01 3.715210002327675465e+05 1.293465026309657540e-01
2.090000000000000000e+02 1.350965499877929688e-01 3.841916608814573265e+05 2.835508274098819670e-01
2.100000000000000000e+02 8.544707298278808594e-02 3.621628661449751817e+05 -2.176691525110859698e-02
2.110000000000000000e+02 1.238155364990234375e-01 3.708145124888028949e+05 9.950878422031826653e-02
2.120000000000000000e+02 1.647431850433349609e-01 3.398022510636420338e+05 -3.548162813529061599e-01
2.130000000000000000e+02 9.433388710021972656e-02 2.956183521848997916e+05 -1.006400472765692999e+00
2.140000000000000000e+02 8.472108840942382812e-02 2.554857627002868976e+05 -1.546475909518310710e+00
2.150000000000000000e+02 8.474278450012207031e-02 2.502695639738168975e+05 -1.468890138422803471e+00
2.160000000000000000e+02 8.431506156921386719e-02 2.225036469172520156e+05 -1.730095627366763589e+00
2.170000000000000000e+02 8.452081680297851562e-02 3.463379123249280383e+05 1.005695548322657062e-01
2.180000000000000000e+02 8.648324012756347656e-02 3.230977945409055101e+05 -2.211608140191921035e-01
2.190000000000000000e+02 8.634400367736816406e-02 3.664850201234685956e+05 3.958227546060517077e-01
2.200000000000000000e+02 1.444621086120605469e-01 4.901240122823171550e+05 2.165839055056356877e+00
2.210000000000000000e+02 8.702540397644042969e-02 4.589831058715993422e+05 1.499510744409981333e+00
2.220000000000000000e+02 8.569693565368652344e-02 3.884806658104082453e+05 4.814342332515154088e-01
2.230000000000000000e+02 1.504709720611572266e-01 3.316282026319353026e+05 -2.827281795475318771e-01
2.240000000000000000e+02 1.262533664703369141e-01 3.097124202930435422e+05 -5.724648057160418579e-01
2.250000000000000000e+02 1.221787929534912109e-01 2.939915127953389892e+05 -7.732050554070428738e-01
2.260000000000000000e+02 1.359779834747314453e-01 3.020108271084956359e+05 -6.401092835346463561e-01
2.270000000000000000e+02 9.041738510131835938e-02 2.792486662717091967e+05 -9.418132009241331204e-01
2.280000000000000000e+02 8.656835556030273438e-02 2.611677647404570889e+05 -1.164555161582811138e+00
2.290000000000000000e+02 8.456301689147949219e-02 3.161832878182391869e+05 -3.543992832033898699e-01
2.300000000000000000e+02 8.719444274902343750e-02 3.325888658724202542e+05 -1.164582393243130953e-01
2.310000000000000000e+02 1.276297569274902344e-01 4.460464385770449881e+05 1.513462056275853840e+00
2.320000000000000000e+02 1.329467296600341797e-01 6.686731193688336061e+05 4.575809857658931890e+00
2.320000000000000000e+02 3.859174251556396484e-01 2.775569998645185842e+05 0.000000000000000000e+00
2.330000000000000000e+02 8.760857582092285156e-02 1.945189955213939829e+05 0.000000000000000000e+00
2.340000000000000000e+02 8.505988121032714844e-02 2.705194861588418134e+05 5.872514522117645575e-01
2.350000000000000000e+02 8.750104904174804688e-02 2.601909565670681477e+05 2.749288724812264939e-01
2.360000000000000000e+02 8.547353744506835938e-02 3.144138978131248150e+05 1.671283278121128868e+00
2.370000000000000000e+02 8.504891395568847656e-02 3.338263695152665605e+05 1.613880014450483458e+00
2.380000000000000000e+02 8.829665184020996094e-02 3.920188707119251485e+05 2.411726344197669292e+00
2.390000000000000000e+02 9.218287467956542969e-02 4.094734540549693629e+05 1.881662610951320813e+00
2.400000000000000000e+02 1.528825759887695312e-01 3.774302771100887912e+05 9.945046109302354553e-01
2.410000000000000000e+02 4.848616123199462891e-01 1.012458598642073455e+06 9.870649198417474679e+00
2.410000000000000000e+02 3.306865692138671875e-04 3.387600557904873858e+04 0.000000000000000000e+00
2.420000000000000000e+02 6.774036884307861328e-01 9.136508251844248734e+05 3.602064374468297103e+01
2.420000000000000000e+02 3.266334533691406250e-04 3.890890461640371359e+04 0.000000000000000000e+00
2.430000000000000000e+02 6.577486991882324219e-01 8.428117201976267388e+05 2.851217543282823641e+01
2.430000000000000000e+02 3.316402435302734375e-04 4.569021817263542471e+04 0.000000000000000000e+00
2.440000000000000000e+02 7.109417915344238281e-01 7.968318124609617516e+05 2.254239108488651766e+01
2.440000000000000000e+02 3.409385681152343750e-04 5.416698110304094007e+04 0.000000000000000000e+00
2.450000000000000000e+02 8.147311210632324219e-02 2.058655300058428547e+05 3.253500601428259476e+00
2.450000000000000000e+02 1.874704360961914062e-01 2.063156539816416334e+05 0.000000000000000000e+00
2.460000000000000000e+02 8.238959312438964844e-02 1.697180887201781443e+05 0.000000000000000000e+00
2.470000000000000000e+02 1.590912342071533203e-01 1.514673948547808395e+05 -1.412355302577726679e+00
2.480000000000000000e+02 9.051489830017089844e-02 2.350071871691464621e+05 2.118568942996033933e+00
2.490000000000000000e+02 1.142251491546630859e-01 1.949769341307879076e+05 1.164434999461796127e-01
2.500000000000000000e+02 1.182751655578613281e-01 3.157487181730634184e+05 3.833791849541042573e+00
2.500000000000000000e+02 2.023301124572753906e-01 3.207033424677541479e+05 0.000000000000000000e+00
2.510000000000000000e+02 8.268690109252929688e-02 1.495154201445146755e+05 0.000000000000000000e+00
2.520000000000000000e+02 8.954358100891113281e-02 1.571457540332428180e+05 -6.440712496815923505e-01
2.530000000000000000e+02 8.087587356567382812e-02 1.750291606552216981e+05 -3.525287315468659810e-01
2.540000000000000000e+02 8.031749725341796875e-02 1.488029989184245933e+05 -6.411852249615882515e-01
2.550000000000000000e+02 8.547234535217285156e-02 2.083593997529649059e+05 2.458848913549258330e-01
2.560000000000000000e+02 1.087565422058105469e-01 2.023476568139826995e+05 1.370226120089918787e-01
2.570000000000000000e+02 8.830285072326660156e-02 2.248517604797469976e+05 4.995278834306781657e-01
2.580000000000000000e+02 8.087182044982910156e-02 2.234629577241627849e+05 4.394483716068833257e-01
2.590000000000000000e+02 8.213973045349121094e-02 2.122649579423574323e+05 2.056494599403690948e-01
2.600000000000000000e+02 8.132576942443847656e-02 2.185378613277047407e+05 3.184951884604849126e-01
2.610000000000000000e+02 8.438587188720703125e-02 1.913044689469120349e+05 -2.547691806011710969e-01
2.620000000000000000e+02 8.037233352661132812e-02 2.017051332250112609e+05 -2.119936661527754493e-02
2.630000000000000000e+02 8.163595199584960938e-02 2.324221703654102748e+05 6.674742012914320899e-01
2.640000000000000000e+02 8.393192291259765625e-02 2.391707551580375584e+05 7.889286479851429501e-01
2.650000000000000000e+02 8.140945434570312500e-02 2.587312558585293300e+05 1.202758069341361979e+00
2.660000000000000000e+02 8.114480972290039062e-02 2.844783703317690524e+05 1.706546657728233995e+00
2.670000000000000000e+02 8.349394798278808594e-02 2.935580789113755454e+05 1.723616909360129457e+00
2.680000000000000000e+02 8.153414726257324219e-02 2.982864895662401104e+05 1.645915993415651091e+00
2.690000000000000000e+02 8.351778984069824219e-02 2.790864820288053015e+05 1.113177552108526092e+00
2.700000000000000000e+02 8.439183235168457031e-02 2.494540298766416963e+05 4.651867982528400947e-01
2.710000000000000000e+02 8.227205276489257812e-02 2.465427200693445920e+05 3.932043645701244761e-01
2.720000000000000000e+02 8.266568183898925781e-02 2.731770658327694400e+05 9.332712787582353453e-01
2.730000000000000000e+02 1.779701709747314453e-01 2.662508552836138988e+05 7.525058265326046714e-01
2.740000000000000000e+02 8.287572860717773438e-02 2.688821707541982178e+05 7.835325132888111277e-01
2.750000000000000000e+02 8.217382431030273438e-02 2.842441651253750315e+05 1.083195352732022387e+00
2.760000000000000000e+02 8.419394493103027344e-02 3.109143358400808065e+05 1.600779042981562261e+00
2.770000000000000000e+02 8.144736289978027344e-02 2.598918585065551742e+05 4.538812677765172721e-01
2.780000000000000000e+02 8.228588104248046875e-02 1.945298090526128653e+05 -9.158192953290975602e-01
2.790000000000000000e+02 8.425736427307128906e-02 2.448127071138450701e+05 1.626623181987850997e-01
2.800000000000000000e+02 8.368086814880371094e-02 2.593416013623323233e+05 4.685464245126689242e-01
2.810000000000000000e+02 8.928227424621582031e-02 2.640115045275825541e+05 5.600210915719050497e-01
2.820000000000000000e+02 8.388853073120117188e-02 2.679261337346208747e+05 6.339398285761960183e-01
2.830000000000000000e+02 1.336710453033447266e-01 2.804602155141055700e+05 8.961886567914473245e-01
2.840000000000000000e+02 9.156775474548339844e-02 2.901324600356431329e+05 1.086069991449679417e+00
2.850000000000000000e+02 1.125535964965820312e-01 3.027809984327818383e+05 1.331148620639754254e+00
2.860000000000000000e+02 8.253884315490722656e-02 4.138448669453166076e+05 3.700417877056084937e+00
2.860000000000000000e+02 1.670010089874267578e-01 1.919174533557891264e+05 0.000000000000000000e+00
2.870000000000000000e+02 8.199906349182128906e-02 1.461283093119529658e+05 0.000000000000000000e+00
2.880000000000000000e+02 1.706001758575439453e-01 1.566742804766990012e+05 -3.813908115824576894e-01
2.890000000000000000e+02 8.273911476135253906e-02 1.700571891373097023e+05 2.147927643608841808e-01
2.900000000000000000e+02 9.129714965820312500e-02 1.632477492686829937e+05 -1.492126300536327499e-01
2.910000000000000000e+02 1.408798694610595703e-01 1.875507129256603075e+05 1.279452534859382151e+00
2.920000000000000000e+02 5.766596794128417969e-01 2.605952138240652566e+05 5.140840570495847750e+00
2.920000000000000000e+02 3.595352172851562500e-04 2.986906689212557103e+04 0.000000000000000000e+00
2.930000000000000000e+02 8.946275711059570312e-02 1.411755874376629654e+05 4.562933675870953998e+00
2.930000000000000000e+02 1.711659431457519531e-01 1.425037861701431393e+05 0.000000000000000000e+00
2.940000000000000000e+02 1.134877204895019531e-01 1.041120516778969613e+05 0.000000000000000000e+00
2.950000000000000000e+02 7.992315292358398438e-02 1.175809544000557944e+05 -2.109607968521343968e-01
2.960000000000000000e+02 7.980442047119140625e-02 9.882186321367250639e+04 -1.159073137433457301e+00
2.970000000000000000e+02 2.184150218963623047e-01 1.489305910656968190e+05 1.701052982266479496e+00
2.980000000000000000e+02 1.088178157806396484e-01 1.824902715162941895e+05 2.673352154582276263e+00
2.990000000000000000e+02 8.252549171447753906e-02 1.295193329505288275e+05 -9.101503978081061652e-02
