4.418062013251750171e+07
1.000000000000000000e+00 1.130342483520507812e-03 1.445326323483843589e+05 0.000000000000000000e+00
2.000000000000000000e+00 1.108646392822265625e-03 1.740565166773289093e+05 1.423431524276609794e+00
3.000000000000000000e+00 1.093387603759765625e-03 1.776639699390804453e+05 9.560285599798833411e-01
4.000000000000000000e+00 1.096963882446289062e-03 1.503002738497306418e+05 1.105992602696704574e-01
5.000000000000000000e+00 1.089096069335937500e-03 1.588402026309924258e+05 3.348698017400607574e-01
6.000000000000000000e+00 1.092910766601562500e-03 1.302655714356614335e+05 -5.527337945976387168e-01
7.000000000000000000e+00 1.099348068237304688e-03 1.495307741388744034e+05 1.140666369472139174e-01
8.000000000000000000e+00 8.630752563476562500e-03 1.727599788442114368e+05 9.143790912480523891e-01
9.000000000000000000e+00 1.103401184082031250e-03 1.804997390264776186e+05 1.099347634846661537e+00
1.000000000000000000e+01 1.107931137084960938e-03 1.842476998567161500e+05 1.116282170463926082e+00
1.100000000000000000e+01 1.099824905395507812e-03 2.326773283522753918e+05 2.698143121349166673e+00
1.200000000000000000e+01 1.106023788452148438e-03 2.468972083990529063e+05 2.411967552254834946e+00
1.300000000000000000e+01 1.098394393920898438e-03 2.219787586098525207e+05 1.301511934248903435e+00
1.400000000000000000e+01 1.109361648559570312e-03 1.722965212922852952e+05 2.809170526826560831e-03
1.500000000000000000e+01 1.097917556762695312e-03 1.367285774005485582e+05 -8.739071231769675041e-01
1.600000000000000000e+01 1.101493835449218750e-03 1.576830805964455358e+05 -3.057395533296244916e-01
1.700000000000000000e+01 1.099109649658203125e-03 1.875276157112415822e+05 4.684211730085115488e-01
1.800000000000000000e+01 1.109600067138671875e-03 2.087559896204375254e+05 1.010195798009896784e+00
1.900000000000000000e+01 1.313686370849609375e-03 3.007455478342385613e+05 3.374272343754375125e+00
1.900000000000000000e+01 2.380132675170898438e-03 2.234406833275241952e+05 0.000000000000000000e+00
2.000000000000000000e+01 1.102209091186523438e-03 3.589979752798727131e+05 0.000000000000000000e+00
2.100000000000000000e+01 1.097679138183593750e-03 2.409141170506900235e+05 -5.248136223558510505e-01
2.200000000000000000e+01 1.103878021240234375e-03 3.263465037688973825e+05 7.037710579136141620e-01
2.300000000000000000e+01 1.106500625610351562e-03 3.579499795582700754e+05 1.075714214999571539e+00
2.400000000000000000e+01 1.111745834350585938e-03 2.803053429977513733e+05 -3.267836527172019445e-01
2.500000000000000000e+01 1.100778579711914062e-03 3.439061573544879211e+05 7.817037380220873688e-01
2.600000000000000000e+01 1.104831695556640625e-03 3.414083769510051352e+05 6.539969817033712829e-01
2.700000000000000000e+01 1.106023788452148438e-03 2.836043706309221452e+05 -4.751773061243847462e-01
2.800000000000000000e+01 1.105070114135742188e-03 2.740848538566331845e+05 -6.317854010383606722e-01
2.900000000000000000e+01 1.106023788452148438e-03 2.320130153831402131e+05 -1.445613642165387791e+00
3.000000000000000000e+01 1.100063323974609375e-03 2.300846432708370266e+05 -1.296344069102815189e+00
3.100000000000000000e+01 1.101493835449218750e-03 2.944770988606716273e+05 6.445352685792746228e-02
3.200000000000000000e+01 1.111507415771484375e-03 3.267749439365120488e+05 7.035684275007700883e-01
3.300000000000000000e+01 1.098394393920898438e-03 3.278261023780804826e+05 6.886535928349836189e-01
3.400000000000000000e+01 1.109838485717773438e-03 3.617356056178825093e+05 1.357943164668432789e+00
3.500000000000000000e+01 1.123428344726562500e-03 3.661055115435388871e+05 1.331576517800680204e+00
3.600000000000000000e+01 1.104354858398437500e-03 2.709576368365968228e+05 -6.567858864273590225e-01
3.700000000000000000e+01 1.115560531616210938e-03 1.915466448906547739e+05 -2.232481487131910303e+00
3.800000000000000000e+01 1.105546951293945312e-03 1.999560291831250070e+05 -1.770948727187402705e+00
3.900000000000000000e+01 1.112937927246093750e-03 2.905392392976959236e+05 -1.890803381302948172e-02
4.000000000000000000e+01 1.104831695556640625e-03 2.928365254278108478e+05 2.269193837052181986e-02
4.100000000000000000e+01 1.122236251831054688e-03 3.092579773307408905e+05 3.237299305717815101e-01
4.200000000000000000e+01 1.107454299926757812e-03 2.624384229459203780e+05 -5.616629955936348617e-01
4.300000000000000000e+01 1.119613647460937500e-03 2.844815377951599075e+05 -1.268988534281182690e-01
4.400000000000000000e+01 1.113653182983398438e-03 2.651669437423639465e+05 -4.999477897292199380e-01
4.500000000000000000e+01 1.124382019042968750e-03 3.013039754945177119e+05 2.253678988275672479e-01
4.600000000000000000e+01 1.111030578613281250e-03 2.949355719557729317e+05 9.298711256293512584e-02
4.700000000000000000e+01 1.110553741455078125e-03 3.358193027603999944e+05 9.293658134330451404e-01
4.800000000000000000e+01 1.107931137084960938e-03 3.058142101624222123e+05 2.831360898609111554e-01
4.900000000000000000e+01 1.115798950195312500e-03 2.955924998785078060e+05 6.459230250445120725e-02
5.000000000000000000e+01 1.115083694458007812e-03 2.923703502312769415e+05 -4.894783419480276676e-03
5.100000000000000000e+01 1.108646392822265625e-03 2.955658040703943698e+05 6.420254656092430623e-02
5.200000000000000000e+01 1.130580902099609375e-03 2.811275765128041385e+05 -2.535906866150997585e-01
5.300000000000000000e+01 1.105785369873046875e-03 2.696504339331745286e+05 -5.052211728792940226e-01
5.400000000000000000e+01 1.114130020141601562e-03 3.122679112126993714e+05 4.631597530371661109e-01
5.500000000000000000e+01 1.103162765502929688e-03 3.585055665584344533e+05 1.508414565917053807e+00
5.600000000000000000e+01 1.115798950195312500e-03 3.065928175998606603e+05 2.807758106014092703e-01
5.700000000000000000e+01 1.104593276977539062e-03 3.109130993825503974e+05 3.748586024665704342e-01
5.800000000000000000e+01 1.107454299926757812e-03 3.381355791333037778e+05 9.940798590537324175e-01
5.900000000000000000e+01 1.124858856201171875e-03 4.129018441772774677e+05 2.685979004435766537e+00
6.000000000000000000e+01 1.115083694458007812e-03 3.734678808816226665e+05 1.598801109267734999e+00
6.100000000000000000e+01 1.101493835449218750e-03 3.394058892537274514e+05 8.171371721274600652e-01
6.200000000000000000e+01 1.112937927246093750e-03 3.323025971078391885e+05 6.515451699922562012e-01
6.300000000000000000e+01 1.120567321777343750e-03 3.263924104582224973e+05 5.155230105185234502e-01
6.400000000000000000e+01 1.111745834350585938e-03 3.041975981156263151e+05 3.270386552934158308e-02
6.500000000000000000e+01 1.123189926147460938e-03 3.253685203396254801e+05 4.911893590583545355e-01
6.600000000000000000e+01 1.110553741455078125e-03 3.272153863490709336e+05 5.251439354112779068e-01
6.700000000000000000e+01 1.106500625610351562e-03 3.496768766132642631e+05 1.012999414407768528e+00
6.800000000000000000e+01 1.104354858398437500e-03 3.620251838156537851e+05 1.264251376722556053e+00
6.900000000000000000e+01 1.108884811401367188e-03 3.024049181784028187e+05 -7.378327229557934963e-02
7.000000000000000000e+01 1.115560531616210938e-03 3.157398678061627434e+05 2.219098183649875489e-01
7.100000000000000000e+01 1.103162765502929688e-03 2.750414059801435797e+05 -6.890909256079124079e-01
7.200000000000000000e+01 1.110076904296875000e-03 3.210061981384710525e+05 3.521132782924857318e-01
7.300000000000000000e+01 1.115083694458007812e-03 2.852287073113531223e+05 -4.612883532039309675e-01
7.400000000000000000e+01 1.104116439819335938e-03 3.375175068334511016e+05 7.360040841727201189e-01
7.500000000000000000e+01 1.113176345825195312e-03 3.426841400998882018e+05 8.442672359828268247e-01
7.600000000000000000e+01 1.110792160034179688e-03 3.635208923926768475e+05 1.310108255035017377e+00
7.700000000000000000e+01 1.112937927246093750e-03 4.065800249690459459e+05 2.262593099267180108e+00
7.800000000000000000e+01 1.120567321777343750e-03 4.210420626636763918e+05 2.469898910296157712e+00
7.900000000000000000e+01 1.116037368774414062e-03 4.168452774872558657e+05 2.243026581404114150e+00
8.000000000000000000e+01 1.315593719482421875e-03 5.000253758553797379e+05 3.844339498062107285e+00
8.000000000000000000e+01 2.384424209594726562e-03 2.505475186608905788e+05 0.000000000000000000e+00
8.100000000000000000e+01 1.110792160034179688e-03 4.029787309949529008e+05 0.000000000000000000e+00
8.200000000000000000e+01 1.105785369873046875e-03 4.533514474145584390e+05 1.174450559690769502e+00
8.300000000000000000e+01 1.112937927246093750e-03 6.767030283994962228e+05 2.914372071467763892e+00
8.400000000000000000e+01 1.107692718505859375e-03 6.598003716408252949e+05 1.212747565561998586e+00
8.500000000000000000e+01 1.103639602661132812e-03 6.488856559474777896e+05 8.889052241115231734e-01
8.600000000000000000e+01 1.112937927246093750e-03 6.632546346422932111e+05 8.500242815313561184e-01
8.700000000000000000e+01 1.929759979248046875e-03 6.213008524987867568e+05 5.036738853404025829e-01
8.800000000000000000e+01 1.116514205932617188e-03 6.359458417136954376e+05 5.597230842891701696e-01
8.900000000000000000e+01 8.633136749267578125e-04 5.725415001902855001e+05 1.028221728154063569e-01
9.000000000000000000e+01 8.609294891357421875e-04 5.982781776199652813e+05 2.782910528179600163e-01
9.100000000000000000e+01 2.172946929931640625e-03 5.071338803531103767e+05 -4.044123699497429447e-01
9.200000000000000000e+01 1.135349273681640625e-03 4.397251952886416693e+05 -9.018166740156724481e-01
9.300000000000000000e+01 1.119375228881835938e-03 5.220833177933756378e+05 -2.042742863253518004e-01
9.400000000000000000e+01 1.120805740356445312e-03 4.481408453007300850e+05 -7.913722209847523503e-01
9.500000000000000000e+01 1.126766204833984375e-03 4.328491268015981186e+05 -8.745860981398434486e-01
9.600000000000000000e+01 1.115798950195312500e-03 4.086457553823308554e+05 -1.027126712095711714e+00
9.700000000000000000e+01 1.110792160034179688e-03 3.943293640910909162e+05 -1.084868872121687478e+00
9.800000000000000000e+01 1.123189926147460938e-03 3.739080012634874438e+05 -1.188948279028829713e+00
9.900000000000000000e+01 1.111984252929687500e-03 3.950301478372241254e+05 -9.440685535789798966e-01
1.000000000000000000e+02 1.113653182983398438e-03 3.560099433567156666e+05 -1.219240875710351224e+00
1.010000000000000000e+02 1.117944717407226562e-03 3.773198188163039158e+05 -9.770097610591677029e-01
1.020000000000000000e+02 1.123905181884765625e-03 4.950599385366500937e+05 1.935482665934705471e-02
1.030000000000000000e+02 1.119375228881835938e-03 5.492284090022679884e+05 4.681474479092109231e-01
1.040000000000000000e+02 1.111745834350585938e-03 5.095653336746077985e+05 1.218411182766664519e-01
1.050000000000000000e+02 1.112461090087890625e-03 5.305333779701525345e+05 3.001412641903908329e-01
1.060000000000000000e+02 1.113414764404296875e-03 5.320383583186289761e+05 3.072313497141144767e-01
1.070000000000000000e+02 1.118898391723632812e-03 5.036343979028376052e+05 4.731399145240514081e-02
1.080000000000000000e+02 1.127958297729492188e-03 6.627441193895145552e+05 1.495506626020020047e+00
1.090000000000000000e+02 1.112699508666992188e-03 6.822914870787686668e+05 1.589383033050314920e+00
1.100000000000000000e+02 1.102924346923828125e-03 6.401113707301223185e+05 1.132177274980303849e+00
1.110000000000000000e+02 1.121520996093750000e-03 5.091427003582240432e+05 -4.492969397521089092e-02
1.120000000000000000e+02 1.128196716308593750e-03 4.964142990971859545e+05 -1.564907322163882064e-01
1.130000000000000000e+02 1.116037368774414062e-03 4.922367471666912897e+05 -1.915331372311160629e-01
1.140000000000000000e+02 1.137018203735351562e-03 4.702642171785241808e+05 -3.884100658024003949e-01
1.150000000000000000e+02 1.110553741455078125e-03 4.149875332451079157e+05 -8.910383637391611211e-01
1.160000000000000000e+02 1.115083694458007812e-03 3.758539096920517040e+05 -1.230583579622721579e+00
1.170000000000000000e+02 1.109361648559570312e-03 3.783555493735570344e+05 -1.166572763065046203e+00
1.180000000000000000e+02 1.117706298828125000e-03 3.937518967711310834e+05 -9.902497221648255410e-01
1.190000000000000000e+02 1.120805740356445312e-03 4.715134878076365567e+05 -2.545501711709295956e-01
1.200000000000000000e+02 1.126289367675781250e-03 6.218694163474288071e+05 1.140101708365962807e+00
1.210000000000000000e+02 1.120805740356445312e-03 6.416919306578506948e+05 1.291401627743244296e+00
1.220000000000000000e+02 1.116275787353515625e-03 5.590983319129163865e+05 4.951422989793805574e-01
1.230000000000000000e+02 1.113176345825195312e-03 5.321252409415759612e+05 2.389199508931690030e-01
1.240000000000000000e+02 1.106262207031250000e-03 5.191006192293194472e+05 1.144469147351738492e-01
1.250000000000000000e+02 1.121520996093750000e-03 5.485707348712256644e+05 3.915712733191813455e-01
1.260000000000000000e+02 1.157283782958984375e-03 5.256910061738956720e+05 1.685236960964759112e-01
1.270000000000000000e+02 1.114130020141601562e-03 5.005972658602066222e+05 -7.518078751023231365e-02
1.280000000000000000e+02 1.116037368774414062e-03 5.421099485201912466e+05 3.300555624630302498e-01
1.290000000000000000e+02 1.109123229980468750e-03 6.181531993339885958e+05 1.074258340422692193e+00
1.300000000000000000e+02 1.124620437622070312e-03 6.332813164148085052e+05 1.199956271013903564e+00
1.310000000000000000e+02 1.130104064941406250e-03 7.115579237977289595e+05 1.937294882614458258e+00
1.320000000000000000e+02 1.110315322875976562e-03 8.182352842768082628e+05 2.869083684389825972e+00
1.330000000000000000e+02 1.330614089965820312e-03 9.531641425830386579e+05 3.847936020565042359e+00
1.330000000000000000e+02 2.411127090454101562e-03 5.038272009537607664e+05 0.000000000000000000e+00
1.340000000000000000e+02 1.119852066040039062e-03 7.270146879539525835e+05 0.000000000000000000e+00
1.350000000000000000e+02 1.114606857299804688e-03 6.375719435464814305e+05 1.403584213342441156e-01
1.360000000000000000e+02 1.115798950195312500e-03 6.254680340931137325e+05 2.371193371904959865e-02
1.370000000000000000e+02 1.120328903198242188e-03 5.431066899283993989e+05 -8.761671571330452712e-01
1.380000000000000000e+02 1.124858856201171875e-03 4.769265701568684890e+05 -1.496473035930355300e+00
1.390000000000000000e+02 1.117706298828125000e-03 7.988106244483565679e+05 2.257163986986839621e+00
1.400000000000000000e+02 1.118421554565429688e-03 7.617150759829721646e+05 1.234050337829837085e+00
1.410000000000000000e+02 1.121282577514648438e-03 5.962546077075131470e+05 -3.150795455034529069e-01
1.420000000000000000e+02 1.115083694458007812e-03 5.403941991800738033e+05 -7.889436988229254766e-01
1.430000000000000000e+02 1.120805740356445312e-03 5.335087058012565831e+05 -7.901699353588578223e-01
1.440000000000000000e+02 1.122951507568359375e-03 6.416592152552176267e+05 2.629482208927081399e-01
1.450000000000000000e+02 1.118421554565429688e-03 5.718364925532024354e+05 -4.211820849645973586e-01
1.460000000000000000e+02 1.119375228881835938e-03 6.635541717243972234e+05 5.137220219361586793e-01
1.470000000000000000e+02 1.118659973144531250e-03 7.619472579168737866e+05 1.504908830412138521e+00
1.480000000000000000e+02 1.115560531616210938e-03 7.993464471260213759e+05 1.722565156670525566e+00
1.490000000000000000e+02 1.121282577514648438e-03 7.910359650548190111e+05 1.448886376718058644e+00
1.500000000000000000e+02 1.791715621948242188e-03 7.931513653851627605e+05 1.343132276989197793e+00
1.510000000000000000e+02 9.164810180664062500e-04 7.735339175908544566e+05 1.068141110992183451e+00
1.520000000000000000e+02 8.687973022460937500e-04 7.940291872180921491e+05 1.191977965825748331e+00
1.530000000000000000e+02 3.002882003784179688e-03 8.988467913529885700e+05 2.046061869026124302e+00
1.540000000000000000e+02 2.347469329833984375e-03 1.026539078022599686e+06 2.867547394654337722e+00
1.550000000000000000e+02 1.119852066040039062e-03 9.026709427013775567e+05 1.492483779886003559e+00
1.560000000000000000e+02 1.112937927246093750e-03 7.742080289263740415e+05 4.977365784695046980e-01
1.570000000000000000e+02 1.134872436523437500e-03 7.189827998743132921e+05 9.401850664175558092e-02
1.580000000000000000e+02 1.115560531616210938e-03 7.422491673700064421e+05 2.604603118921429150e-01
1.590000000000000000e+02 1.107454299926757812e-03 7.474623632771548582e+05 2.936909858336922974e-01
1.600000000000000000e+02 1.115083694458007812e-03 8.258501740442664595e+05 8.762643774320273415e-01
1.610000000000000000e+02 1.110792160034179688e-03 8.472625907012337120e+05 1.010546433200332217e+00
1.620000000000000000e+02 1.116752624511718750e-03 8.232951569654220948e+05 7.951439728557175846e-01
1.630000000000000000e+02 1.121282577514648438e-03 6.736114884704796132e+05 -3.629527197297124919e-01
1.640000000000000000e+02 1.129150390625000000e-03 8.659139377816411434e+05 1.125718738338522096e+00
1.650000000000000000e+02 1.118421554565429688e-03 1.003631222608966986e+06 2.144147992938341130e+00
1.660000000000000000e+02 1.110553741455078125e-03 9.010927909066282446e+05 1.227133167526604396e+00
1.670000000000000000e+02 1.108884811401367188e-03 9.572238635879552457e+05 1.589459974588936175e+00
1.680000000000000000e+02 1.106023788452148438e-03 9.355553569812210044e+05 1.358317526115515594e+00
1.690000000000000000e+02 1.115798950195312500e-03 9.835017009003827116e+05 1.642234903445443983e+00
1.700000000000000000e+02 1.111745834350585938e-03 9.480872653427931946e+05 1.319951241192235170e+00
1.710000000000000000e+02 1.112222671508789062e-03 1.077341249934304506e+06 2.152066968251624690e+00
1.720000000000000000e+02 1.115083694458007812e-03 9.820735906396950595e+05 1.386508473232182626e+00
1.730000000000000000e+02 1.109838485717773438e-03 9.213096126208887435e+05 9.460394615078083769e-01
1.740000000000000000e+02 1.135110855102539062e-03 9.119033136569615453e+05 8.638240062555577747e-01
1.750000000000000000e+02 1.130342483520507812e-03 8.405599899206990376e+05 3.848428457376349976e-01
1.760000000000000000e+02 1.124858856201171875e-03 8.842655966416501906e+05 6.652500506648604262e-01
1.770000000000000000e+02 1.123189926147460938e-03 8.956730364876813255e+05 7.294698495653210157e-01
1.780000000000000000e+02 1.113414764404296875e-03 8.863693723397331778e+05 6.556699927031405251e-01
1.790000000000000000e+02 1.112222671508789062e-03 9.827639473297407385e+05 1.287025363779321419e+00
1.800000000000000000e+02 1.114368438720703125e-03 1.039769652912896243e+06 1.628019695420168222e+00
1.810000000000000000e+02 1.330375671386718750e-03 1.294202624238070333e+06 3.221643777701768130e+00
1.810000000000000000e+02 2.412080764770507812e-03 9.960137200310230255e+05 0.000000000000000000e+00
1.820000000000000000e+02 1.119613647460937500e-03 1.345694887102460489e+06 0.000000000000000000e+00
1.830000000000000000e+02 1.133441925048828125e-03 1.489595499559548683e+06 1.289083212674017265e+00
1.840000000000000000e+02 1.116275787353515625e-03 1.351536755838836310e+06 2.932378744208722909e-01
1.850000000000000000e+02 1.119852066040039062e-03 1.321241190213717287e+06 1.212445149728165472e-01
1.860000000000000000e+02 1.117706298828125000e-03 1.329576218403329141e+06 1.573984637484977800e-01
1.870000000000000000e+02 1.117229461669921875e-03 1.273930175205906620e+06 -1.933438913311655571e-01
1.880000000000000000e+02 1.117944717407226562e-03 1.331370084599729162e+06 2.018354117877918796e-01
1.890000000000000000e+02 1.108407974243164062e-03 1.411334640224734088e+06 7.640969250372975363e-01
1.900000000000000000e+02 1.125335693359375000e-03 1.351939348808812210e+06 2.608827005579528180e-01
1.910000000000000000e+02 1.114130020141601562e-03 1.215902779223969206e+06 -8.160139062619559125e-01
1.920000000000000000e+02 1.116991043090820312e-03 1.209912888813427882e+06 -8.047241398960981451e-01
1.930000000000000000e+02 1.114845275878906250e-03 1.061324734242724953e+06 -1.960133054154805210e+00
1.940000000000000000e+02 1.121520996093750000e-03 1.108229580857068300e+06 -1.296887300640364948e+00
1.950000000000000000e+02 1.117706298828125000e-03 1.356388814443010837e+06 6.156864918531610442e-01
1.960000000000000000e+02 1.116752624511718750e-03 1.442191438696292927e+06 1.223757241980809152e+00
1.970000000000000000e+02 1.450300216674804688e-03 1.296797294318428030e+06 6.968198518369729533e-02
1.980000000000000000e+02 1.142263412475585938e-03 1.345587169683599845e+06 4.358847672502543236e-01
1.990000000000000000e+02 1.181364059448242188e-03 1.472796742492773570e+06 1.405923985910426000e+00
2.000000000000000000e+02 1.147270202636718750e-03 1.450400030183765572e+06 1.131589567096226379e+00
2.010000000000000000e+02 1.142263412475585938e-03 1.211090246198329376e+06 -7.285747205271543292e-01
2.020000000000000000e+02 8.716583251953125000e-04 1.045403133705590037e+06 -1.962810974048547985e+00
2.030000000000000000e+02 3.028631210327148438e-03 9.572277957390743541e+05 -2.396071535189817414e+00
2.040000000000000000e+02 1.146793365478515625e-03 1.004333374989314587e+06 -1.781104219312303449e+00
2.050000000000000000e+02 1.129627227783203125e-03 9.629428555619936669e+05 -1.894816155243022937e+00
2.060000000000000000e+02 1.135349273681640625e-03 9.102426010056182276e+05 -2.046907180757053801e+00
2.070000000000000000e+02 1.137256622314453125e-03 9.161689913434215123e+05 -1.825447716669401865e+00
2.080000000000000000e+02 1.161575317382812500e-03 9.081399206332502654e+05 -1.730998675400707176e+00
2.090000000000000000e+02 1.174688339233398438e-03 9.216520143009978347e+05 -1.543088245965847483e+00
2.100000000000000000e+02 1.142740249633789062e-03 9.533937596510405419e+05 -1.294380368058467123e+00
2.110000000000000000e+02 1.169681549072265625e-03 9.422098211764899315e+05 -1.294591249136371580e+00
2.120000000000000000e+02 1.138925552368164062e-03 7.740686825378023786e+05 -2.080989712116509960e+00
2.130000000000000000e+02 1.141548156738281250e-03 6.783492564295789925e+05 -2.375283561077406347e+00
2.140000000000000000e+02 1.138925552368164062e-03 7.251840102654591901e+05 -1.948597682097440664e+00
2.150000000000000000e+02 1.140356063842773438e-03 7.605524622552826768e+05 -1.667021192942589103e+00
2.160000000000000000e+02 1.151323318481445312e-03 7.136526043667725753e+05 -1.776703953285279525e+00
2.170000000000000000e+02 1.144170761108398438e-03 7.167071865987813799e+05 -1.666028307612334780e+00
2.180000000000000000e+02 1.124858856201171875e-03 6.932839202254660195e+05 -1.677121595111359165e+00
2.190000000000000000e+02 1.127958297729492188e-03 7.066424786436347058e+05 -1.544026454804614756e+00
2.200000000000000000e+02 1.126050949096679688e-03 7.217683760984527180e+05 -1.421152211888130568e+00
2.210000000000000000e+02 1.127481460571289062e-03 8.069066559171022382e+05 -1.047568319762148148e+00
2.220000000000000000e+02 1.128911972045898438e-03 7.945468043441601330e+05 -1.067698546450136732e+00
2.230000000000000000e+02 1.131296157836914062e-03 7.919983499779008562e+05 -1.050437290830488646e+00
2.240000000000000000e+02 1.137256622314453125e-03 8.077268497418899788e+05 -9.659185859136368846e-01
2.250000000000000000e+02 1.131772994995117188e-03 8.623221268486838089e+05 -7.394383656211732658e-01
2.260000000000000000e+02 1.150846481323242188e-03 8.144341177734362427e+05 -9.080724074940816903e-01
2.270000000000000000e+02 1.136302947998046875e-03 8.101058678827072727e+05 -9.066598345759445676e-01
2.280000000000000000e+02 1.140117645263671875e-03 8.787361040042098612e+05 -6.284441110064791225e-01
2.290000000000000000e+02 1.131057739257812500e-03 8.201303848627439002e+05 -8.435935422231028991e-01
2.300000000000000000e+02 1.143455505371093750e-03 7.920505320416799514e+05 -9.367527552123814383e-01
2.310000000000000000e+02 1.145124435424804688e-03 8.869529622635189444e+05 -5.546247732114903961e-01
2.320000000000000000e+02 1.151561737060546875e-03 1.105352373674209462e+06 2.976396761762930554e-01
2.330000000000000000e+02 1.147270202636718750e-03 1.116648207229898078e+06 3.386774002032182374e-01
2.340000000000000000e+02 1.136302947998046875e-03 1.095769352029430680e+06 2.529183132723337724e-01
2.350000000000000000e+02 1.136302947998046875e-03 1.001684390203340212e+06 -1.234600403048693312e-01
2.360000000000000000e+02 1.129627227783203125e-03 1.021801071710577351e+06 -4.164779501345698687e-02
2.370000000000000000e+02 1.140356063842773438e-03 1.026173728346388787e+06 -2.358024489014228994e-02
2.380000000000000000e+02 1.145839691162109375e-03 9.654806660815202631e+05 -2.712793214695261024e-01
2.390000000000000000e+02 1.135349273681640625e-03 9.011451412618326722e+05 -5.337442673426274764e-01
2.400000000000000000e+02 1.141309738159179688e-03 8.835895496537287254e+05 -6.007350600388426942e-01
2.410000000000000000e+02 1.144409179687500000e-03 1.323494260558863636e+06 1.239030013877565839e+00
2.420000000000000000e+02 1.152992248535156250e-03 1.713451735448852880e+06 2.831595972119168803e+00
2.430000000000000000e+02 1.179933547973632812e-03 1.320365346608615015e+06 1.094756184664148257e+00
2.440000000000000000e+02 1.155614852905273438e-03 7.709055851371054305e+05 -1.082133179784390720e+00
2.450000000000000000e+02 1.141548156738281250e-03 7.000392248728708364e+05 -1.341920977151523253e+00
2.460000000000000000e+02 1.147508621215820312e-03 7.516111068724448560e+05 -1.112279534788539470e+00
2.470000000000000000e+02 8.897781372070312500e-04 7.803840062563729007e+05 -9.815881141698170609e-01
2.480000000000000000e+02 1.148939132690429688e-03 9.195839669987634989e+05 -4.252446839203255502e-01
2.490000000000000000e+02 1.139879226684570312e-03 1.004012684963858686e+06 -9.077132079993981140e-02
2.500000000000000000e+02 1.145839691162109375e-03 1.027850922277576174e+06 3.977639520668996460e-03
2.510000000000000000e+02 1.164674758911132812e-03 1.007434844773294171e+06 -7.722613288084224925e-02
2.520000000000000000e+02 1.168251037597656250e-03 9.657184613185928902e+05 -2.437425072368999690e-01
2.530000000000000000e+02 1.154899597167968750e-03 1.002581682534545660e+06 -9.335557946609641944e-02
2.540000000000000000e+02 1.150608062744140625e-03 1.161634147886460880e+06 5.529506911356583121e-01
2.550000000000000000e+02 1.140594482421875000e-03 1.183418302936135558e+06 6.369645903570925194e-01
2.560000000000000000e+02 1.148939132690429688e-03 1.138946434097755002e+06 4.488924950672275593e-01
2.570000000000000000e+02 1.108646392822265625e-03 1.153958907140515512e+06 5.071880482130987078e-01
2.580000000000000000e+02 1.131296157836914062e-03 1.253018067084891256e+06 9.129900655556925093e-01
2.590000000000000000e+02 1.125097274780273438e-03 1.315159252699068049e+06 1.159764196115746993e+00
2.600000000000000000e+02 1.133441925048828125e-03 1.289376958517552819e+06 1.036095505959363505e+00
2.610000000000000000e+02 1.110315322875976562e-03 1.232716494523350149e+06 7.886016296041689078e-01
2.620000000000000000e+02 1.115560531616210938e-03 1.175528504873992410e+06 5.438447638131511663e-01
2.630000000000000000e+02 1.109123229980468750e-03 1.189566808081082767e+06 5.979858684168545269e-01
2.640000000000000000e+02 1.119852066040039062e-03 1.165166878034468042e+06 4.911988249841079957e-01
2.650000000000000000e+02 1.115083694458007812e-03 1.189508888487363001e+06 5.897471908518362449e-01
2.660000000000000000e+02 1.126527786254882812e-03 1.157354887186095584e+06 4.496313103329517835e-01
2.670000000000000000e+02 1.131057739257812500e-03 1.067161157752858475e+06 6.471366618110005464e-02
2.680000000000000000e+02 1.120090484619140625e-03 9.658359956241571344e+05 -3.670778341006240009e-01
2.690000000000000000e+02 1.110792160034179688e-03 9.915737656605514931e+05 -2.545918980815543020e-01
2.700000000000000000e+02 1.119136810302734375e-03 9.520885982222879538e+05 -4.229498019404181464e-01
2.710000000000000000e+02 1.112222671508789062e-03 8.949112641679990338e+05 -6.673258866479492291e-01
2.720000000000000000e+02 1.119852066040039062e-03 8.196844206662025535e+05 -9.882097946885328721e-01
2.730000000000000000e+02 1.130104064941406250e-03 7.865306728358016117e+05 -1.121420651366232812e+00
2.740000000000000000e+02 1.120328903198242188e-03 8.046769163300687214e+05 -1.029307835619716505e+00
2.750000000000000000e+02 1.119375228881835938e-03 8.486410689879920101e+05 -8.277476335816332798e-01
2.760000000000000000e+02 1.125812530517578125e-03 9.500574474128666334e+05 -3.805967296033375136e-01
2.770000000000000000e+02 1.123428344726562500e-03 1.192219118060223991e+06 6.766846149160100632e-01
2.780000000000000000e+02 1.135110855102539062e-03 1.122246756169123808e+06 3.659032670762072947e-01
2.790000000000000000e+02 1.125574111938476562e-03 1.122515967703899834e+06 3.649814884486775046e-01
2.800000000000000000e+02 1.138448715209960938e-03 1.101279528891429072e+06 2.692870124314749591e-01
2.810000000000000000e+02 1.118659973144531250e-03 1.134285610904139467e+06 4.140438191501034648e-01
2.820000000000000000e+02 1.132249832153320312e-03 1.166337373484442011e+06 5.542140527007396456e-01
2.830000000000000000e+02 1.140832901000976562e-03 1.191354629922725959e+06 6.623358634420394297e-01
2.840000000000000000e+02 1.151084899902343750e-03 1.121072305455313064e+06 3.431797903863111898e-01
2.850000000000000000e+02 1.122474670410156250e-03 1.019516432523071067e+06 -1.151325972800404801e-01
2.860000000000000000e+02 1.135110855102539062e-03 9.849985787653619191e+05 -2.704753824515051530e-01
2.870000000000000000e+02 1.124858856201171875e-03 9.843654724057156127e+05 -2.719870351696543342e-01
2.880000000000000000e+02 1.133203506469726562e-03 9.560518910093865125e+05 -3.996381881025730110e-01
2.890000000000000000e+02 1.091718673706054688e-03 9.854074869435596047e+05 -2.632199531604046405e-01
2.900000000000000000e+02 1.368045806884765625e-03 9.705950321204330539e+05 -3.299892742532071765e-01
2.910000000000000000e+02 5.439758300781250000e-03 9.449796382396547124e+05 -4.465041647522364210e-01
2.920000000000000000e+02 5.587577819824218750e-03 9.209348828662744490e+05 -5.554339910304655348e-01
2.930000000000000000e+02 5.617856979370117188e-03 8.842652112978012301e+05 -7.225220027039328530e-01
2.940000000000000000e+02 5.656003952026367188e-03 8.504070735409435583e+05 -8.752747936193185918e-01
2.950000000000000000e+02 5.483150482177734375e-03 9.086224395678542787e+05 -5.972589602975061362e-01
2.960000000000000000e+02 5.689859390258789062e-03 9.255171767667374806e+05 -5.148034123292062336e-01
2.970000000000000000e+02 5.522727966308593750e-03 9.930079160689336713e+05 -1.956149831281133178e-01
2.980000000000000000e+02 5.670547485351562500e-03 9.664238613713152008e+05 -3.198975457735778183e-01
2.990000000000000000e+02 5.525112152099609375e-03 9.429121387795027113e+05 -4.295211495572555660e-01
