1.763741337533859909e+07
1.000000000000000000e+00 3.267846107482910156e-01 1.434733065162388666e+05 0.000000000000000000e+00
2.000000000000000000e+00 3.072190284729003906e-01 1.436079961905961391e+05 7.092419503487794596e-01
3.000000000000000000e+00 3.594415187835693359e-01 8.269241492206191469e+04 -6.031434957303362099e-01
4.000000000000000000e+00 4.963922500610351562e-01 1.263965621638970042e+05 4.544181699909656258e-01
5.000000000000000000e+00 4.482543468475341797e-01 1.031566695162883407e+05 -1.736396788037294636e-01
6.000000000000000000e+00 6.037037372589111328e-01 1.050251046160702972e+05 -1.090945914916281595e-01
7.000000000000000000e+00 7.068073749542236328e-01 1.153549529499255004e+05 2.133582859914425200e-01
8.000000000000000000e+00 5.771343708038330078e-01 1.014953104723029537e+05 -2.550076207114868043e-01
9.000000000000000000e+00 7.530839443206787109e-01 1.119139573592043744e+05 1.236116662959722279e-01
1.000000000000000000e+01 5.863609313964843750e-01 1.038370818578948674e+05 -1.819208811917771285e-01
1.100000000000000000e+01 8.482365608215332031e-01 9.062874909539485816e+04 -6.899992919179256390e-01
1.200000000000000000e+01 7.058639526367187500e-01 1.220834548531924665e+05 6.121126667407902344e-01
1.300000000000000000e+01 8.755359649658203125e-01 1.017054351180590311e+05 -2.593855660421219289e-01
1.400000000000000000e+01 7.596211433410644531e-01 1.118650746707717044e+05 1.849611489201173353e-01
1.500000000000000000e+01 8.775587081909179688e-01 9.675102874830085784e+04 -4.918144351805966430e-01
1.600000000000000000e+01 8.669028282165527344e-01 1.172114218533543608e+05 4.589146423236957206e-01
1.700000000000000000e+01 8.882417678833007812e-01 1.611475236336207308e+05 2.497412404504142369e+00
1.800000000000000000e+01 8.629159927368164062e-01 1.412004448500484286e+05 1.256684551642918146e+00
1.900000000000000000e+01 9.676890373229980469e-01 2.132121199363105989e+05 4.101486519607146164e+00
1.900000000000000000e+01 1.996620655059814453e+00 2.025732857059347734e+05 0.000000000000000000e+00
2.000000000000000000e+01 9.088919162750244141e-01 2.865935367176696309e+05 0.000000000000000000e+00
2.100000000000000000e+01 1.065607070922851562e+00 1.846174965562883299e+05 -1.009335353855237649e+00
2.200000000000000000e+01 1.149157762527465820e+00 2.313564867900933023e+05 1.242096179274529699e-01
2.300000000000000000e+01 1.033235549926757812e+00 1.847714794134909462e+05 -9.312859618828946973e-01
2.400000000000000000e+01 1.113957166671752930e+00 1.414838583019384532e+05 -1.785813587061966468e+00
2.500000000000000000e+01 1.140865325927734375e+00 1.326671956772306585e+05 -1.468042676972388438e+00
2.600000000000000000e+01 1.114583015441894531e+00 1.419071791661672469e+05 -1.002917633505271411e+00
2.700000000000000000e+01 1.142505407333374023e+00 1.316330508781774552e+05 -1.081421028615545454e+00
2.800000000000000000e+01 1.255145788192749023e+00 1.294116877923761349e+05 -1.001224783508981364e+00
2.900000000000000000e+01 1.263544559478759766e+00 1.028808765259585634e+05 -1.414348945836178206e+00
3.000000000000000000e+01 1.356071472167968750e+00 1.547578447343499574e+05 -2.805897750372003951e-01
3.100000000000000000e+01 1.206879854202270508e+00 1.800529591987368476e+05 2.181363761336032603e-01
3.200000000000000000e+01 1.230895757675170898e+00 1.968480160185162968e+05 5.468992319971049954e-01
3.300000000000000000e+01 1.152246952056884766e+00 1.545083543866831169e+05 -3.516562333583888034e-01
3.400000000000000000e+01 1.386076688766479492e+00 1.376540123954027076e+05 -6.986471861407177464e-01
3.500000000000000000e+01 1.374931097030639648e+00 1.315850920100800577e+05 -7.990269942182651741e-01
3.600000000000000000e+01 1.398766756057739258e+00 1.153428534329599061e+05 -1.118998874000802557e+00
3.700000000000000000e+01 1.442490816116333008e+00 1.228717551306561945e+05 -8.864090917312706930e-01
3.800000000000000000e+01 1.648705244064331055e+00 1.378318602438044909e+05 -5.159857434215955330e-01
3.900000000000000000e+01 1.929463863372802734e+00 1.406688114309088269e+05 -4.363092344467294215e-01
4.000000000000000000e+01 1.577929735183715820e+00 1.289575973995071254e+05 -6.932762078083369861e-01
4.100000000000000000e+01 1.557561397552490234e+00 1.446099896921330364e+05 -3.062514463404967247e-01
4.200000000000000000e+01 1.772455692291259766e+00 1.270132992800523498e+05 -7.173835952984566333e-01
4.300000000000000000e+01 1.619206428527832031e+00 1.428169121575547615e+05 -3.154078984557563414e-01
4.400000000000000000e+01 1.710197925567626953e+00 1.364281251758715080e+05 -4.651743689025410466e-01
4.500000000000000000e+01 1.629358053207397461e+00 1.524602658273400157e+05 -5.541733822706765983e-02
4.600000000000000000e+01 1.812747001647949219e+00 1.358176326922518201e+05 -4.769199412342536304e-01
4.700000000000000000e+01 1.816759586334228516e+00 1.400442084949028504e+05 -3.577988777873873372e-01
4.800000000000000000e+01 1.836966753005981445e+00 1.325417528110111307e+05 -5.473726609360242135e-01
4.900000000000000000e+01 1.825658082962036133e+00 1.516593758632412937e+05 -2.908628961417626321e-02
5.000000000000000000e+01 1.841713428497314453e+00 1.539894643377038592e+05 3.417642360441205951e-02
5.100000000000000000e+01 1.850077390670776367e+00 1.597533505197307677e+05 1.915800604336790336e-01
5.200000000000000000e+01 1.906744956970214844e+00 1.657281393594859692e+05 3.548664924133577148e-01
5.300000000000000000e+01 2.043722629547119141e+00 1.458665049924890045e+05 -2.109759386337575204e-01
5.400000000000000000e+01 1.965402841567993164e+00 1.524123361498246377e+05 -2.065445431418457337e-02
5.500000000000000000e+01 1.885249376296997070e+00 1.174262077775430371e+05 -1.035734989927706406e+00
5.600000000000000000e+01 2.097091436386108398e+00 1.226413564916889300e+05 -8.558690820549914591e-01
5.700000000000000000e+01 2.167101621627807617e+00 1.186642813622827234e+05 -9.523960086608049824e-01
5.800000000000000000e+01 2.028150558471679688e+00 1.875304671085395676e+05 1.078869661741463704e+00
5.900000000000000000e+01 2.256959199905395508e+00 2.255392351626155432e+05 2.156579524347796983e+00
6.000000000000000000e+01 2.020507097244262695e+00 1.645828491761470214e+05 3.157757436838591891e-01
6.100000000000000000e+01 2.167200803756713867e+00 1.390199189236702805e+05 -4.095815454632030228e-01
6.200000000000000000e+01 2.310825586318969727e+00 1.603629623633008741e+05 2.042064797489005767e-01
6.300000000000000000e+01 2.190262556076049805e+00 1.439643279774521943e+05 -2.708559613422827361e-01
6.400000000000000000e+01 2.435756444931030273e+00 1.672167730410342047e+05 4.097525262925730272e-01
6.500000000000000000e+01 2.248046875000000000e+00 1.985708991818471113e+05 1.326681814102414370e+00
6.600000000000000000e+01 2.410542011260986328e+00 1.861899299256359518e+05 9.271012976593627775e-01
6.700000000000000000e+01 2.251248836517333984e+00 2.226492543225526460e+05 1.974989105231327091e+00
6.800000000000000000e+01 2.491189002990722656e+00 2.626733710757314693e+05 3.017153462005667919e+00
6.800000000000000000e+01 4.961492061614990234e+00 1.465120985823401134e+05 0.000000000000000000e+00
6.900000000000000000e+01 2.470922708511352539e+00 2.046061545731399383e+05 0.000000000000000000e+00
7.000000000000000000e+01 2.500782966613769531e+00 2.052682515244958631e+05 7.232245486972498361e-01
7.100000000000000000e+01 2.562004804611206055e+00 2.227169137626207958e+05 1.104388350833426458e+00
7.200000000000000000e+01 2.639491558074951172e+00 2.496898861693846120e+05 1.651517300349279349e+00
7.300000000000000000e+01 3.100022554397583008e+00 1.972862966141204815e+05 -2.238645863301727268e-01
7.400000000000000000e+01 2.601559400558471680e+00 2.005744985841925081e+05 -1.108571604918043019e-01
7.500000000000000000e+01 2.749516487121582031e+00 2.173949563587711309e+05 4.369631918299723972e-01
7.600000000000000000e+01 2.700086116790771484e+00 2.056983198916252295e+05 6.584905749759728533e-03
7.700000000000000000e+01 2.872246026992797852e+00 2.367973513173518004e+05 1.145366229267328340e+00
7.800000000000000000e+01 2.760044813156127930e+00 2.621028402092874167e+05 1.938370099115646727e+00
7.900000000000000000e+01 2.829250097274780273e+00 2.964725087190930499e+05 2.700104125886814810e+00
8.000000000000000000e+01 2.701744318008422852e+00 3.128802288911351352e+05 2.443426056081216657e+00
8.100000000000000000e+01 2.840220689773559570e+00 1.801956038832133054e+05 -1.066677705241543705e+00
8.200000000000000000e+01 2.964317560195922852e+00 2.370393024071817927e+05 2.896242035877358845e-01
8.300000000000000000e+01 3.642791748046875000e+00 4.818093025378671009e+05 5.973228051309666498e+00
8.300000000000000000e+01 1.005649566650390625e-03 4.150924556778808619e+04 0.000000000000000000e+00
8.400000000000000000e+01 9.889488220214843750e-01 3.275432229793766746e+05 9.038026492661662914e+00
8.400000000000000000e+01 8.909702301025390625e-04 4.614734103607702127e+04 0.000000000000000000e+00
8.500000000000000000e+01 8.812983036041259766e-01 3.463285452757002786e+05 8.492130285869647466e+00
8.500000000000000000e+01 8.733272552490234375e-04 4.258748624537712021e+04 0.000000000000000000e+00
8.600000000000000000e+01 1.025439262390136719e+00 3.255185106173232198e+05 8.688256203552954915e+00
8.600000000000000000e+01 8.122920989990234375e-04 4.900275636875028431e+04 0.000000000000000000e+00
8.700000000000000000e+01 3.176915645599365234e-01 1.794431951716006151e+05 3.057388347388058314e+00
8.700000000000000000e+01 7.434303760528564453e-01 1.790931738976507331e+05 0.000000000000000000e+00
8.800000000000000000e+01 4.579796791076660156e-01 1.431579245179007412e+05 0.000000000000000000e+00
8.900000000000000000e+01 3.538935184478759766e-01 1.626333186990500835e+05 5.933750566078295485e-02
9.000000000000000000e+01 4.156231880187988281e-01 2.361200046082705667e+05 4.141036633802198885e+00
9.000000000000000000e+01 1.001812934875488281e+00 2.371194223957346694e+05 0.000000000000000000e+00
9.100000000000000000e+01 4.765810966491699219e-01 1.613430840066537203e+05 0.000000000000000000e+00
9.200000000000000000e+01 6.351895332336425781e-01 1.576158665436441952e+05 -7.766678288454754719e-01
9.300000000000000000e+01 5.833060741424560547e-01 1.895466247546668747e+05 9.332987471559210657e-02
9.400000000000000000e+01 5.269351005554199219e-01 1.366607617152594903e+05 -1.355787335309252217e+00
9.500000000000000000e+01 7.113978862762451172e-01 1.656422282809742610e+05 -2.788123126842089738e-01
9.600000000000000000e+01 6.319756507873535156e-01 1.412388292532641208e+05 -9.554484968066271344e-01
9.700000000000000000e+01 6.729528903961181641e-01 1.589714889503129525e+05 -3.177445646682104385e-01
9.800000000000000000e+01 7.345685958862304688e-01 1.364355244730888226e+05 -1.001916762104400727e+00
9.900000000000000000e+01 7.837405204772949219e-01 1.184723965523213847e+05 -1.461453767914426161e+00
1.000000000000000000e+02 8.271396160125732422e-01 1.383511832205937244e+05 -6.574081535363732742e-01
1.010000000000000000e+02 8.603785037994384766e-01 1.347561566814197868e+05 -7.277352945900368297e-01
1.020000000000000000e+02 8.628032207489013672e-01 1.256104837584114866e+05 -9.726970605398532754e-01
1.030000000000000000e+02 8.669204711914062500e-01 1.240185701525499171e+05 -9.532974031014092020e-01
1.040000000000000000e+02 9.373281002044677734e-01 1.448023389966764371e+05 -2.253154318628339259e-01
1.050000000000000000e+02 1.025459289550781250e+00 1.021044122837556642e+05 -1.633538704587036428e+00
1.060000000000000000e+02 8.515076637268066406e-01 1.477981144008833508e+05 -1.564685110532003376e-02
1.070000000000000000e+02 1.044481039047241211e+00 1.415584885312104016e+05 -2.189212236376141540e-01
1.080000000000000000e+02 1.095001697540283203e+00 1.503107894429471053e+05 8.130307940898641450e-02
1.090000000000000000e+02 1.009816169738769531e+00 1.508777271069587441e+05 9.884331980752680824e-02
1.100000000000000000e+02 1.105695962905883789e+00 1.344590118612050719e+05 -4.866042727247068544e-01
1.110000000000000000e+02 1.091261148452758789e+00 1.531748741431040398e+05 2.052087775704965478e-01
1.120000000000000000e+02 1.136436462402343750e+00 1.232130222822695359e+05 -9.103773503646580556e-01
1.130000000000000000e+02 1.131451368331909180e+00 1.557090433245566092e+05 3.356425877233270572e-01
1.140000000000000000e+02 1.218281507492065430e+00 1.355203740133965330e+05 -4.390256464768101385e-01
1.150000000000000000e+02 1.289438962936401367e+00 1.262855837246455194e+05 -7.858158430936442729e-01
1.160000000000000000e+02 1.246000051498413086e+00 1.431469786104027880e+05 -1.046006833134473790e-01
1.170000000000000000e+02 1.340735912322998047e+00 1.644818305755035253e+05 7.451582313059301743e-01
1.180000000000000000e+02 1.313611030578613281e+00 1.389497148157491465e+05 -2.986947991589801732e-01
1.190000000000000000e+02 1.442265987396240234e+00 1.506644979067039094e+05 1.842457830392882911e-01
1.200000000000000000e+02 1.386166810989379883e+00 1.655737177998306579e+05 7.992073234494907474e-01
1.210000000000000000e+02 1.394995927810668945e+00 1.356228345259644557e+05 -4.711857467992308091e-01
1.220000000000000000e+02 1.432103395462036133e+00 1.540807730172315205e+05 3.176708199544416300e-01
1.230000000000000000e+02 1.528370857238769531e+00 1.662046548503842496e+05 8.322080672291619630e-01
1.240000000000000000e+02 1.467391490936279297e+00 1.653057108471987012e+05 7.730443939920788043e-01
1.250000000000000000e+02 1.655111312866210938e+00 1.398539349500261887e+05 -3.477224655134627529e-01
1.260000000000000000e+02 1.823913097381591797e+00 1.572979833931603935e+05 4.235237059449745156e-01
1.270000000000000000e+02 1.654175996780395508e+00 1.335068574933403870e+05 -6.399201235415920008e-01
1.280000000000000000e+02 1.634739637374877930e+00 1.778003868663227186e+05 1.355502578318851237e+00
1.290000000000000000e+02 2.207823753356933594e+00 2.640456896329434821e+05 5.130214151104189213e+00
1.290000000000000000e+02 1.040697097778320312e-03 2.714462201144595747e+04 0.000000000000000000e+00
1.300000000000000000e+02 7.580294609069824219e-01 1.505172477033742762e+05 5.720510461209907582e+00
1.300000000000000000e+02 7.755756378173828125e-04 2.685390034418873984e+04 0.000000000000000000e+00
1.310000000000000000e+02 1.002079486846923828e+00 2.234285765616137069e+05 9.645153768031656583e+00
1.310000000000000000e+02 7.920265197753906250e-04 3.219491279434893659e+04 0.000000000000000000e+00
1.320000000000000000e+02 9.158508777618408203e-01 2.441341959977184597e+05 8.602668667512526568e+00
1.320000000000000000e+02 8.082389831542968750e-04 4.269266711713463883e+04 0.000000000000000000e+00
1.330000000000000000e+02 9.738640785217285156e-01 2.727690659071789705e+05 6.914276128860124437e+00
1.330000000000000000e+02 8.888244628906250000e-04 3.721406985204855300e+04 0.000000000000000000e+00
1.340000000000000000e+02 3.745238780975341797e-01 1.676377836092202342e+05 4.249270889510634142e+00
1.340000000000000000e+02 7.999856472015380859e-01 1.685446215016116912e+05 0.000000000000000000e+00
1.350000000000000000e+02 5.074694156646728516e-01 1.255681127557272412e+05 0.000000000000000000e+00
1.360000000000000000e+02 3.518629074096679688e-01 1.297098297103720834e+05 -5.708166901648973335e-01
1.370000000000000000e+02 5.680897235870361328e-01 1.208255603209387627e+05 -8.625381036301853488e-01
1.380000000000000000e+02 6.128737926483154297e-01 8.041313487801793963e+04 -2.546610565199514120e+00
1.390000000000000000e+02 5.679361820220947266e-01 2.733160602255943813e+05 4.734944190939327946e+00
1.390000000000000000e+02 1.226477622985839844e+00 2.722476229701506090e+05 0.000000000000000000e+00
1.400000000000000000e+02 5.769839286804199219e-01 1.188508649792195793e+05 0.000000000000000000e+00
1.410000000000000000e+02 5.790052413940429688e-01 2.762452319670684519e+05 7.439620116004795891e-01
1.420000000000000000e+02 5.834717750549316406e-01 1.214098283448130824e+05 -1.125898754172379279e+00
1.430000000000000000e+02 5.697562694549560547e-01 1.102444036537602660e+05 -9.768980538646719891e-01
1.440000000000000000e+02 6.218576431274414062e-01 1.070247418546511035e+05 -8.429991606885488542e-01
1.450000000000000000e+02 6.515750885009765625e-01 1.173988080882363720e+05 -6.076355843730728568e-01
1.460000000000000000e+02 7.142267227172851562e-01 1.155606575590350694e+05 -5.769022023882933725e-01
1.470000000000000000e+02 8.872969150543212891e-01 1.194584780036019656e+05 -4.796718350083422067e-01
1.480000000000000000e+02 7.625730037689208984e-01 1.034688400118922145e+05 -6.775140145540292647e-01
1.490000000000000000e+02 9.270150661468505859e-01 1.328049567097238905e+05 -1.976065311009590764e-01
1.500000000000000000e+02 8.789765834808349609e-01 1.144817251665772201e+05 -4.735491848471373166e-01
1.510000000000000000e+02 7.679321765899658203e-01 1.624151920978697599e+05 3.221776719277315570e-01
1.520000000000000000e+02 9.265799522399902344e-01 1.163090433523371030e+05 -4.638018384541585659e-01
1.530000000000000000e+02 9.314889907836914062e-01 1.116353140750786406e+05 -5.254693165813943967e-01
1.540000000000000000e+02 1.062296628952026367e+00 1.328080301909717091e+05 -1.273928998932531143e-01
1.550000000000000000e+02 9.960429668426513672e-01 1.296618474656414764e+05 -1.814476553385899471e-01
1.560000000000000000e+02 1.037469148635864258e+00 1.477732062297524244e+05 1.676440594755644886e-01
1.570000000000000000e+02 1.138382911682128906e+00 1.325860415488732397e+05 -1.338815627684692700e-01
1.580000000000000000e+02 1.203017711639404297e+00 1.409589293562985258e+05 3.792738132010512603e-02
1.590000000000000000e+02 9.866371154785156250e-01 1.536699262430139352e+05 2.996230738054111997e-01
1.600000000000000000e+02 1.187334299087524414e+00 1.283398043343527679e+05 -2.435932236471529122e-01
1.610000000000000000e+02 1.344060182571411133e+00 1.328391888078660413e+05 -1.405569328167903809e-01
1.620000000000000000e+02 1.290638923645019531e+00 1.446614000901798136e+05 1.241946824170641617e-01
1.630000000000000000e+02 1.236864566802978516e+00 1.526290520941326104e+05 3.019609451569520431e-01
1.640000000000000000e+02 1.231388330459594727e+00 1.972850936958638777e+05 1.325892204894246085e+00
1.650000000000000000e+02 1.355369091033935547e+00 1.643808009334965027e+05 5.087280319578341148e-01
1.660000000000000000e+02 1.385836839675903320e+00 1.731045979799298802e+05 6.986055642308757196e-01
1.670000000000000000e+02 1.341351747512817383e+00 1.843976805898180173e+05 9.437842778346879902e-01
1.680000000000000000e+02 1.443601608276367188e+00 2.021144269184480072e+05 1.327829968130762150e+00
1.690000000000000000e+02 1.515173196792602539e+00 2.000671769784406351e+05 1.220955800917297607e+00
1.700000000000000000e+02 1.444056749343872070e+00 3.401957935987944948e+05 4.387125740632167314e+00
1.700000000000000000e+02 2.911310434341430664e+00 2.628537418801044696e+05 0.000000000000000000e+00
1.710000000000000000e+02 1.555343151092529297e+00 1.455057736923591583e+05 0.000000000000000000e+00
1.720000000000000000e+02 1.574223995208740234e+00 1.305462799170249345e+05 -8.873904223098957322e-01
1.730000000000000000e+02 1.598198890686035156e+00 2.374420483159598371e+05 7.978145117806382247e-01
1.740000000000000000e+02 1.600849866867065430e+00 2.573115168580799655e+05 9.602252970587632497e-01
1.750000000000000000e+02 1.627032995223999023e+00 2.184524601574931003e+05 1.841487713454013631e-01
1.760000000000000000e+02 1.649840593338012695e+00 2.054705370634356514e+05 -5.627236352752740950e-02
1.770000000000000000e+02 1.710587739944458008e+00 2.162274651354382804e+05 1.533858353015381815e-01
1.780000000000000000e+02 1.670114278793334961e+00 2.110243529170629918e+05 3.716790041332020122e-02
1.790000000000000000e+02 1.725488901138305664e+00 2.374396117706774967e+05 6.189774491565411818e-01
1.800000000000000000e+02 1.938478708267211914e+00 2.118544114015372179e+05 -8.558341963668947283e-03
1.810000000000000000e+02 2.319834709167480469e+00 4.914532933555187192e+05 6.754673973596794667e+00
1.810000000000000000e+02 9.858608245849609375e-04 3.772087065511922265e+04 0.000000000000000000e+00
1.820000000000000000e+02 7.120757102966308594e-01 5.028236776133657550e+05 1.673031409681966153e+01
1.820000000000000000e+02 7.712841033935546875e-04 5.868445940512889501e+04 0.000000000000000000e+00
1.830000000000000000e+02 1.118312597274780273e+00 3.629427977198215085e+05 6.625094501256104884e+00
1.830000000000000000e+02 7.686614990234375000e-04 5.461357395809082664e+04 0.000000000000000000e+00
1.840000000000000000e+02 3.906550407409667969e-01 2.137596458913597453e+05 3.413966369952468050e+00
1.840000000000000000e+02 8.758580684661865234e-01 2.163268548357357504e+05 0.000000000000000000e+00
1.850000000000000000e+02 4.255023002624511719e-01 1.571848917792889406e+05 0.000000000000000000e+00
1.860000000000000000e+02 3.902065753936767578e-01 1.987822516598686634e+05 2.875769841440619090e-01
1.870000000000000000e+02 4.124243259429931641e-01 1.744597642724488105e+05 -5.367829401588183336e-01
1.880000000000000000e+02 6.057801246643066406e-01 2.463831205588658340e+05 2.286556329332418702e+00
1.890000000000000000e+02 5.381879806518554688e-01 2.636974445920765284e+05 1.860006745533213435e+00
1.900000000000000000e+02 6.768958568572998047e-01 2.305696503433987673e+05 5.139901790670589055e-01
1.910000000000000000e+02 6.467576026916503906e-01 1.754670547633483657e+05 -9.663367640668593106e-01
1.920000000000000000e+02 6.055567264556884766e-01 1.924773483463170414e+05 -4.068651586282171495e-01
1.930000000000000000e+02 6.529352664947509766e-01 1.831638079377400572e+05 -6.432699174922235086e-01
1.940000000000000000e+02 8.020186424255371094e-01 1.714967188050039986e+05 -9.387720351213675318e-01
1.950000000000000000e+02 7.840919494628906250e-01 2.007786557577766071e+05 -3.846528935697178259e-03
1.960000000000000000e+02 6.646952629089355469e-01 1.385714496443340031e+05 -1.915853171833473256e+00
1.970000000000000000e+02 7.199039459228515625e-01 1.643320862923088425e+05 -8.919106400173654192e-01
1.980000000000000000e+02 6.730847358703613281e-01 1.632635545857704710e+05 -8.669560835518795860e-01
1.990000000000000000e+02 9.206821918487548828e-01 1.797826592923846911e+05 -3.443967117896855612e-01
2.000000000000000000e+02 8.311393260955810547e-01 2.162815889171176241e+05 7.458227635304629510e-01
2.010000000000000000e+02 9.798126220703125000e-01 2.284610088899111433e+05 1.078081071860819584e+00
2.020000000000000000e+02 8.456983566284179688e-01 1.859357958470042795e+05 -2.570283535181657752e-01
2.030000000000000000e+02 1.083917856216430664e+00 1.629191284089370456e+05 -9.573946607311522028e-01
2.040000000000000000e+02 1.030322551727294922e+00 1.468204458902699407e+05 -1.409031985189914460e+00
2.050000000000000000e+02 9.447252750396728516e-01 1.567133711400449392e+05 -1.014541312886996893e+00
2.060000000000000000e+02 1.077000141143798828e+00 1.901423501241260383e+05 4.014716360354890490e-02
2.070000000000000000e+02 1.135578393936157227e+00 2.050128820050422510e+05 4.986819028492833761e-01
2.080000000000000000e+02 1.033118963241577148e+00 1.855277628027537430e+05 -1.261337338349049209e-01
2.090000000000000000e+02 1.174263238906860352e+00 2.013314103898063186e+05 3.833524605473002111e-01
2.100000000000000000e+02 1.136415958404541016e+00 1.696263480439702398e+05 -6.599699370854380520e-01
2.110000000000000000e+02 1.105915784835815430e+00 1.756567960355135729e+05 -4.436313744261792258e-01
2.120000000000000000e+02 1.073162794113159180e+00 1.950129488017998519e+05 2.145530506306466967e-01
2.130000000000000000e+02 1.337431192398071289e+00 1.697282425782660721e+05 -6.517220202805500406e-01
2.140000000000000000e+02 1.312915802001953125e+00 1.961378298355053121e+05 2.736737026498662351e-01
2.150000000000000000e+02 1.311280727386474609e+00 2.157406654997160076e+05 9.553164266237715863e-01
2.160000000000000000e+02 1.328764677047729492e+00 1.953323916626391292e+05 2.113812313641083851e-01
2.170000000000000000e+02 1.254136323928833008e+00 2.320236877741295029e+05 1.514729907638584061e+00
2.180000000000000000e+02 1.383569002151489258e+00 1.694566372482096776e+05 -7.441982049732573934e-01
2.190000000000000000e+02 1.465208530426025391e+00 2.263749128791797557e+05 1.276028705860273282e+00
2.200000000000000000e+02 1.423963308334350586e+00 2.729723314645781647e+05 2.857441639568885083e+00
2.210000000000000000e+02 1.540525674819946289e+00 1.879138297156793124e+05 -1.737901796747216288e-01
2.220000000000000000e+02 1.500780105590820312e+00 1.499167095738289936e+05 -1.402498061624527281e+00
2.230000000000000000e+02 1.595961570739746094e+00 1.559122310202263470e+05 -1.158408558678293288e+00
2.240000000000000000e+02 1.540484189987182617e+00 1.744478964656398748e+05 -5.339435007686923473e-01
2.250000000000000000e+02 1.681308269500732422e+00 2.091721509873792238e+05 5.917315335435513468e-01
2.260000000000000000e+02 1.538658142089843750e+00 2.046338777679743362e+05 4.351089243978231713e-01
2.270000000000000000e+02 1.723277807235717773e+00 2.411634746433867258e+05 1.625907252095444067e+00
2.280000000000000000e+02 1.621821641921997070e+00 2.248056675257319002e+05 1.034192750578981412e+00
2.290000000000000000e+02 1.724764585494995117e+00 2.655960936173969531e+05 2.322376469838802304e+00
2.300000000000000000e+02 1.853511571884155273e+00 2.719008509657093091e+05 2.364820587303985810e+00
2.310000000000000000e+02 2.236170530319213867e+00 3.944161598922851263e+05 5.803735330916194535e+00
2.310000000000000000e+02 8.177757263183593750e-04 2.837063659707271290e+04 0.000000000000000000e+00
2.320000000000000000e+02 9.026327133178710938e-01 4.020273434052811353e+05 1.791885462901173653e+01
2.320000000000000000e+02 8.785724639892578125e-04 4.173650298421603657e+04 0.000000000000000000e+00
2.330000000000000000e+02 4.482769966125488281e-01 1.920759000084529107e+05 4.387043399797110332e+00
2.330000000000000000e+02 8.124108314514160156e-01 1.904743349531236454e+05 0.000000000000000000e+00
2.340000000000000000e+02 4.605689048767089844e-01 1.444903429214233765e+05 0.000000000000000000e+00
2.350000000000000000e+02 5.542473793029785156e-01 1.111694123044752050e+05 -1.731874529860816470e+00
2.360000000000000000e+02 5.003910064697265625e-01 1.383677008213045192e+05 -2.597565508081640662e-01
2.370000000000000000e+02 6.610031127929687500e-01 1.477720032721747120e+05 5.001360442737129430e-02
2.380000000000000000e+02 4.646029472351074219e-01 1.626538138595033088e+05 5.679708253534756501e-01
2.390000000000000000e+02 6.243770122528076172e-01 1.290793612846041215e+05 -7.617770519169621002e-01
2.400000000000000000e+02 6.376166343688964844e-01 1.377643400329249271e+05 -3.378503154742258929e-01
2.410000000000000000e+02 1.083163022994995117e+00 8.502678961681566434e+05 2.994127241693905006e+01
2.410000000000000000e+02 8.852481842041015625e-04 3.422806574189849925e+04 0.000000000000000000e+00
2.420000000000000000e+02 8.118772506713867188e-01 9.144635351610782091e+05 3.566190537162828633e+01
2.420000000000000000e+02 7.743835449218750000e-04 4.286956250096471922e+04 0.000000000000000000e+00
2.430000000000000000e+02 9.761300086975097656e-01 8.429951753614860354e+05 2.568804230119491905e+01
2.430000000000000000e+02 8.742809295654296875e-04 4.646167261393303488e+04 0.000000000000000000e+00
2.440000000000000000e+02 1.080330133438110352e+00 7.960828895200081170e+05 2.211007632800015088e+01
2.440000000000000000e+02 7.972717285156250000e-04 5.621634714249507670e+04 0.000000000000000000e+00
2.450000000000000000e+02 4.281632900238037109e-01 2.052765065346355841e+05 3.042743746944089445e+00
2.450000000000000000e+02 9.602777957916259766e-01 2.060892926103306527e+05 0.000000000000000000e+00
2.460000000000000000e+02 3.281867504119873047e-01 1.713969924036133743e+05 0.000000000000000000e+00
2.470000000000000000e+02 3.492071628570556641e-01 1.530907734487565758e+05 -1.453350269438075770e+00
2.480000000000000000e+02 4.118046760559082031e-01 2.285755396370922390e+05 1.921251884769252349e+00
2.490000000000000000e+02 5.777325630187988281e-01 1.942534604529531789e+05 1.315772192399033702e-01
2.500000000000000000e+02 5.519208908081054688e-01 3.141275978416185826e+05 4.190603336667927614e+00
2.500000000000000000e+02 1.166585922241210938e+00 3.199385618531472282e+05 0.000000000000000000e+00
2.510000000000000000e+02 5.357954502105712891e-01 1.512083309302288690e+05 0.000000000000000000e+00
2.520000000000000000e+02 6.905233860015869141e-01 1.486915812520171166e+05 -7.282009354975859106e-01
2.530000000000000000e+02 6.943228244781494141e-01 1.865297459991939832e+05 -2.046140299964275544e-01
2.540000000000000000e+02 5.809195041656494141e-01 1.529298941125970741e+05 -6.025032505249665604e-01
2.550000000000000000e+02 8.058936595916748047e-01 2.062433896192117827e+05 1.963567103835872074e-01
2.560000000000000000e+02 7.547767162322998047e-01 1.887398460752485262e+05 -8.386861014399457637e-02
2.570000000000000000e+02 7.708044052124023438e-01 1.855779349164041923e+05 -1.313234995346045375e-01
2.580000000000000000e+02 7.304699420928955078e-01 2.113370859955620253e+05 3.385063397337141344e-01
2.590000000000000000e+02 8.069937229156494141e-01 1.794168125067117508e+05 -2.888831095773022328e-01
2.600000000000000000e+02 6.955683231353759766e-01 1.813904503515263496e+05 -2.347778315636614432e-01
2.610000000000000000e+02 8.695371150970458984e-01 1.891799859325523721e+05 -5.963883535818334525e-02
2.620000000000000000e+02 8.924365043640136719e-01 1.892581712352056347e+05 -5.559420030009693675e-02
2.630000000000000000e+02 9.953467845916748047e-01 2.115923145943956915e+05 4.636089042000724469e-01
2.640000000000000000e+02 1.031782150268554688e+00 1.615681831148840429e+05 -7.514375606401247909e-01
2.650000000000000000e+02 9.526941776275634766e-01 1.746180042936280079e+05 -3.961341506774780363e-01
2.660000000000000000e+02 1.055361270904541016e+00 2.412415770070778672e+05 1.285963644130412309e+00
2.670000000000000000e+02 1.196421384811401367e+00 2.115727562087255355e+05 4.594392531877853902e-01
2.680000000000000000e+02 1.358755111694335938e+00 2.483320973435444175e+05 1.371518617137008400e+00
2.690000000000000000e+02 1.179677724838256836e+00 2.060285117651414475e+05 2.276144961373713915e-01
2.700000000000000000e+02 1.161276578903198242e+00 1.927072188680530817e+05 -1.155675636352641589e-01
2.710000000000000000e+02 1.194582939147949219e+00 2.090522808836972108e+05 3.117419633378046284e-01
2.720000000000000000e+02 1.076821565628051758e+00 2.046508478865934885e+05 1.873180885000253759e-01
2.730000000000000000e+02 1.235380172729492188e+00 1.996181484710693185e+05 4.654417846726360830e-02
2.740000000000000000e+02 1.291841506958007812e+00 2.568798542542186333e+05 1.635846177842548599e+00
2.750000000000000000e+02 1.203541994094848633e+00 2.653461167400917620e+05 1.749260643935990345e+00
2.760000000000000000e+02 1.360481739044189453e+00 2.008507127442138153e+05 -5.136860396705843906e-02
2.770000000000000000e+02 1.356914043426513672e+00 1.696876828093797958e+05 -8.740792283617484504e-01
2.780000000000000000e+02 1.334093332290649414e+00 1.738227479127483675e+05 -7.371755420224339606e-01
2.790000000000000000e+02 1.421139478683471680e+00 2.161923700383819523e+05 4.171250850641948227e-01
2.800000000000000000e+02 1.448370695114135742e+00 2.401941692526009865e+05 1.061517041659322480e+00
2.810000000000000000e+02 1.527540683746337891e+00 2.632955996948922402e+05 1.652697680983698847e+00
2.820000000000000000e+02 1.438714265823364258e+00 2.308072506604485097e+05 7.009539450041162301e-01
2.830000000000000000e+02 1.439660072326660156e+00 2.051016270202364540e+05 -1.184152470018644341e-04
2.840000000000000000e+02 1.554987430572509766e+00 2.207070246547748393e+05 4.224656453696278291e-01
2.850000000000000000e+02 1.519917488098144531e+00 1.978528216072354699e+05 -2.110608132805941728e-01
2.860000000000000000e+02 1.586146593093872070e+00 2.153780042435969808e+05 2.790877204455278204e-01
2.870000000000000000e+02 1.608812093734741211e+00 1.813066029875172244e+05 -6.843829445058063898e-01
2.880000000000000000e+02 1.693647861480712891e+00 1.790863382049091451e+05 -7.343152202518752336e-01
2.890000000000000000e+02 1.657636404037475586e+00 1.719244571360385453e+05 -9.244620880843360533e-01
2.900000000000000000e+02 1.704631805419921875e+00 1.602429196664462797e+05 -1.237495765925439084e+00
2.910000000000000000e+02 1.704538822174072266e+00 1.720355432241672825e+05 -8.645994671435411894e-01
2.920000000000000000e+02 1.838169336318969727e+00 2.215258673035164829e+05 5.651208419746208689e-01
2.930000000000000000e+02 1.763131141662597656e+00 2.144366103740603139e+05 3.526264893539413081e-01
2.940000000000000000e+02 1.758097171783447266e+00 2.071282407447606092e+05 1.357735916720596847e-01
2.950000000000000000e+02 1.841826438903808594e+00 2.206179336546014820e+05 5.307831683389394595e-01
2.960000000000000000e+02 1.837368965148925781e+00 1.884500284222037299e+05 -4.297819672321501749e-01
2.970000000000000000e+02 1.870388269424438477e+00 2.476975585020236904e+05 1.347140511053122491e+00
2.980000000000000000e+02 1.984830379486083984e+00 2.907616207502709585e+05 2.585460750861217072e+00
2.990000000000000000e+02 1.911028623580932617e+00 2.636072904776723008e+05 1.635443207427674572e+00
