7.938049874598632414e+03
1.000000000000000000e+00 1.942539215087890625e-02 9.591476105419687315e-01 0.000000000000000000e+00
2.000000000000000000e+00 1.635956764221191406e-02 1.297752303148384412e+00 1.218818574849041436e+00
3.000000000000000000e+00 3.606557846069335938e-02 1.918798812477476856e+00 1.755335621958315606e+00
4.000000000000000000e+00 2.040863037109375000e-02 2.431903387945423489e+00 1.746675525102927784e+00
5.000000000000000000e+00 1.616454124450683594e-02 2.997422894248857439e+00 1.810919909522224591e+00
6.000000000000000000e+00 1.610231399536132812e-02 3.619623242927241247e+00 1.881480909158782522e+00
7.000000000000000000e+00 1.613163948059082031e-02 4.267644146864735255e+00 1.916581160195469202e+00
8.000000000000000000e+00 1.613831520080566406e-02 4.699063313211337523e+00 1.765135963809711050e+00
9.000000000000000000e+00 1.615405082702636719e-02 4.877597873303888498e+00 1.533455337898625759e+00
1.000000000000000000e+01 5.741143226623535156e-02 5.073439044102354245e+00 1.419306432524890083e+00
1.100000000000000000e+01 3.431797027587890625e-02 5.297144676065903113e+00 1.368816642623885249e+00
1.200000000000000000e+01 1.845788955688476562e-02 5.703166806580949100e+00 1.442647409580549267e+00
1.300000000000000000e+01 1.621603965759277344e-02 6.155052697566841147e+00 1.526717120463343846e+00
1.400000000000000000e+01 1.621484756469726562e-02 6.517980258794777271e+00 1.545414454505207758e+00
1.500000000000000000e+01 1.622080802917480469e-02 6.890109134699311966e+00 1.567061133258486505e+00
1.600000000000000000e+01 1.621413230895996094e-02 7.111841874303945765e+00 1.514448566308578048e+00
1.700000000000000000e+01 1.621484756469726562e-02 7.412327807491777776e+00 1.514098432870387922e+00
1.800000000000000000e+01 1.624369621276855469e-02 7.789321939545241769e+00 1.550489704776868649e+00
1.900000000000000000e+01 1.628398895263671875e-02 8.685357215925279206e+00 1.803221205898817292e+00
2.000000000000000000e+01 1.649785041809082031e-02 9.871035787237897097e+00 2.108107224518582790e+00
2.000000000000000000e+01 3.289175033569335938e-02 7.039055324386294110e+00 0.000000000000000000e+00
2.100000000000000000e+01 1.499342918395996094e-02 8.024116049132933526e+00 0.000000000000000000e+00
2.200000000000000000e+01 1.635980606079101562e-02 8.578590084462875964e+00 1.503143696523952411e+00
2.300000000000000000e+01 1.875758171081542969e-02 9.879903644096808435e+00 2.564085688378972883e+00
2.300000000000000000e+01 3.506517410278320312e-02 7.290927816070565726e+00 0.000000000000000000e+00
2.400000000000000000e+01 1.632308959960937500e-02 7.872728645154824179e+00 0.000000000000000000e+00
2.500000000000000000e+01 1.637339591979980469e-02 8.345888993799915667e+00 1.857242272200366306e+00
2.600000000000000000e+01 1.654267311096191406e-02 9.061777174577718696e+00 2.318762290546849236e+00
2.600000000000000000e+01 3.285741806030273438e-02 6.855282626787897016e+00 0.000000000000000000e+00
2.700000000000000000e+01 1.635193824768066406e-02 7.866570771510811966e+00 0.000000000000000000e+00
2.800000000000000000e+01 1.633954048156738281e-02 8.729222841446274472e+00 1.913463508770077315e+00
2.900000000000000000e+01 1.638317108154296875e-02 9.421944794390176625e+00 1.711088951202040853e+00
3.000000000000000000e+01 1.639842987060546875e-02 1.031275778030244616e+01 1.888208365760137397e+00
3.100000000000000000e+01 1.640033721923828125e-02 1.105318990431948301e+01 1.800694811861458522e+00
3.200000000000000000e+01 1.643586158752441406e-02 1.188371324663444284e+01 1.830750400410477541e+00
3.300000000000000000e+01 1.861453056335449219e-02 1.271465591143521046e+01 1.836890434013192408e+00
3.400000000000000000e+01 1.642680168151855469e-02 1.330416101633123560e+01 1.714201000536707431e+00
3.500000000000000000e+01 1.646828651428222656e-02 1.384621445356605030e+01 1.635851337842678666e+00
3.600000000000000000e+01 1.645398139953613281e-02 1.446337085478422679e+01 1.629214899582460685e+00
3.700000000000000000e+01 1.647448539733886719e-02 1.514288249171001333e+01 1.654534160993869962e+00
3.800000000000000000e+01 1.647710800170898438e-02 1.592713323924926705e+01 1.712423784978241992e+00
3.900000000000000000e+01 1.652717590332031250e-02 1.654069282866201362e+01 1.691448087537097855e+00
4.000000000000000000e+01 1.653981208801269531e-02 1.701434512338678573e+01 1.633655471496601841e+00
4.100000000000000000e+01 1.656794548034667969e-02 1.752850276247960437e+01 1.608901519737055752e+00
4.200000000000000000e+01 1.660180091857910156e-02 1.812472137087391744e+01 1.617968024105284064e+00
4.300000000000000000e+01 1.658487319946289062e-02 1.877670721308058077e+01 1.642439950702110796e+00
4.400000000000000000e+01 1.657390594482421875e-02 1.946059571270393818e+01 1.670705751035900244e+00
4.500000000000000000e+01 1.898169517517089844e-02 2.001794057683900263e+01 1.659904479937848620e+00
4.600000000000000000e+01 1.899886131286621094e-02 2.042693920945042052e+01 1.615810132838231272e+00
4.700000000000000000e+01 1.659440994262695312e-02 2.099020366045805730e+01 1.620234831711023338e+00
4.800000000000000000e+01 1.655912399291992188e-02 2.168773250628022708e+01 1.656105099136422787e+00
4.900000000000000000e+01 2.039813995361328125e-02 2.225790635709539345e+01 1.656612597294342182e+00
5.000000000000000000e+01 3.985047340393066406e-02 2.280119074062108808e+01 1.651931859350868503e+00
5.100000000000000000e+01 2.158236503601074219e-02 2.317241252900045012e+01 1.612796727632515914e+00
5.200000000000000000e+01 1.839947700500488281e-02 2.351880428650854071e+01 1.576799254346490153e+00
5.300000000000000000e+01 1.674795150756835938e-02 2.391557391167843249e+01 1.558030444839855866e+00
5.400000000000000000e+01 1.674342155456542969e-02 2.316666160085104664e+01 1.321288592514908711e+00
5.500000000000000000e+01 2.067422866821289062e-02 1.323063500721948671e+01 -6.419332406589921547e-01
5.600000000000000000e+01 3.956627845764160156e-02 9.338254181193535786e+00 -1.380151240814734281e+00
5.700000000000000000e+01 2.078604698181152344e-02 8.107752777752732953e+00 -1.552036464113238257e+00
5.800000000000000000e+01 1.673340797424316406e-02 7.336387720508257715e+00 -1.616321354782599862e+00
5.900000000000000000e+01 1.666188240051269531e-02 6.663971167185803068e+00 -1.653813862585995054e+00
6.000000000000000000e+01 1.583623886108398438e-02 6.014907322306725312e+00 -1.681982573703401984e+00
6.100000000000000000e+01 1.684117317199707031e-02 6.076563306685534016e+00 -1.582763085610595200e+00
6.200000000000000000e+01 1.698946952819824219e-02 6.258803923059858221e+00 -1.477154588481428554e+00
6.300000000000000000e+01 1.680016517639160156e-02 6.579269512622080818e+00 -1.361601996920034363e+00
6.400000000000000000e+01 1.685357093811035156e-02 6.955449234747538512e+00 -1.249187818387162530e+00
6.500000000000000000e+01 1.899838447570800781e-02 7.634046650534288325e+00 -1.097125924672320174e+00
6.600000000000000000e+01 1.678609848022460938e-02 8.197669941692609541e+00 -9.746890485720874908e-01
6.700000000000000000e+01 4.298782348632812500e-02 8.930082057916937543e+00 -8.312988729154958678e-01
6.800000000000000000e+01 5.100536346435546875e-02 9.538610297065368115e+00 -7.142379146433083248e-01
6.900000000000000000e+01 3.548574447631835938e-02 1.037559618537328809e+01 -5.627582302850110407e-01
7.000000000000000000e+01 2.402544021606445312e-02 1.090276465596904565e+01 -4.661313765201806070e-01
7.100000000000000000e+01 1.687264442443847656e-02 1.157283506517701355e+01 -3.466449966466610411e-01
7.200000000000000000e+01 1.974844932556152344e-02 1.217062451779212928e+01 -2.404336528369835635e-01
7.300000000000000000e+01 1.693725585937500000e-02 1.284403174691325589e+01 -1.216124101017730247e-01
7.400000000000000000e+01 1.694536209106445312e-02 1.367097207756540378e+01 2.381166925213430013e-02
7.500000000000000000e+01 1.693058013916015625e-02 1.450401278593578702e+01 1.703307264600085746e-01
7.600000000000000000e+01 1.696562767028808594e-02 1.552735414933239255e+01 3.507022911065523774e-01
7.700000000000000000e+01 1.697874069213867188e-02 1.650631011492099631e+01 5.226425121540154706e-01
7.800000000000000000e+01 1.690912246704101562e-02 1.743546011258440487e+01 6.843320829632458802e-01
7.900000000000000000e+01 1.750159263610839844e-02 1.821230827219946491e+01 8.161530533657467279e-01
8.000000000000000000e+01 1.742339134216308594e-02 1.852487103913784594e+01 8.606727565365924759e-01
8.100000000000000000e+01 1.765513420104980469e-02 1.881041647174746956e+01 8.993750142099529166e-01
8.200000000000000000e+01 1.759767532348632812e-02 1.915787005415342392e+01 9.486174073625208703e-01
8.300000000000000000e+01 1.766967773437500000e-02 1.931969011775008482e+01 9.626142902898263687e-01
8.400000000000000000e+01 1.772689819335937500e-02 1.908406418631271251e+01 9.035187319240709503e-01
8.500000000000000000e+01 4.721760749816894531e-02 1.875927773029322054e+01 8.300156980146380370e-01
8.600000000000000000e+01 2.843832969665527344e-02 1.839250778992291302e+01 7.508142994287299032e-01
8.700000000000000000e+01 2.019095420837402344e-02 1.800916462778047844e+01 6.703361849190693222e-01
8.800000000000000000e+01 1.851749420166015625e-02 1.776180764622116470e+01 6.165839287750162212e-01
8.900000000000000000e+01 1.705527305603027344e-02 1.761197353645825814e+01 5.818910433660423598e-01
9.000000000000000000e+01 1.918363571166992188e-02 1.731119689279451279e+01 5.193635409619646870e-01
9.100000000000000000e+01 1.854038238525390625e-02 1.674020448651657489e+01 4.064709775154326521e-01
9.200000000000000000e+01 1.949381828308105469e-02 1.613763434824152299e+01 2.883484845151313980e-01
9.300000000000000000e+01 1.883935928344726562e-02 1.551706110013921247e+01 1.672216783229387715e-01
9.400000000000000000e+01 1.808357238769531250e-02 1.504675097500241066e+01 7.526164469458199169e-02
9.500000000000000000e+01 1.702260971069335938e-02 1.431266506244496028e+01 -6.791228423749456899e-02
9.600000000000000000e+01 1.873803138732910156e-02 1.374247944936439403e+01 -1.790241869103817440e-01
9.700000000000000000e+01 1.705503463745117188e-02 1.309875905333102430e+01 -3.046028136297715405e-01
9.800000000000000000e+01 2.167725563049316406e-02 1.235569976164372719e+01 -4.497030448911747968e-01
9.900000000000000000e+01 2.180910110473632812e-02 1.170298027599345581e+01 -5.762260528099764079e-01
1.000000000000000000e+02 3.563880920410156250e-02 1.117188851094567426e+01 -6.775028171157059242e-01
1.010000000000000000e+02 3.113484382629394531e-02 1.098937025191638384e+01 -7.076657604288342229e-01
1.020000000000000000e+02 1.714920997619628906e-02 1.052426934246600787e+01 -7.945878254931761919e-01
1.030000000000000000e+02 1.769042015075683594e-02 1.003524704301707260e+01 -8.851601166832175904e-01
1.040000000000000000e+02 4.176020622253417969e-02 9.599746101288646472e+00 -9.633415286273362410e-01
1.050000000000000000e+02 1.863169670104980469e-02 9.550643597946933738e+00 -9.616127076310624355e-01
1.060000000000000000e+02 1.718878746032714844e-02 9.538772489430604296e+00 -9.525229585967894819e-01
1.070000000000000000e+02 1.858735084533691406e-02 9.316347266078160771e+00 -9.865211616362391522e-01
1.080000000000000000e+02 1.883602142333984375e-02 8.958823421978511448e+00 -1.047307835447646829e+00
1.090000000000000000e+02 1.726746559143066406e-02 8.633304535134231017e+00 -1.100215905149849904e+00
1.100000000000000000e+02 1.760029792785644531e-02 8.774509174834216552e+00 -1.057217232539989782e+00
1.110000000000000000e+02 1.940035820007324219e-02 8.835441778080749486e+00 -1.031787704320512145e+00
1.120000000000000000e+02 1.824545860290527344e-02 8.921261651288357797e+00 -1.002099458977334656e+00
1.130000000000000000e+02 1.726102828979492188e-02 8.801599830681167802e+00 -1.014854721631526235e+00
1.140000000000000000e+02 1.801371574401855469e-02 8.439548440452840694e+00 -1.076524498631654669e+00
1.150000000000000000e+02 1.880478858947753906e-02 8.210218645440747309e+00 -1.109943231696394639e+00
1.160000000000000000e+02 1.723337173461914062e-02 8.063375343885450519e+00 -1.125938476746479955e+00
1.170000000000000000e+02 1.771068572998046875e-02 8.103747332552654115e+00 -1.103852493296904713e+00
1.180000000000000000e+02 1.727843284606933594e-02 8.071838249805081134e+00 -1.097056167986902864e+00
1.190000000000000000e+02 1.839447021484375000e-02 7.783996465357268413e+00 -1.142092233345593622e+00
1.200000000000000000e+02 1.866173744201660156e-02 7.619923915763354927e+00 -1.161164963422050000e+00
1.210000000000000000e+02 1.903676986694335938e-02 7.620149685218493119e+00 -1.146860409220231025e+00
1.220000000000000000e+02 1.969075202941894531e-02 7.638214600694412049e+00 -1.129497381469960038e+00
1.230000000000000000e+02 1.810836791992187500e-02 7.632266741407795152e+00 -1.117517295139081934e+00
1.240000000000000000e+02 1.897239685058593750e-02 7.544064725214713718e+00 -1.122396468623405807e+00
1.250000000000000000e+02 1.926279067993164062e-02 7.439733472201742970e+00 -1.130484460006903280e+00
1.260000000000000000e+02 1.794958114624023438e-02 7.241767919799200648e+00 -1.157141976077932233e+00
1.270000000000000000e+02 1.902580261230468750e-02 7.175924411116882951e+00 -1.156926402286192479e+00
1.280000000000000000e+02 1.903915405273437500e-02 7.219044595555220489e+00 -1.135176311251560488e+00
1.290000000000000000e+02 1.687002182006835938e-02 7.183684497177903694e+00 -1.129652441702048593e+00
1.300000000000000000e+02 1.746749877929687500e-02 7.294472516997668521e+00 -1.095407081552822959e+00
1.310000000000000000e+02 1.752257347106933594e-02 7.254377861421721363e+00 -1.091930505037477683e+00
1.320000000000000000e+02 1.819300651550292969e-02 7.163896675495299959e+00 -1.098595471423799097e+00
1.330000000000000000e+02 1.978063583374023438e-02 7.118248652903147011e+00 -1.096346371383881246e+00
1.340000000000000000e+02 1.750826835632324219e-02 7.016535262770919879e+00 -1.105310559517169722e+00
1.350000000000000000e+02 1.748561859130859375e-02 7.052356582187746525e+00 -1.087038453365754886e+00
1.360000000000000000e+02 1.748895645141601562e-02 7.036705273846950881e+00 -1.079397661777653283e+00
1.370000000000000000e+02 1.742577552795410156e-02 7.116969967831658472e+00 -1.053113414339762688e+00
1.380000000000000000e+02 1.752567291259765625e-02 7.003688497105549082e+00 -1.065546904512415516e+00
1.390000000000000000e+02 1.875066757202148438e-02 6.839975708413230215e+00 -1.087739476419003148e+00
1.400000000000000000e+02 3.505516052246093750e-02 6.963385027135006844e+00 -1.053110587703683709e+00
1.410000000000000000e+02 3.529477119445800781e-02 7.146276430331885088e+00 -1.007555125755967396e+00
1.420000000000000000e+02 8.000493049621582031e-02 7.580777853497973950e+00 -9.134524235368692846e-01
1.430000000000000000e+02 3.624725341796875000e-02 8.101507540560863418e+00 -8.039091567915865877e-01
1.440000000000000000e+02 3.386092185974121094e-02 8.754276002248436939e+00 -6.697463863459962585e-01
1.450000000000000000e+02 1.825428009033203125e-02 9.547849149516597578e+00 -5.090063209852910830e-01
1.460000000000000000e+02 1.832008361816406250e-02 1.001169389754005579e+01 -4.144810694467695456e-01
1.470000000000000000e+02 2.238631248474121094e-02 1.080077128884982152e+01 -2.556599523523405137e-01
1.480000000000000000e+02 4.579210281372070312e-02 1.155325689907207476e+01 -1.044170546133685595e-01
1.490000000000000000e+02 1.830053329467773438e-02 1.230914357372474122e+01 4.743603379595675434e-02
1.500000000000000000e+02 2.466177940368652344e-02 1.311959600212446375e+01 2.102658075040020891e-01
1.510000000000000000e+02 2.575182914733886719e-02 1.408706948955470928e+01 4.047518514233520159e-01
1.520000000000000000e+02 1.817655563354492188e-02 1.511870239938710903e+01 6.119076653443574765e-01
1.530000000000000000e+02 6.307268142700195312e-02 1.636573315569748388e+01 8.618992191141157111e-01
1.540000000000000000e+02 4.241967201232910156e-02 1.767714805078118090e+01 1.122695644446362051e+00
1.550000000000000000e+02 3.541707992553710938e-02 1.892123801623396062e+01 1.365610582926755079e+00
1.560000000000000000e+02 3.676342964172363281e-02 2.031505000861683641e+01 1.632851405552433688e+00
1.570000000000000000e+02 3.563952445983886719e-02 2.144958973243268474e+01 1.838484231261972690e+00
1.580000000000000000e+02 3.627490997314453125e-02 2.254042564977208585e+01 2.025897559801437264e+00
1.580000000000000000e+02 7.132387161254882812e-02 2.097795318430301492e+01 0.000000000000000000e+00
1.590000000000000000e+02 2.236819267272949219e-02 2.216001002270294507e+01 0.000000000000000000e+00
1.600000000000000000e+02 1.787233352661132812e-02 2.335854723314855974e+01 2.141037471283813609e+00
1.600000000000000000e+02 3.553032875061035156e-02 2.182704463576903109e+01 0.000000000000000000e+00
1.610000000000000000e+02 1.760530471801757812e-02 2.256450060191182061e+01 0.000000000000000000e+00
1.620000000000000000e+02 2.026486396789550781e-02 2.339149044152098256e+01 2.293018755344440329e+00
1.620000000000000000e+02 3.791403770446777344e-02 2.184773784754201742e+01 0.000000000000000000e+00
1.630000000000000000e+02 1.765561103820800781e-02 2.249251919854454229e+01 0.000000000000000000e+00
1.640000000000000000e+02 1.652550697326660156e-02 2.311951972931132104e+01 2.082321267224057859e+00
1.640000000000000000e+02 3.436088562011718750e-02 2.157175383343560071e+01 0.000000000000000000e+00
1.650000000000000000e+02 1.776385307312011719e-02 2.217211352924076095e+01 0.000000000000000000e+00
1.660000000000000000e+02 2.305793762207031250e-02 2.275414606481105295e+01 2.078148693721997287e+00
1.660000000000000000e+02 4.079699516296386719e-02 2.124719274375161859e+01 0.000000000000000000e+00
1.670000000000000000e+02 1.784825325012207031e-02 2.157682594600591841e+01 0.000000000000000000e+00
1.680000000000000000e+02 1.774287223815917969e-02 2.156500353655816227e+01 6.563855198979284822e-01
1.690000000000000000e+02 1.772689819335937500e-02 2.175311346493475284e+01 1.551415434594494158e+00
1.700000000000000000e+02 2.019691467285156250e-02 2.181256425769188567e+01 1.315444059639575558e+00
1.710000000000000000e+02 1.776409149169921875e-02 2.174606442897743008e+01 7.035653282865275138e-01
1.720000000000000000e+02 1.681947708129882812e-02 2.168104916199452603e+01 3.102232003668597415e-01
1.730000000000000000e+02 1.782059669494628906e-02 2.187843597900112869e+01 1.324344920480064358e+00
1.740000000000000000e+02 1.804041862487792969e-02 2.208770983565065293e+01 2.175055101709757022e+00
1.740000000000000000e+02 3.585863113403320312e-02 2.025588023060045018e+01 0.000000000000000000e+00
1.750000000000000000e+02 1.783156394958496094e-02 2.064760991775482779e+01 0.000000000000000000e+00
1.760000000000000000e+02 1.783776283264160156e-02 2.087225913943527544e+01 1.518130266245633297e+00
1.770000000000000000e+02 1.781630516052246094e-02 2.077525252813859069e+01 5.877272171687880631e-01
1.780000000000000000e+02 1.783347129821777344e-02 2.041952460769849154e+01 -8.061763075428572956e-01
1.790000000000000000e+02 1.784825325012207031e-02 1.991173912885679442e+01 -2.687224330838970943e+00
1.800000000000000000e+02 2.005267143249511719e-02 1.960976753591097577e+01 -2.422212809221522267e+00
1.810000000000000000e+02 1.790118217468261719e-02 1.946550553613745294e+01 -1.916328315401695459e+00
1.820000000000000000e+02 1.788830757141113281e-02 1.912331469383389049e+01 -2.103440743148651482e+00
1.830000000000000000e+02 1.786351203918457031e-02 1.852297564809714103e+01 -2.562677131132157005e+00
1.840000000000000000e+02 1.784396171569824219e-02 1.801654938166900166e+01 -2.508789549588337220e+00
1.850000000000000000e+02 1.790094375610351562e-02 1.749881130506623350e+01 -2.430432684047006298e+00
1.860000000000000000e+02 1.802182197570800781e-02 1.712746295878969249e+01 -2.215697746548504821e+00
1.870000000000000000e+02 2.063560485839843750e-02 1.700306915550241271e+01 -1.896002287937361919e+00
1.880000000000000000e+02 3.330421447753906250e-02 1.639248521147096582e+01 -2.064824489972478361e+00
1.890000000000000000e+02 3.711891174316406250e-02 1.593424066108167381e+01 -2.052512634249379353e+00
1.900000000000000000e+02 3.810286521911621094e-02 1.580725501978582592e+01 -1.835690707446399506e+00
1.910000000000000000e+02 2.369356155395507812e-02 1.593999866301523838e+01 -1.546009540935057380e+00
1.920000000000000000e+02 1.799058914184570312e-02 1.617469389426122106e+01 -1.280677169238610524e+00
1.930000000000000000e+02 1.802778244018554688e-02 1.634146580532792115e+01 -1.105253301285246348e+00
1.940000000000000000e+02 1.803398132324218750e-02 1.639777642683958447e+01 -1.015398147200236023e+00
1.950000000000000000e+02 1.804494857788085938e-02 1.667789837509985773e+01 -8.172551364552134157e-01
1.960000000000000000e+02 2.491402626037597656e-02 1.709491955995229873e+01 -5.613264629731166133e-01
1.970000000000000000e+02 1.806187629699707031e-02 1.757625962758837446e+01 -2.810221520772318571e-01
1.980000000000000000e+02 4.045462608337402344e-02 1.809929150971595035e+01 1.861885684271047045e-02
1.990000000000000000e+02 4.638266563415527344e-02 1.864478723067211874e+01 3.309582658125448940e-01
2.000000000000000000e+02 1.918411254882812500e-02 1.904870089971011282e+01 5.598779939419142870e-01
2.010000000000000000e+02 1.818633079528808594e-02 1.932154316475639888e+01 7.079919827900539309e-01
2.020000000000000000e+02 1.817035675048828125e-02 1.936566498596001296e+01 7.156975393484743542e-01
2.030000000000000000e+02 1.803493499755859375e-02 1.957422617014287880e+01 8.231016693097948922e-01
2.040000000000000000e+02 1.804351806640625000e-02 1.935118415888246446e+01 6.651417191841867416e-01
2.050000000000000000e+02 1.815199851989746094e-02 1.940074179766595464e+01 6.802625393255625763e-01
2.060000000000000000e+02 1.813769340515136719e-02 1.933209049065231611e+01 6.225213026532664395e-01
2.070000000000000000e+02 4.282689094543457031e-02 1.997855811158028416e+01 1.013104670147776609e+00
2.080000000000000000e+02 1.808023452758789062e-02 2.028931327585416255e+01 1.177323447382768062e+00
2.090000000000000000e+02 1.808190345764160156e-02 2.080319751587883914e+01 1.457023516419472697e+00
2.100000000000000000e+02 1.275110244750976562e-02 2.138009466839151429e+01 1.748426984038810472e+00
2.110000000000000000e+02 1.237201690673828125e-02 2.155614100223476015e+01 1.761220625076372226e+00
2.120000000000000000e+02 1.283001899719238281e-02 2.227101573243298560e+01 2.084536941996492754e+00
2.120000000000000000e+02 2.568459510803222656e-02 2.134561286241253697e+01 0.000000000000000000e+00
2.130000000000000000e+02 1.317548751831054688e-02 2.157538347170076420e+01 0.000000000000000000e+00
2.140000000000000000e+02 1.289224624633789062e-02 2.150267036464796533e+01 2.595653724968084441e-01
2.150000000000000000e+02 1.277804374694824219e-02 2.142977045261040914e+01 -3.813541575440857478e-01
2.160000000000000000e+02 1.264214515686035156e-02 2.164456997753042700e+01 1.840320289795848385e+00
2.170000000000000000e+02 3.297054767608642578e-01 2.222506327319517538e+01 6.166774437269110010e+00
2.170000000000000000e+02 6.778240203857421875e-04 2.490640494623236556e+00 0.000000000000000000e+00
2.180000000000000000e+02 1.664686203002929688e-02 3.024123243562075736e+00 -4.041893025419567853e-01
2.190000000000000000e+02 1.608371734619140625e-02 3.064473011278638470e+00 -3.311072307903017986e-01
2.200000000000000000e+02 3.551349639892578125e-01 5.572261622198957411e+02 5.069304639185564838e+02
2.200000000000000000e+02 7.543563842773437500e-04 2.700402863484848925e+00 0.000000000000000000e+00
2.210000000000000000e+02 3.401830196380615234e-01 5.571309712495910844e+02 2.896507653009078354e+02
2.210000000000000000e+02 3.592967987060546875e-04 8.571036998223551251e+00 0.000000000000000000e+00
2.220000000000000000e+02 1.671266555786132812e-02 6.128370031556057640e+00 -1.110144681190700533e+00
2.230000000000000000e+02 1.619529724121093750e-02 5.779816042187441383e+00 -8.357493789663003048e-01
2.240000000000000000e+02 1.621913909912109375e-02 5.570469723876117385e+00 -7.228455570388563345e-01
2.250000000000000000e+02 2.529430389404296875e-02 5.356722395374002410e+00 -6.691601006188598877e-01
2.260000000000000000e+02 1.644730567932128906e-02 5.185596797291060156e+00 -6.335730986024201705e-01
2.270000000000000000e+02 1.617932319641113281e-02 5.340238654016030040e+00 -5.396991584970818323e-01
2.280000000000000000e+02 5.749130249023437500e-02 5.206653619519387988e+00 -5.322226723743296306e-01
2.290000000000000000e+02 2.980017662048339844e-02 5.143737903770828623e+00 -5.130441206278302246e-01
2.300000000000000000e+02 1.629400253295898438e-02 5.347057248876898150e+00 -4.280981937772651014e-01
2.310000000000000000e+02 1.630020141601562500e-02 5.341960987660974602e+00 -4.079150453209872129e-01
2.320000000000000000e+02 1.726460456848144531e-02 5.295325212258782166e+00 -4.028206007373046349e-01
2.330000000000000000e+02 1.625323295593261719e-02 5.476844710713722364e+00 -3.308151288640601151e-01
2.340000000000000000e+02 1.627206802368164062e-02 5.909409383298814156e+00 -1.826980939413864469e-01
2.350000000000000000e+02 1.631116867065429688e-02 5.972688207340184796e+00 -1.561697382559645020e-01
2.360000000000000000e+02 1.628541946411132812e-02 6.924999232547705219e+00 1.688048541552672199e-01
2.370000000000000000e+02 1.654577255249023438e-02 7.752935054260573722e+00 4.512188861894069203e-01
2.380000000000000000e+02 1.632308959960937500e-02 8.393509282075482858e+00 6.643952755347977135e-01
2.390000000000000000e+02 1.755023002624511719e-02 8.808344938890767750e+00 7.897833660315662918e-01
2.400000000000000000e+02 1.664614677429199219e-02 9.398128996975223970e+00 9.739538035006337635e-01
2.410000000000000000e+02 1.765871047973632812e-02 9.619450047138009552e+00 1.010880691339726800e+00
2.420000000000000000e+02 4.435348510742187500e-02 9.780454061547038336e+00 1.024497993956858588e+00
2.430000000000000000e+02 3.990626335144042969e-02 1.014665060199797963e+01 1.114050526910893124e+00
2.440000000000000000e+02 3.900718688964843750e-02 1.054514856742276585e+01 1.208685680758448067e+00
2.450000000000000000e+02 2.546310424804687500e-02 1.109616528260420232e+01 1.350145189012290414e+00
2.460000000000000000e+02 2.319574356079101562e-02 1.151945128266285678e+01 1.430035523069378867e+00
2.470000000000000000e+02 3.047490119934082031e-02 1.211304372690583264e+01 1.559922030216265298e+00
2.480000000000000000e+02 2.466297149658203125e-02 1.288545896354285603e+01 1.731980724711742692e+00
2.490000000000000000e+02 2.557539939880371094e-02 1.326684977584941549e+01 1.744471201100102897e+00
2.500000000000000000e+02 1.655483245849609375e-02 1.368100659740487934e+01 1.765138984711610570e+00
2.510000000000000000e+02 1.859021186828613281e-02 1.420890613173467365e+01 1.817157894583982136e+00
2.520000000000000000e+02 1.684045791625976562e-02 1.402680943068657804e+01 1.646545062928371550e+00
2.530000000000000000e+02 1.664710044860839844e-02 1.350619423767876270e+01 1.405420052966961375e+00
2.540000000000000000e+02 1.643013954162597656e-02 1.306881190067674403e+01 1.219488721091943173e+00
2.550000000000000000e+02 1.645517349243164062e-02 1.258519050829694663e+01 1.038527095014821100e+00
2.560000000000000000e+02 2.437758445739746094e-02 1.207237708755864247e+01 8.622763642996569278e-01
2.570000000000000000e+02 1.714897155761718750e-02 1.176131511415684372e+01 7.528823713233527837e-01
2.580000000000000000e+02 1.769590377807617188e-02 1.116613081633490445e+01 5.655799899470913550e-01
2.590000000000000000e+02 1.654219627380371094e-02 1.074502120096832769e+01 4.333475310447814088e-01
2.600000000000000000e+02 3.022336959838867188e-02 1.091266656022968107e+01 4.764130738933328169e-01
2.610000000000000000e+02 3.534078598022460938e-02 1.128291992130882981e+01 5.795714083784956339e-01
2.620000000000000000e+02 2.263140678405761719e-02 1.144398614983637508e+01 6.187983011832999258e-01
2.630000000000000000e+02 1.834249496459960938e-02 1.144999138819754592e+01 6.107784312498690804e-01
2.640000000000000000e+02 1.656723022460937500e-02 1.132692419728354949e+01 5.638717645032774728e-01
2.650000000000000000e+02 1.652884483337402344e-02 1.112236146319181529e+01 4.929084974401596875e-01
2.660000000000000000e+02 1.712965965270996094e-02 1.084153911561504025e+01 3.993767031392140843e-01
2.670000000000000000e+02 1.734614372253417969e-02 1.059455102584531083e+01 3.173266060297060265e-01
2.680000000000000000e+02 1.665925979614257812e-02 1.017265722748202528e+01 1.806064676701512883e-01
2.690000000000000000e+02 1.658797264099121094e-02 9.848224009018077041e+00 7.530611189876688927e-02
2.700000000000000000e+02 1.658415794372558594e-02 9.608972404110305732e+00 -2.496437396113428304e-03
2.710000000000000000e+02 1.657843589782714844e-02 9.301861988217753563e+00 -1.023890497917842729e-01
2.720000000000000000e+02 3.290152549743652344e-02 8.865105057798446708e+00 -2.449045162544962739e-01
2.730000000000000000e+02 3.269290924072265625e-02 8.813252081099854252e+00 -2.596805998885245992e-01
2.740000000000000000e+02 2.174210548400878906e-02 8.487195725286134973e+00 -3.662202925980993506e-01
2.750000000000000000e+02 1.660966873168945312e-02 8.414852226324233797e+00 -3.868854351088938937e-01
2.760000000000000000e+02 1.668047904968261719e-02 8.614486235580431028e+00 -3.151042349094537731e-01
2.770000000000000000e+02 2.204537391662597656e-02 8.611566894430373154e+00 -3.131014409346481453e-01
2.780000000000000000e+02 1.666927337646484375e-02 8.493514305572816170e+00 -3.509484281160101804e-01
2.790000000000000000e+02 2.573490142822265625e-02 8.752025882749586927e+00 -2.576669036060820761e-01
2.800000000000000000e+02 1.772284507751464844e-02 8.840007874722696002e+00 -2.245352126145918614e-01
2.810000000000000000e+02 1.827096939086914062e-02 8.812924307615624286e+00 -2.322029761878808274e-01
2.820000000000000000e+02 1.684236526489257812e-02 8.678622007792210269e+00 -2.781225702473143491e-01
2.830000000000000000e+02 1.668620109558105469e-02 8.860672522321047850e+00 -2.103913914858576706e-01
2.840000000000000000e+02 1.804041862487792969e-02 9.106840033330211526e+00 -1.196105004013387624e-01
2.850000000000000000e+02 1.672220230102539062e-02 9.200368169780784200e+00 -8.457812897588644352e-02
2.860000000000000000e+02 1.672554016113281250e-02 9.110172461000333399e+00 -1.170890255284808695e-01
2.870000000000000000e+02 1.668381690979003906e-02 9.165413455526177700e+00 -9.575756429679530002e-02
2.880000000000000000e+02 2.240109443664550781e-02 9.216671575601026234e+00 -7.593220020401554582e-02
2.890000000000000000e+02 1.907610893249511719e-02 9.272627671134671345e+00 -5.435519486354713214e-02
2.900000000000000000e+02 2.123117446899414062e-02 9.422248096139817619e+00 2.671832429213525251e-03
2.910000000000000000e+02 3.348112106323242188e-02 9.551102184296908604e+00 5.178579513552421243e-02
2.920000000000000000e+02 2.646708488464355469e-02 9.766989065929999825e+00 1.343319061193465336e-01
2.930000000000000000e+02 1.924037933349609375e-02 9.741001356085430274e+00 1.233564706476208972e-01
2.940000000000000000e+02 3.389978408813476562e-02 9.612887080126203188e+00 7.264496869465118800e-02
2.950000000000000000e+02 4.088127613067626953e-01 7.552109590134263044e+02 2.922986316817040233e+02
2.950000000000000000e+02 2.787113189697265625e-04 1.792604603312654143e+00 0.000000000000000000e+00
2.960000000000000000e+02 2.213633060455322266e-01 5.594873736404742885e+02 4.392669424761916730e+02
2.960000000000000000e+02 2.481937408447265625e-04 1.110872862455237753e+00 0.000000000000000000e+00
2.970000000000000000e+02 1.607561111450195312e-02 1.690197800227647873e+00 3.041162592253292621e-02
2.980000000000000000e+02 1.608157157897949219e-02 1.397908586236391137e+00 -4.974077445555835641e-01
2.990000000000000000e+02 1.607060432434082031e-02 1.593318127356068370e+00 -2.501553227971055338e-02
