8.116544407543471607e+03
1.000000000000000000e+00 2.929210662841796875e-03 1.044391262054882086e+00 0.000000000000000000e+00
2.000000000000000000e+00 2.357959747314453125e-03 1.106148706139885807e+00 7.926450512580260899e-01
3.000000000000000000e+00 2.439022064208984375e-03 1.942350924366883724e+00 2.002463883836544500e+00
3.000000000000000000e+00 4.952192306518554688e-03 2.267304522220236151e+00 0.000000000000000000e+00
4.000000000000000000e+00 2.363443374633789062e-03 1.592119526723709821e+00 0.000000000000000000e+00
5.000000000000000000e+00 2.233505249023437500e-03 1.114759935585010853e+00 -1.706963727682771381e+00
6.000000000000000000e+00 2.203702926635742188e-03 1.048498109627493902e+00 -1.052613541180705159e+00
7.000000000000000000e+00 2.227783203125000000e-03 1.157538043824192453e+00 -6.188504450780788479e-01
8.000000000000000000e+00 2.225637435913085938e-03 1.410390633036149755e+00 -5.015792619351659709e-02
9.000000000000000000e+00 2.089500427246093750e-03 1.480141527870229234e+00 1.057157194239756320e-01
1.000000000000000000e+01 2.090454101562500000e-03 1.635700619259891742e+00 4.712214572478805596e-01
1.100000000000000000e+01 2.111673355102539062e-03 1.879730117611661200e+00 1.058764370621742223e+00
1.200000000000000000e+01 2.108812332153320312e-03 2.275167074532960854e+00 1.946964233868248462e+00
1.300000000000000000e+01 1.983165740966796875e-03 2.467423238556340159e+00 1.990338537090806215e+00
1.400000000000000000e+01 1.842737197875976562e-03 2.391789280471854795e+00 1.459690202704220674e+00
1.500000000000000000e+01 1.699924468994140625e-03 2.427041163424013881e+00 1.351629516264125641e+00
1.600000000000000000e+01 1.617908477783203125e-03 2.447688494077796761e+00 1.252193964448963914e+00
1.700000000000000000e+01 1.653909683227539062e-03 2.711592937209944765e+00 1.629779334183123707e+00
1.800000000000000000e+01 1.699686050415039062e-03 3.102255181192914435e+00 2.132091667393676282e+00
1.800000000000000000e+01 3.438949584960937500e-03 2.172813169560603441e+00 0.000000000000000000e+00
1.900000000000000000e+01 1.215219497680664062e-03 3.497980732620623368e+00 0.000000000000000000e+00
2.000000000000000000e+01 1.228094100952148438e-03 4.075375584811018470e+00 1.323300275182507590e+00
2.100000000000000000e+01 1.186609268188476562e-03 4.444419918455021268e+00 1.225770422727865627e+00
2.200000000000000000e+01 1.786541938781738281e-02 4.074598575645689280e+00 5.291309780110067251e-01
2.300000000000000000e+01 1.132798194885253906e-02 4.478455718054180856e+00 9.232096777589360315e-01
2.400000000000000000e+01 3.834009170532226562e-03 4.196170124303746363e+00 4.673550178284074375e-01
2.500000000000000000e+01 1.080274581909179688e-03 3.919171005226592897e+00 8.753118627242829908e-02
2.600000000000000000e+01 1.153707504272460938e-03 3.939766678610051365e+00 1.102354781652420262e-01
2.700000000000000000e+01 1.037597656250000000e-03 4.185881439198626985e+00 4.564160082752837244e-01
2.800000000000000000e+01 1.044750213623046875e-03 4.191326205866841015e+00 4.388333182077349126e-01
2.900000000000000000e+01 1.201176643371582031e-02 4.159664386249449564e+00 3.669579964529224303e-01
3.000000000000000000e+01 9.958744049072265625e-04 4.336755080855925648e+00 6.394133359246491066e-01
3.100000000000000000e+01 1.040458679199218750e-03 4.454638800933194531e+00 8.035796027349572102e-01
3.200000000000000000e+01 9.853839874267578125e-04 4.701147453445764235e+00 1.177275483671731404e+00
3.300000000000000000e+01 1.163959503173828125e-03 4.891971178745619042e+00 1.408703548377193915e+00
3.400000000000000000e+01 1.002788543701171875e-03 4.858835002007858783e+00 1.230086419730288316e+00
3.500000000000000000e+01 1.002550125122070312e-02 4.911027243666331366e+00 1.227022795382208598e+00
3.600000000000000000e+01 9.608268737792968750e-04 5.021576465798613498e+00 1.321200450480132238e+00
3.700000000000000000e+01 9.634494781494140625e-04 5.196138544979191920e+00 1.503256016264859385e+00
3.800000000000000000e+01 9.596347808837890625e-04 5.514586667247963092e+00 1.871771292371001483e+00
3.900000000000000000e+01 9.431838989257812500e-04 5.634629719538128967e+00 1.859791836376413876e+00
4.000000000000000000e+01 9.667873382568359375e-04 5.692899830210773615e+00 1.765009016477885995e+00
4.100000000000000000e+01 9.651899337768554688e-03 5.800498013225046989e+00 1.758051394645485876e+00
4.200000000000000000e+01 9.057521820068359375e-04 5.942723348880890377e+00 1.796105317706760074e+00
4.300000000000000000e+01 1.305818557739257812e-03 6.160839512979430665e+00 1.916601710377228818e+00
4.400000000000000000e+01 1.246452331542968750e-03 6.433815205839677809e+00 2.069825031596349341e+00
4.400000000000000000e+01 2.628564834594726562e-03 2.473679067175206914e+00 0.000000000000000000e+00
4.500000000000000000e+01 1.179695129394531250e-03 6.173898129054466111e+00 0.000000000000000000e+00
4.600000000000000000e+01 1.199722290039062500e-03 6.307309833429546764e+00 7.580963681681157640e-01
4.700000000000000000e+01 1.179933547973632812e-03 6.620916491030227391e+00 7.518662756445889661e-01
4.800000000000000000e+01 1.174688339233398438e-03 7.021335461268959577e+00 8.320626729264618548e-01
4.900000000000000000e+01 1.183986663818359375e-03 7.209370205538224496e+00 8.081928458799878534e-01
5.000000000000000000e+01 1.722574234008789062e-03 7.460923359965349277e+00 8.495837326585843341e-01
5.100000000000000000e+01 1.417160034179687500e-03 7.508299417306171897e+00 7.803754316881207354e-01
5.200000000000000000e+01 1.348733901977539062e-03 7.683094900064800115e+00 8.132055959970632131e-01
5.300000000000000000e+01 1.391410827636718750e-03 7.982107453987302925e+00 9.290875749940012973e-01
5.400000000000000000e+01 1.342773437500000000e-03 8.127563007047349686e+00 9.387895184081976874e-01
5.500000000000000000e+01 1.271486282348632812e-03 8.399771065897978062e+00 1.036057279441638279e+00
5.600000000000000000e+01 1.262187957763671875e-03 8.432490084015876519e+00 9.713421011829400653e-01
5.700000000000000000e+01 1.278638839721679688e-03 8.517427604585819267e+00 9.561126664351209392e-01
5.800000000000000000e+01 1.255035400390625000e-03 8.486844870624082660e+00 8.732407271183102448e-01
5.900000000000000000e+01 1.353263854980468750e-03 8.422318428450516592e+00 7.813676533018009129e-01
6.000000000000000000e+01 1.296758651733398438e-03 8.284772696071078357e+00 6.519803457166712946e-01
6.100000000000000000e+01 1.268386840820312500e-03 8.545222369861322775e+00 8.015326087456401405e-01
6.200000000000000000e+01 1.221895217895507812e-03 8.795574036016516217e+00 9.371449023518602095e-01
6.300000000000000000e+01 1.181125640869140625e-03 9.076375964840512012e+00 1.084954499693915331e+00
6.400000000000000000e+01 1.204729080200195312e-03 9.401609373697286998e+00 1.250314782745065356e+00
6.500000000000000000e+01 1.204967498779296875e-03 9.921107880756325770e+00 1.528095972721683848e+00
6.600000000000000000e+01 1.583337783813476562e-03 1.033256147008813386e+01 1.688418931913643117e+00
6.700000000000000000e+01 1.248121261596679688e-03 1.090204864702540810e+01 1.915878242980602275e+00
6.800000000000000000e+01 1.266241073608398438e-03 1.142032394763015368e+01 2.054814332710092728e+00
6.800000000000000000e+01 2.519607543945312500e-03 8.833994604473431878e+00 0.000000000000000000e+00
6.900000000000000000e+01 1.119852066040039062e-03 1.180361040547806972e+01 0.000000000000000000e+00
7.000000000000000000e+01 1.150846481323242188e-03 1.220113134979962055e+01 8.964173009503193512e-01
7.100000000000000000e+01 1.130342483520507812e-03 1.271495128811941022e+01 9.612377740941135951e-01
7.200000000000000000e+01 1.128911972045898438e-03 1.318374671584553504e+01 1.029821677070589692e+00
7.300000000000000000e+01 1.148939132690429688e-03 1.370947307874894960e+01 1.147369669046998553e+00
7.400000000000000000e+01 1.129388809204101562e-03 1.441493519352981423e+01 1.355603102309705710e+00
7.500000000000000000e+01 1.127481460571289062e-03 1.514066725362097010e+01 1.511507746469136215e+00
7.600000000000000000e+01 1.099109649658203125e-03 1.607511246766613056e+01 1.720880946627272756e+00
7.700000000000000000e+01 1.093626022338867188e-03 1.695931880136132008e+01 1.811121721874522139e+00
7.800000000000000000e+01 1.083374023437500000e-03 1.780395740400921767e+01 1.838782136042631965e+00
7.900000000000000000e+01 1.077890396118164062e-03 1.851269164379615972e+01 1.797108177059278722e+00
8.000000000000000000e+01 1.245498657226562500e-03 1.880112066935276616e+01 1.621054767677142960e+00
8.100000000000000000e+01 1.085281372070312500e-03 1.907276796892632831e+01 1.506751691682046257e+00
8.200000000000000000e+01 1.074552536010742188e-03 1.939898840050709694e+01 1.449193155056117899e+00
8.300000000000000000e+01 1.185417175292968750e-03 1.956162185420067345e+01 1.359643604072969358e+00
8.400000000000000000e+01 1.037120819091796875e-03 1.933647458889342374e+01 1.175421985459793150e+00
8.500000000000000000e+01 1.025199890136718750e-03 1.904238771117683626e+01 1.006497169427943872e+00
8.600000000000000000e+01 1.022100448608398438e-03 1.871459207000654601e+01 8.518582460418723246e-01
8.700000000000000000e+01 1.024723052978515625e-03 1.838401640574497264e+01 7.124545195235044703e-01
8.800000000000000000e+01 9.968280792236328125e-04 1.820219428006059559e+01 6.295503461040323767e-01
8.900000000000000000e+01 9.343624114990234375e-04 1.810072722679959867e+01 5.769825524233999081e-01
9.000000000000000000e+01 9.152889251708984375e-04 1.782869697355968341e+01 4.723134946153832447e-01
9.100000000000000000e+01 9.157657623291015625e-04 1.734168815684773080e+01 3.003455584109790411e-01
9.200000000000000000e+01 9.176731109619140625e-04 1.684483273776751489e+01 1.274253085805836794e-01
9.300000000000000000e+01 9.052753448486328125e-04 1.636587484340181220e+01 -3.878334405578977295e-02
9.400000000000000000e+01 9.098052978515625000e-04 1.605086533518202785e+01 -1.479416727716944824e-01
9.500000000000000000e+01 9.112358093261718750e-04 1.552114798955244623e+01 -3.335793047676561818e-01
9.600000000000000000e+01 9.515285491943359375e-04 1.512071395783208771e+01 -4.719191410143398491e-01
9.700000000000000000e+01 9.200572967529296875e-04 1.466699468723722610e+01 -6.285883960727368658e-01
9.800000000000000000e+01 9.133815765380859375e-04 1.419315495056238241e+01 -7.898956727931083499e-01
9.900000000000000000e+01 9.062290191650390625e-04 1.384166583610415024e+01 -9.006998511548249819e-01
1.000000000000000000e+02 9.150505065917968750e-04 1.363761280441682366e+01 -9.520049038738208624e-01
1.010000000000000000e+02 9.133815765380859375e-04 1.364896979461812521e+01 -9.206471983542734439e-01
1.020000000000000000e+02 9.109973907470703125e-04 1.347695995192590424e+01 -9.606986568563605777e-01
1.030000000000000000e+02 9.076595306396484375e-04 1.331338292838563575e+01 -9.963124541895301833e-01
1.040000000000000000e+02 9.081363677978515625e-04 1.321977495654668822e+01 -1.004412156159887770e+00
1.050000000000000000e+02 9.100437164306640625e-04 1.330521283582020153e+01 -9.452967290043765569e-01
1.060000000000000000e+02 9.875297546386718750e-04 1.332182206902927391e+01 -9.157663472297127294e-01
1.070000000000000000e+02 9.021759033203125000e-04 1.321533525323003744e+01 -9.347648633003717844e-01
1.080000000000000000e+02 9.129047393798828125e-04 1.311259400806916986e+01 -9.521112253077727017e-01
1.090000000000000000e+02 9.179115295410156250e-04 1.305487895039690827e+01 -9.521631814553269679e-01
1.100000000000000000e+02 9.596347808837890625e-04 1.326649471097629984e+01 -8.502813125824261187e-01
1.110000000000000000e+02 9.684562683105468750e-04 1.335362680704006699e+01 -8.001584926923180907e-01
1.120000000000000000e+02 9.214878082275390625e-04 1.358894180339794922e+01 -6.951557866342712444e-01
1.130000000000000000e+02 9.081363677978515625e-04 1.370540422650371681e+01 -6.388858787715561149e-01
1.140000000000000000e+02 9.152889251708984375e-04 1.363638963101653800e+01 -6.560174190498697655e-01
1.150000000000000000e+02 9.064674377441406250e-04 1.345576862974728805e+01 -7.167398575795075333e-01
1.160000000000000000e+02 9.186267852783203125e-04 1.325614771498480060e+01 -7.839930046904365346e-01
1.170000000000000000e+02 9.071826934814453125e-04 1.336190726394428729e+01 -7.294625767719814524e-01
1.180000000000000000e+02 9.284019470214843750e-04 1.345381500282027432e+01 -6.819437627529449930e-01
1.190000000000000000e+02 9.205341339111328125e-04 1.345618728066207304e+01 -6.712938970084211254e-01
1.200000000000000000e+02 1.059532165527343750e-03 1.331420902975354181e+01 -7.189387667796868220e-01
1.210000000000000000e+02 9.765625000000000000e-04 1.327477472065476682e+01 -7.246264173386856022e-01
1.220000000000000000e+02 9.171962738037109375e-04 1.325414599016889916e+01 -7.228298790985606681e-01
1.230000000000000000e+02 9.169578552246093750e-04 1.327263311619513075e+01 -7.053940262030743424e-01
1.240000000000000000e+02 9.126663208007812500e-04 1.336669434649215837e+01 -6.576228797568210993e-01
1.250000000000000000e+02 9.462833404541015625e-04 1.325760453237836423e+01 -6.942155332471177109e-01
1.260000000000000000e+02 9.567737579345703125e-04 1.316489001438969630e+01 -7.236590630310458794e-01
1.270000000000000000e+02 9.458065032958984375e-04 1.303989406732540424e+01 -7.661602941750236262e-01
1.280000000000000000e+02 9.415149688720703125e-04 1.309316883498795114e+01 -7.339594147526006251e-01
1.290000000000000000e+02 9.133815765380859375e-04 1.313945360816613750e+01 -7.054567293563140939e-01
1.300000000000000000e+02 9.322166442871093750e-04 1.320811026185288029e+01 -6.682277060392087797e-01
1.310000000000000000e+02 9.281635284423828125e-04 1.325221863227153918e+01 -6.420450806745671146e-01
1.320000000000000000e+02 9.126663208007812500e-04 1.312071737625178436e+01 -6.906381268828465370e-01
1.330000000000000000e+02 9.071826934814453125e-04 1.314228941360202363e+01 -6.736854256228511639e-01
1.340000000000000000e+02 9.639263153076171875e-04 1.305258338331084644e+01 -7.045843766587668311e-01
1.350000000000000000e+02 9.241104125976562500e-04 1.299403448286866158e+01 -7.218429450254493229e-01
1.360000000000000000e+02 9.243488311767578125e-04 1.302101254924612483e+01 -7.022295359343405652e-01
1.370000000000000000e+02 9.067058563232421875e-04 1.298653060310672913e+01 -7.095592826609736781e-01
1.380000000000000000e+02 9.922981262207031250e-04 1.288585107729695522e+01 -7.455849564499720250e-01
1.390000000000000000e+02 9.324550628662109375e-04 1.266934360289004680e+01 -8.315221180391922928e-01
1.400000000000000000e+02 9.255409240722656250e-04 1.264547827766323884e+01 -8.322074225535069925e-01
1.410000000000000000e+02 9.262561798095703125e-04 1.265948937438209576e+01 -8.165059838355493982e-01
1.420000000000000000e+02 9.243488311767578125e-04 1.276164455062779624e+01 -7.626868716673412818e-01
1.430000000000000000e+02 9.531974792480468750e-04 1.293844064742900457e+01 -6.771430262723598936e-01
1.440000000000000000e+02 9.229183197021484375e-04 1.312832436019998283e+01 -5.870888472180216811e-01
1.450000000000000000e+02 9.245872497558593750e-04 1.340170903536721170e+01 -4.611117647005785192e-01
1.460000000000000000e+02 9.202957153320312500e-04 1.353332695424497345e+01 -3.990543095521665307e-01
1.470000000000000000e+02 9.160041809082031250e-04 1.393060254232972461e+01 -2.186128750844830992e-01
1.480000000000000000e+02 9.367465972900390625e-04 1.438980963902895738e+01 -1.073286453090711856e-02
1.490000000000000000e+02 9.284019470214843750e-04 1.484142968494935566e+01 1.936636341163932018e-01
1.500000000000000000e+02 9.455680847167968750e-04 1.536590936817788311e+01 4.311679341791938569e-01
1.510000000000000000e+02 9.350776672363281250e-04 1.599657264795250455e+01 7.165975356381323325e-01
1.520000000000000000e+02 9.467601776123046875e-04 1.669975022257735375e+01 1.032794705313409445e+00
1.530000000000000000e+02 9.329319000244140625e-04 1.763875733874357010e+01 1.450992861466938511e+00
1.540000000000000000e+02 9.179115295410156250e-04 1.867960611598060439e+01 1.899468895438485516e+00
1.550000000000000000e+02 9.608268737792968750e-04 1.973147692794065478e+01 2.322637193070133499e+00
1.550000000000000000e+02 2.047777175903320312e-03 1.769704392079041355e+01 0.000000000000000000e+00
1.560000000000000000e+02 9.424686431884765625e-04 2.071046896184076758e+01 0.000000000000000000e+00
1.570000000000000000e+02 9.298324584960937500e-04 2.169237619095463288e+01 1.167920141893538100e+00
1.580000000000000000e+02 9.233951568603515625e-04 2.263010871400808455e+01 1.247287168177714900e+00
1.590000000000000000e+02 9.303092956542968750e-04 2.366706699527430757e+01 1.395269244830420474e+00
1.600000000000000000e+02 9.202957153320312500e-04 2.470164892643429511e+01 1.498845888928543424e+00
1.610000000000000000e+02 9.174346923828125000e-04 2.531463856830718839e+01 1.400294981401285943e+00
1.620000000000000000e+02 9.202957153320312500e-04 2.601322116762864312e+01 1.405019928308483879e+00
1.630000000000000000e+02 9.174346923828125000e-04 2.655499308489153165e+01 1.367597957812500153e+00
1.640000000000000000e+02 9.338855743408203125e-04 2.704899722286682717e+01 1.341288091736407839e+00
1.650000000000000000e+02 9.217262268066406250e-04 2.750012465090572178e+01 1.320528314358346167e+00
1.660000000000000000e+02 9.217262268066406250e-04 2.790177321580197045e+01 1.299103920839508097e+00
1.670000000000000000e+02 9.350776672363281250e-04 2.806681133795330396e+01 1.215347635169308660e+00
1.680000000000000000e+02 9.233951568603515625e-04 2.788599962306604851e+01 1.047984564149565090e+00
1.690000000000000000e+02 9.334087371826171875e-04 2.787638700960043536e+01 9.693454656910170941e-01
1.700000000000000000e+02 9.343624114990234375e-04 2.771001090458709371e+01 8.558403683803126327e-01
1.710000000000000000e+02 9.377002716064453125e-04 2.740791752726637398e+01 7.138234950156443492e-01
1.720000000000000000e+02 9.231567382812500000e-04 2.712400770761497526e+01 5.903146994118451119e-01
1.730000000000000000e+02 9.424686431884765625e-04 2.706476638746987362e+01 5.491165976376357616e-01
1.740000000000000000e+02 9.214878082275390625e-04 2.701677793336026667e+01 5.145381499491681332e-01
1.750000000000000000e+02 1.210689544677734375e-03 2.713382408626423015e+01 5.393415174847480120e-01
1.760000000000000000e+02 9.269714355468750000e-04 2.709714097651976772e+01 5.102387189305696014e-01
1.770000000000000000e+02 9.241104125976562500e-04 2.670129722199119726e+01 3.535438988675665417e-01
1.780000000000000000e+02 1.100063323974609375e-03 2.604932611060422332e+01 1.056746982748909547e-01
1.790000000000000000e+02 9.236335754394531250e-04 2.525426508649520585e+01 -1.950011663246206395e-01
1.800000000000000000e+02 9.198188781738281250e-04 2.466865662580745422e+01 -4.155068761104965258e-01
1.810000000000000000e+02 9.422302246093750000e-04 2.423503872712041840e+01 -5.753861615740439861e-01
1.820000000000000000e+02 9.241104125976562500e-04 2.356842224160425303e+01 -8.247999261753996558e-01
1.830000000000000000e+02 9.388923645019531250e-04 2.266092766930313118e+01 -1.161233532894998755e+00
1.840000000000000000e+02 9.520053863525390625e-04 2.184830982415954637e+01 -1.436522565999361012e+00
1.850000000000000000e+02 9.276866912841796875e-04 2.101590564024956720e+01 -1.689064894830674346e+00
1.860000000000000000e+02 9.453296661376953125e-04 2.031315486524344394e+01 -1.854175275346356955e+00
1.870000000000000000e+02 9.188652038574218750e-04 1.986640210796651118e+01 -1.895106300537497068e+00
1.880000000000000000e+02 9.191036224365234375e-04 1.899291508399172912e+01 -2.076942005473751518e+00
1.890000000000000000e+02 1.593351364135742188e-03 1.825326692162466458e+01 -2.173014031158847725e+00
1.900000000000000000e+02 9.322166442871093750e-04 1.783232633659471134e+01 -2.141893887087733983e+00
1.910000000000000000e+02 9.281635284423828125e-04 1.760938559067771791e+01 -2.054324790194607786e+00
1.920000000000000000e+02 9.489059448242187500e-04 1.746007947920199754e+01 -1.961351890026838962e+00
1.930000000000000000e+02 9.276866912841796875e-04 1.728636605171084284e+01 -1.891508131727598796e+00
1.940000000000000000e+02 9.288787841796875000e-04 1.705041865208648133e+01 -1.849892189178705237e+00
1.950000000000000000e+02 9.236335754394531250e-04 1.701230919587646540e+01 -1.762026005674767859e+00
1.960000000000000000e+02 9.195804595947265625e-04 1.711406276596531484e+01 -1.650738311038293826e+00
1.970000000000000000e+02 9.183883666992187500e-04 1.732513578369978902e+01 -1.526280106379521273e+00
1.980000000000000000e+02 9.417533874511718750e-04 1.764543357015176639e+01 -1.388688391072772310e+00
1.990000000000000000e+02 9.546279907226562500e-04 1.802439183775821263e+01 -1.249727167201277522e+00
2.000000000000000000e+02 9.934902191162109375e-04 1.825164396564565550e+01 -1.158873744366107239e+00
2.010000000000000000e+02 9.660720825195312500e-04 1.852842609458830481e+01 -1.061989427086265092e+00
2.020000000000000000e+02 9.915828704833984375e-04 1.860982556031844837e+01 -1.018317869383784435e+00
2.030000000000000000e+02 9.274482727050781250e-04 1.884834086551641974e+01 -9.386241111360172917e-01
2.040000000000000000e+02 9.281635284423828125e-04 1.861250555892850755e+01 -9.785261760500127970e-01
2.050000000000000000e+02 9.255409240722656250e-04 1.855417719437714652e+01 -9.738497359518943908e-01
2.060000000000000000e+02 1.571655273437500000e-03 1.834895997018016089e+01 -1.005739027046352430e+00
2.070000000000000000e+02 9.541511535644531250e-04 1.897808586379370155e+01 -8.322192358442437321e-01
2.080000000000000000e+02 9.477138519287109375e-04 1.931941125517069224e+01 -7.350960883724765305e-01
2.090000000000000000e+02 9.665489196777343750e-04 1.979540491138961400e+01 -6.071087618086882243e-01
2.100000000000000000e+02 9.348392486572265625e-04 2.040884266306759187e+01 -4.471729428470168632e-01
2.110000000000000000e+02 9.291172027587890625e-04 2.055621412339753817e+01 -4.055366708166400214e-01
2.120000000000000000e+02 9.322166442871093750e-04 2.139603776209357733e+01 -1.895928833455213791e-01
2.130000000000000000e+02 9.925365447998046875e-04 2.159375436034906315e+01 -1.376195246570109665e-01
2.140000000000000000e+02 9.341239929199218750e-04 2.159131540856984444e+01 -1.370720923837925875e-01
2.150000000000000000e+02 9.527206420898437500e-04 2.148805449675598922e+01 -1.626420331966738075e-01
2.160000000000000000e+02 9.284019470214843750e-04 2.169971395035781470e+01 -1.060725987165329343e-01
2.170000000000000000e+02 9.331703186035156250e-04 2.236534067387729152e+01 6.985526830897437200e-02
2.180000000000000000e+02 9.303092956542968750e-04 2.222873536415558959e+01 3.308306450770599066e-02
2.190000000000000000e+02 5.004882812500000000e-03 2.216805613251133522e+01 1.660881302252785810e-02
2.200000000000000000e+02 2.556645870208740234e-01 1.396929942995776855e+03 3.703731485946590851e+02
2.200000000000000000e+02 9.489059448242187500e-04 2.613912097063805895e+00 0.000000000000000000e+00
2.210000000000000000e+02 2.468507289886474609e-01 2.393541636917664164e+03 1.292864478465814500e+03
2.210000000000000000e+02 1.197814941406250000e-03 8.626702447933805473e+00 0.000000000000000000e+00
2.220000000000000000e+02 1.376390457153320312e-03 7.724581466442738353e+00 -8.549954715205420053e-01
2.230000000000000000e+02 1.200437545776367188e-03 7.768702154451137432e+00 -6.525826648863034540e-01
2.240000000000000000e+02 1.192331314086914062e-03 7.896619927246406156e+00 -5.289784498260784451e-01
2.250000000000000000e+02 1.196146011352539062e-03 8.040398285507905030e+00 -4.367541447614108341e-01
2.260000000000000000e+02 1.186609268188476562e-03 8.099877749752440792e+00 -3.833637176280914050e-01
2.270000000000000000e+02 1.194238662719726562e-03 8.331216218607709223e+00 -2.894219311669228856e-01
2.280000000000000000e+02 1.192331314086914062e-03 8.398463640167664224e+00 -2.512547496144944548e-01
2.290000000000000000e+02 1.186132431030273438e-03 8.386641644946198682e+00 -2.416673042865909171e-01
2.300000000000000000e+02 1.191377639770507812e-03 8.511657943485152700e+00 -1.867787424551133335e-01
2.310000000000000000e+02 1.180410385131835938e-03 8.518942052929775244e+00 -1.760230050475345420e-01
2.320000000000000000e+02 1.188516616821289062e-03 8.422398431437875033e+00 -2.057223198379848073e-01
2.330000000000000000e+02 1.181125640869140625e-03 8.502742581430720037e+00 -1.661187724396302468e-01
2.340000000000000000e+02 1.183271408081054688e-03 8.678414755956705307e+00 -8.792559539486932696e-02
2.350000000000000000e+02 1.200675964355468750e-03 8.714759448028436495e+00 -6.958637992885713386e-02
2.360000000000000000e+02 1.188278198242187500e-03 9.147658557441477711e+00 1.241898111580334446e-01
2.370000000000000000e+02 1.199245452880859375e-03 9.566675561457469001e+00 3.122105163970142483e-01
2.380000000000000000e+02 1.185894012451171875e-03 1.009272695880723525e+01 5.502420077723157998e-01
2.390000000000000000e+02 1.190662384033203125e-03 1.036010639446469206e+01 6.601230573531809975e-01
2.400000000000000000e+02 1.189708709716796875e-03 1.081974385085814383e+01 8.608736693066941781e-01
2.410000000000000000e+02 1.183271408081054688e-03 1.093460818256344069e+01 8.823350618166404535e-01
2.420000000000000000e+02 1.195430755615234375e-03 1.098839837994586155e+01 8.739827551644474557e-01
2.430000000000000000e+02 1.207351684570312500e-03 1.117354318738203034e+01 9.331154227568003723e-01
2.440000000000000000e+02 1.217365264892578125e-03 1.137323957107848749e+01 9.970256258903448243e-01
2.450000000000000000e+02 1.205921173095703125e-03 1.172503583088804646e+01 1.133603910483367949e+00
2.460000000000000000e+02 1.215934753417968750e-03 1.197492897787065935e+01 1.209016376508037283e+00
2.470000000000000000e+02 1.208543777465820312e-03 1.236513618834382555e+01 1.347519627925649610e+00
2.480000000000000000e+02 1.225233078002929688e-03 1.296068215057791484e+01 1.571189636717740479e+00
2.490000000000000000e+02 1.218795776367187500e-03 1.324950460148059506e+01 1.617918875183972371e+00
2.500000000000000000e+02 1.230001449584960938e-03 1.359029168835036927e+01 1.681890988339726389e+00
2.510000000000000000e+02 1.211643218994140625e-03 1.401741763085445136e+01 1.774508272930403363e+00
2.520000000000000000e+02 1.220464706420898438e-03 1.376274220938665138e+01 1.553972517199625036e+00
2.530000000000000000e+02 1.215219497680664062e-03 1.319675276348120896e+01 1.234792897894926966e+00
2.540000000000000000e+02 1.087188720703125000e-03 1.270247346031237612e+01 9.805047814964230612e-01
2.550000000000000000e+02 9.112358093261718750e-04 1.220746047532983880e+01 7.435517353009400976e-01
2.560000000000000000e+02 9.114742279052734375e-04 1.164646197716138154e+01 4.882936425174191908e-01
2.570000000000000000e+02 9.083747863769531250e-04 1.129878084252452020e+01 3.302518233650883483e-01
2.580000000000000000e+02 9.117126464843750000e-04 1.075045936245052047e+01 8.605232736511352065e-02
2.590000000000000000e+02 9.100437164306640625e-04 1.037469854768077404e+01 -8.132681221564559693e-02
2.600000000000000000e+02 9.107589721679687500e-04 1.049742129194628681e+01 -2.530814302011333977e-02
2.610000000000000000e+02 9.133815765380859375e-04 1.090004839757637711e+01 1.577859568002828450e-01
2.620000000000000000e+02 9.181499481201171875e-04 1.121865210430181570e+01 3.022925760910648019e-01
2.630000000000000000e+02 9.057521820068359375e-04 1.129456921293035698e+01 3.337849610062240679e-01
2.640000000000000000e+02 9.093284606933593750e-04 1.116903649479201022e+01 2.707009826411590492e-01
2.650000000000000000e+02 9.417533874511718750e-04 1.101930781917891622e+01 1.964789397219864064e-01
2.660000000000000000e+02 9.520053863525390625e-04 1.084608534541833791e+01 1.112119759898965859e-01
2.670000000000000000e+02 9.119510650634765625e-04 1.073798938571675876e+01 5.762083330743936888e-02
2.680000000000000000e+02 9.131431579589843750e-04 1.035062038610498547e+01 -1.328205654787772694e-01
2.690000000000000000e+02 9.055137634277343750e-04 1.008542818180707101e+01 -2.627841518206903704e-01
2.700000000000000000e+02 9.155273437500000000e-04 9.882440317766986837e+00 -3.615024637209530156e-01
2.710000000000000000e+02 9.448528289794921875e-04 9.638070989443844994e+00 -4.808027134843096961e-01
2.720000000000000000e+02 9.133815765380859375e-04 9.393927409906778436e+00 -5.992605251645855002e-01
2.730000000000000000e+02 9.100437164306640625e-04 9.443835365735763432e+00 -5.661242060495583761e-01
2.740000000000000000e+02 9.055137634277343750e-04 9.192697920344000906e+00 -6.885523756876944512e-01
2.750000000000000000e+02 9.293556213378906250e-04 9.188356719055299493e+00 -6.816500862784820036e-01
2.760000000000000000e+02 9.131431579589843750e-04 9.459784209656868725e+00 -5.316864104272304159e-01
2.770000000000000000e+02 9.107589721679687500e-04 9.506095377937651136e+00 -5.015244939839093030e-01
2.780000000000000000e+02 9.191036224365234375e-04 9.399332829506175102e+00 -5.524086561649316218e-01
2.790000000000000000e+02 9.088516235351562500e-04 9.656659567005391409e+00 -4.099645205355838540e-01
2.800000000000000000e+02 9.083747863769531250e-04 9.790662771049955637e+00 -3.344819471826582791e-01
2.810000000000000000e+02 9.055137634277343750e-04 9.866737613584341204e+00 -2.905520239884654687e-01
2.820000000000000000e+02 9.078979492187500000e-04 9.735971207452061904e+00 -3.589012729603968666e-01
2.830000000000000000e+02 9.064674377441406250e-04 9.899026953261433448e+00 -2.667293131540717233e-01
2.840000000000000000e+02 9.121894836425781250e-04 1.009431306763680958e+01 -1.571467955423150320e-01
2.850000000000000000e+02 9.093284606933593750e-04 1.023707523985146928e+01 -7.682182240234858295e-02
2.860000000000000000e+02 9.219646453857421875e-04 1.017680642184191697e+01 -1.098947452250527701e-01
2.870000000000000000e+02 9.372234344482421875e-04 1.022648437161856272e+01 -8.112602308208564927e-02
2.880000000000000000e+02 9.453296661376953125e-04 1.035282242352011828e+01 -8.923508398853908369e-03
2.890000000000000000e+02 9.098052978515625000e-04 1.035104899554249336e+01 -9.872219713317536768e-03
2.900000000000000000e+02 9.117126464843750000e-04 1.050867017528054781e+01 8.086122088462223412e-02
2.910000000000000000e+02 9.293556213378906250e-04 1.059992481010062981e+01 1.331603826238620669e-01
2.920000000000000000e+02 9.164810180664062500e-04 1.083196106540435011e+01 2.675935304254259406e-01
2.930000000000000000e+02 9.202957153320312500e-04 1.077473279041207910e+01 2.320447125193821347e-01
2.940000000000000000e+02 9.121894836425781250e-04 1.070987517214232554e+01 1.920757492165479918e-01
2.950000000000000000e+02 4.509472846984863281e-02 1.358759052297378275e+03 8.021588321296807180e+02
2.950000000000000000e+02 7.889270782470703125e-04 1.683213277200749314e+00 0.000000000000000000e+00
2.960000000000000000e+02 1.264436244964599609e-01 1.198261478219870924e+03 1.004642146129303569e+03
2.960000000000000000e+02 9.477138519287109375e-04 1.168940854274366670e+00 0.000000000000000000e+00
2.970000000000000000e+02 1.398086547851562500e-03 1.818467494203152679e+00 7.870661557434130429e-02
2.980000000000000000e+02 9.171962738037109375e-04 1.456670099913837779e+00 -5.436906269812172843e-01
2.990000000000000000e+02 9.961128234863281250e-04 1.642678453707778763e+00 -1.047827249984243647e-01
