6	0.0448s	4343	4343
7	0.0336s	4518	4518
8	0.0354s	4557	4557
9	0.0311s	5412	5412
10	0.0400s	5291	5291
11	0.0334s	5732	5732
12	0.0350s	6190	6190
13	0.0299s	6070	6070
14	0.0288s	6654	6654
15	0.0380s	6657	6657
16	0.0387s	7111	7111
17	0.0303s	7404	7404
18	0.0321s	7228	7228
19	0.0299s	7737	7737
20	0.0276s	7692	7692
21	0.0416s	8279	8279
22	0.0352s	8952	8952
23	0.0311s	8692	8692
24	0.0289s	9531	9531
25	0.0320s	9353	9353
26	0.0303s	9777	9777
27	0.0307s	9586	9586
28	0.0313s	9211	9211
29	0.0309s	9264	9264
30	0.0314s	8942	8942
31	0.0320s	8925	8925
32	0.0313s	8927	8927
33	0.0320s	8689	8689
34	0.0339s	8648	8648
35	0.0399s	8477	8477
36	0.0386s	8480	8480
37	0.0392s	8528	8528
38	0.0406s	8410	8410
39	0.0363s	8441	8441
40	0.0349s	8304	8304
41	0.0334s	8321	8321
42	0.0337s	8325	8325
43	0.0340s	8201	8201
44	0.0343s	8212	8212
45	0.0428s	8084	8084
46	0.0365s	8081	8081
47	0.0385s	8038	8038
48	0.0377s	7906	7906
49	0.0358s	7884	7884
50	0.0366s	7738	7738
51	0.0357s	7678	7678
52	0.0390s	7586	7586
53	0.0390s	7461	7461
54	0.0365s	7375	7375
55	0.0370s	7250	7250
56	0.0375s	7162	7162
57	0.0378s	7117	7117
58	0.0379s	7054	7054
59	0.0393s	7137	7137
60	0.0382s	7136	7136
61	0.0395s	7490	7490
62	0.0432s	8063	8063
63	0.0425s	8068	8068
64	0.0404s	8036	8036
65	0.0551s	8209	8209
66	0.0422s	8253	8253
67	0.0406s	8214	8214
68	0.0400s	8136	8136
69	0.0444s	8089	8089
70	0.0422s	7959	7959
71	0.0415s	7832	7832
72	0.0502s	7726	7726
73	0.0428s	7611	7611
74	0.0444s	7518	7518
75	0.0430s	7384	7384
76	0.0563s	7256	7256
77	0.0563s	7174	7174
78	0.0446s	7100	7100
79	0.0490s	7123	7123
80	0.0460s	7185	7185
81	0.0448s	7188	7188
82	0.0524s	7305	7305
83	0.0557s	7346	7346
84	0.0468s	7241	7241
85	0.0459s	7141	7141
86	0.0498s	7079	7079
87	0.0478s	7010	7010
88	0.0475s	6940	6940
89	0.0467s	6869	6869
90	0.0532s	6793	6793
91	0.0487s	6756	6756
92	0.0502s	6748	6748
93	0.0478s	6698	6698
94	0.0544s	6720	6720
95	0.0506s	6788	6788
96	0.0768s	7200	7200
97	0.0494s	8023	8023
98	0.0493s	8432	8432
99	0.0559s	9020	9020
100	0.0510s	9201	9201
101	0.0506s	9701	9701
102	0.0550s	10325	10325
103	0.0597s	10311	10311
104	0.0511s	10618	10618
105	0.0547s	10503	10503
106	0.0520s	10672	10672
107	0.0664s	10793	10793
108	0.0564s	10600	10600
109	0.0546s	11107	11107
110	0.0608s	11295	11295
111	0.0576s	11858	11858
112	0.0539s	11932	11932
113	0.0626s	11865	11865
114	0.0635s	12061	12061
115	0.0556s	11864	11864
116	0.0537s	12184	12184
117	0.0643s	12502	12502
118	0.0536s	12597	12597
119	0.0563s	12685	12685
120	0.0612s	12433	12433
121	0.0573s	12320	12320
122	0.0560s	12258	12258
123	0.0671s	12107	12107
124	0.0589s	11919	11919
125	0.0657s	11596	11596
126	0.0739s	11582	11582
127	30.0592s	7272	25961
128	0.0662s	7064	7064
129	0.0698s	6999	6999
130	0.0629s	6957	6957
131	0.0634s	6923	6923
132	0.0718s	6895	6895
133	0.0643s	6867	6867
134	0.0669s	6841	6841
135	0.0760s	6819	6819
136	0.0740s	6840	6840
137	0.0656s	6899	6899
138	0.0665s	6907	6907
139	0.0638s	6967	6967
140	0.0679s	6964	6964
141	0.0727s	6963	6963
142	0.0687s	7026	7026
143	0.0742s	7069	7069
144	0.0776s	7123	7123
145	0.0777s	7209	7209
146	0.0730s	7479	7479
147	0.0918s	7502	7502
148	0.0786s	7495	7495
149	0.0734s	7585	7585
150	0.0735s	7655	7655
151	0.0728s	7878	7878
152	0.0722s	8307	8307
153	0.0675s	8699	8699
154	0.0720s	9232	9232
155	0.0716s	9183	9183
156	0.0731s	9081	9081
157	0.0680s	9035	9035
158	0.0771s	9101	9101
159	0.0742s	9338	9338
160	0.0741s	9389	9389
161	0.0747s	9409	9409
162	0.0792s	9433	9433
163	0.0739s	9419	9419
164	0.0735s	9430	9430
165	0.0730s	9414	9414
166	0.0818s	9226	9226
167	0.0723s	9030	9030
168	0.0761s	8965	8965
169	0.0859s	8879	8879
170	0.0779s	8821	8821
171	0.0819s	8777	8777
172	0.0781s	8780	8780
173	0.0863s	8754	8754
174	0.0774s	8730	8730
175	0.0760s	8702	8702
176	0.0753s	8674	8674
177	0.0799s	8635	8635
178	0.0801s	8601	8601
179	0.0734s	8559	8559
180	0.0815s	8520	8520
181	0.0873s	8473	8473
182	0.0787s	8441	8441
183	0.0863s	8409	8409
184	0.0818s	8395	8395
185	0.0802s	8368	8368
186	0.0909s	8350	8350
187	0.0789s	8337	8337
188	0.0800s	8306	8306
189	0.0815s	8296	8296
190	0.0807s	8279	8279
191	0.0920s	8276	8276
192	0.0821s	8259	8259
193	0.0903s	8246	8246
194	0.0831s	8246	8246
195	0.0812s	8237	8237
196	31.0804s	13893	18347
197	0.0861s	13632	13632
198	0.0840s	13413	13413
199	0.0900s	13320	13320
200	0.0923s	13134	13134
201	0.1006s	12951	12951
202	0.1018s	12732	12732
203	0.0932s	12541	12541
204	0.0931s	12455	12455
205	0.1106s	12283	12283
